# UNIF(n=184,lo,hi): D_ren + dipoles; lines "lo hi level amplitude" for the corrected intervals
158 158 158 16/343
158 158 157 -3/761
159 159 159 13/411
159 159 158 -3/961
160 160 160 41/711
160 160 159 0
161 161 161 26/815
161 161 160 -4/509
162 162 162 38/547
162 162 161 1/253
163 163 163 26/795
163 163 162 -12/941
164 164 164 67/813
164 164 163 3/379
165 165 165 48/529
165 165 164 17/209
166 166 166 29/299
166 166 165 2/167
165 167 167 53/651
165 167 166 47/739
167 167 167 71/674
167 167 166 71/725
166 168 168 50/557
166 168 167 6/923
168 168 168 102/895
168 168 167 15/923
167 169 169 43/407
167 169 168 40/413
169 169 169 69/569
169 169 168 83/725
168 170 170 89/767
168 170 169 13/802
170 170 170 127/944
170 170 169 6/287
167 171 171 81/689
167 171 170 31/271
169 171 171 109/816
169 171 170 38/283
171 171 171 23/163
171 171 170 16/119
168 172 172 104/791
168 172 171 5/218
170 172 172 9/163
170 172 171 -31/946
172 172 172 67/417
172 172 171 26/993
167 173 173 33/230
167 173 172 142/921
169 173 173 23/147
169 173 172 137/805
171 173 173 97/578
171 173 172 176/981
172 173 173 162/937
172 173 172 91/313
173 173 173 89/533
173 173 172 110/689
166 174 174 59/398
166 174 173 29/931
168 174 174 117/719
168 174 173 37/1000
170 174 174 139/792
170 174 173 31/772
171 174 174 176/971
171 174 173 82/891
172 174 174 44/735
172 174 173 -19/432
173 174 174 11/667
173 174 173 -1/156
174 174 174 184/939
174 174 173 24/739
165 175 175 47/267
165 175 174 98/477
167 175 175 129/689
167 175 174 173/780
169 175 175 14/71
169 175 174 127/543
170 175 175 143/709
170 175 174 181/592
171 175 175 7/34
171 175 174 183/761
172 175 175 133/634
172 175 174 268/805
173 175 175 115/539
173 175 174 159/665
174 175 175 86/397
174 175 174 140/383
175 175 175 44/217
175 175 174 177/916
164 176 176 139/724
164 176 175 47/952
166 176 176 9/44
166 176 175 43/773
167 176 176 175/832
167 176 175 43/518
168 176 176 41/190
168 176 175 55/914
169 176 176 150/679
169 176 175 74/791
170 176 176 72/319
170 176 175 1/16
171 176 176 206/895
171 176 175 66/629
172 176 176 97/414
172 176 175 59/956
173 176 176 5/21
173 176 175 34/287
174 176 176 43/178
174 176 175 31/555
175 176 176 81/331
175 176 175 27/197
176 176 176 26/337
176 176 175 -2/27
163 177 177 31/415
163 177 176 -1/80
164 177 177 62/973
164 177 176 -1/128
165 177 177 62/869
165 177 176 -3/140
166 177 177 29/495
166 177 176 -13/906
167 177 177 35/509
167 177 176 -25/836
168 177 177 24/449
168 177 176 -7/356
169 177 177 19/283
169 177 176 -25/656
170 177 177 46/957
170 177 176 -9/383
171 177 177 226/833
171 177 176 213/620
172 177 177 174/635
172 177 176 297/712
173 177 177 133/481
173 177 176 158/463
174 177 177 247/886
174 177 176 199/450
175 177 177 65/883
175 177 176 -66/989
176 177 177 17/763
176 177 176 -13/723
177 177 177 63/733
177 177 176 -34/405
160 178 178 263/979
160 178 177 65/844
161 178 178 156/569
161 178 177 87/956
162 178 178 223/798
162 178 177 41/491
163 178 178 167/587
163 178 177 82/827
164 178 178 46/159
164 178 177 35/393
165 178 178 226/769
165 178 177 84/785
166 178 178 286/959
166 178 177 29/310
167 178 178 296/979
167 178 177 88/767
168 178 178 271/885
168 178 177 95/982
169 178 178 22/71
169 178 177 84/685
170 178 178 26/83
170 178 177 96/977
171 178 178 287/907
171 178 177 95/724
172 178 178 221/692
172 178 177 63/647
173 178 178 181/562
173 178 177 61/431
174 178 178 86/265
174 178 177 66/713
175 178 178 116/355
175 178 177 151/969
176 178 178 311/946
176 178 177 38/473
177 178 178 313/947
177 178 177 41/228
178 178 178 257/774
178 178 177 14/275
153 179 179 196/573
153 179 178 260/577
154 179 179 342/989
154 179 178 395/846
155 179 179 210/601
155 179 178 331/712
156 179 179 6/17
156 179 178 227/471
157 179 179 326/915
157 179 178 185/387
158 179 179 247/687
158 179 178 324/653
159 179 179 169/466
159 179 178 417/851
160 179 179 328/897
160 179 178 504/989
161 179 179 307/833
161 179 178 337/673
162 179 179 88/237
162 179 178 222/425
163 179 179 221/591
163 179 178 151/296
164 179 179 291/773
164 179 178 271/507
165 179 179 197/520
165 179 178 158/305
166 179 179 335/879
166 179 178 525/961
167 179 179 87/227
167 179 178 65/124
168 179 179 309/802
168 179 178 553/991
169 179 179 139/359
169 179 178 431/816
170 179 179 289/743
170 179 178 548/961
171 179 179 25/64
171 179 178 208/393
172 179 179 20/51
172 179 178 504/863
173 179 179 379/963
173 179 178 71/135
174 179 179 92/233
174 179 178 403/670
175 179 179 318/803
175 179 178 500/971
176 179 179 27/68
176 179 178 457/728
177 179 179 236/593
177 179 178 327/670
178 179 179 341/871
178 179 178 659/995
179 179 179 108/311
179 179 178 23/73
145 180 180 138/349
145 180 179 31/300
146 180 180 323/806
146 180 179 89/852
147 180 180 397/978
147 180 179 1/9
148 180 180 247/601
148 180 179 20/179
149 180 180 403/969
149 180 179 16/135
150 180 180 114/271
150 180 179 83/700
151 180 180 390/917
151 180 179 85/677
152 180 180 251/584
152 180 179 1/8
153 180 180 389/896
153 180 179 16/121
154 180 180 409/933
154 180 179 69/527
155 180 180 296/669
155 180 179 23/166
156 180 180 229/513
156 180 179 109/799
157 180 180 113/251
157 180 179 61/422
158 180 180 182/401
158 180 179 85/601
159 180 180 263/575
159 180 179 32/213
160 180 180 47/102
160 180 179 88/603
161 180 180 458/987
161 180 179 127/816
162 180 180 391/837
162 180 179 137/914
163 180 180 118/251
163 180 179 55/342
164 180 180 376/795
164 180 179 135/881
165 180 180 420/883
165 180 179 101/609
166 180 180 428/895
166 180 179 77/494
167 180 180 273/568
167 180 179 109/638
168 180 180 212/439
168 180 179 99/628
169 180 180 276/569
169 180 179 47/267
170 180 180 433/889
170 180 179 157/992
171 180 180 243/497
171 180 179 2/11
172 180 180 289/589
172 180 179 86/547
173 180 180 413/839
173 180 179 169/895
174 180 180 353/715
174 180 179 139/906
175 180 180 348/703
175 180 179 100/503
176 180 180 326/657
176 180 179 139/963
177 180 180 449/903
177 180 179 30/139
178 180 180 400/803
178 180 179 97/789
179 180 180 451/904
179 180 179 159/629
180 180 180 499/999
180 180 179 13/205
129 181 181 127/396
129 181 180 179/869
130 181 181 232/719
130 181 180 159/749
131 181 181 221/678
131 181 180 204/937
132 181 181 315/961
132 181 180 199/889
133 181 181 241/728
133 181 180 145/633
134 181 181 181/544
134 181 180 106/451
135 181 181 85/253
135 181 180 229/954
136 181 181 27/80
136 181 180 237/964
137 181 181 307/901
137 181 180 193/770
138 181 181 13/38
138 181 180 254/991
139 181 181 297/860
139 181 180 257/985
140 181 181 341/984
140 181 180 211/792
141 181 181 191/546
141 181 180 205/757
142 181 181 274/781
142 181 180 29/105
143 181 181 346/977
143 181 180 263/938
144 181 181 257/724
144 181 180 2/7
145 181 181 253/706
145 181 180 42/145
146 181 181 14/39
146 181 180 176/597
147 181 181 278/767
147 181 180 66/221
148 181 181 332/915
148 181 180 270/889
149 181 181 343/936
149 181 180 154/501
150 181 181 158/431
150 181 180 169/541
151 181 181 363/980
151 181 180 248/785
152 181 181 107/289
152 181 180 189/589
153 181 181 329/879
153 181 180 12/37
154 181 181 357/955
154 181 180 325/987
155 181 181 340/899
155 181 180 329/989
156 181 181 20/53
156 181 180 26/77
157 181 181 193/505
157 181 180 265/777
158 181 181 379/995
158 181 180 9/26
159 181 181 209/541
159 181 180 164/469
160 181 181 343/892
160 181 180 301/848
161 181 181 93/238
161 181 180 315/878
162 181 181 153/394
162 181 180 286/785
163 181 181 55/139
163 181 180 337/914
164 181 181 343/874
164 181 180 323/862
165 181 181 226/563
165 181 180 84/221
166 181 181 361/909
166 181 180 321/830
167 181 181 279/683
167 181 180 310/787
168 181 181 288/715
168 181 180 363/904
169 181 181 61/146
169 181 180 208/505
170 181 181 162/395
170 181 180 8/19
171 181 181 97/225
171 181 180 349/798
172 181 181 415/987
172 181 180 312/695
173 181 181 447/989
173 181 180 136/285
174 181 181 272/623
174 181 180 376/763
175 181 181 395/808
175 181 180 543/991
176 181 181 167/359
176 181 180 133/233
177 181 181 321/613
177 181 180 555/919
178 181 181 38/79
178 181 180 584/917
179 181 181 665/998
179 181 180 721/828
180 181 181 267/452
180 181 180 677/704
181 181 181 74/137
181 181 180 327/749
97 182 182 109/834
97 182 181 29/625
98 182 182 45/337
98 182 181 26/551
99 182 182 111/815
99 182 181 43/897
100 182 182 46/331
100 182 181 17/349
101 182 182 63/445
101 182 181 40/809
102 182 182 101/700
102 182 181 38/757
103 182 182 127/865
103 182 181 39/766
104 182 182 71/475
104 182 181 36/697
105 182 182 43/283
105 182 181 49/936
106 182 182 138/893
106 182 181 51/961
107 182 182 121/771
107 182 181 53/986
108 182 182 133/834
108 182 181 11/202
109 182 182 111/686
109 182 181 7/127
110 182 182 23/140
110 182 181 49/878
111 182 182 166/997
111 182 181 7/124
112 182 182 49/290
112 182 181 57/998
113 182 182 165/964
113 182 181 35/606
114 182 182 135/778
114 182 181 25/428
115 182 182 114/649
115 182 181 52/881
116 182 182 134/753
116 182 181 46/771
117 182 182 173/961
117 182 181 42/697
118 182 182 150/823
118 182 181 47/772
119 182 182 110/597
119 182 181 59/960
120 182 182 11/59
120 182 181 9/145
121 182 182 149/791
121 182 181 61/974
122 182 182 4/21
122 182 181 11/174
123 182 182 156/811
123 182 181 63/988
124 182 182 7/36
124 182 181 24/373
125 182 182 83/423
125 182 181 53/817
126 182 182 158/797
126 182 181 53/810
127 182 182 1/5
127 182 181 61/925
128 182 182 21/104
128 182 181 51/767
129 182 182 57/280
129 182 181 55/821
130 182 182 202/983
130 182 181 58/859
131 182 182 129/623
131 182 181 61/897
132 182 182 131/627
132 182 181 32/467
133 182 182 113/537
133 182 181 69/1000
134 182 182 149/702
134 182 181 59/849
135 182 182 25/117
135 182 181 27/386
136 182 182 198/919
136 182 181 51/724
137 182 182 80/369
137 182 181 37/522
138 182 182 191/874
138 182 181 71/995
139 182 182 162/737
139 182 181 71/989
140 182 182 171/772
140 182 181 56/775
141 182 182 155/696
141 182 181 25/344
142 182 182 199/887
142 182 181 49/670
143 182 182 154/683
143 182 181 72/979
144 182 182 57/251
144 182 181 68/919
145 182 182 60/263
145 182 181 43/578
146 182 182 17/74
146 182 181 69/922
147 182 182 224/971
147 182 181 24/319
148 182 182 36/155
148 182 181 65/859
149 182 182 159/682
149 182 181 55/723
150 182 182 226/963
150 182 181 14/183
151 182 182 215/913
151 182 181 1/13
152 182 182 233/983
152 182 181 43/556
153 182 182 97/408
153 182 181 50/643
154 182 182 95/397
154 182 181 19/243
155 182 182 125/521
155 182 181 74/941
156 182 182 149/617
156 182 181 65/822
157 182 182 38/157
157 182 181 44/553
158 182 182 115/472
158 182 181 2/25
159 182 182 114/467
159 182 181 17/211
160 182 182 233/948
160 182 181 47/580
161 182 182 209/849
161 182 181 29/355
162 182 182 211/851
162 182 181 77/937
163 182 182 36/145
163 182 181 41/494
164 182 182 250/999
164 182 181 35/419
165 182 182 126/503
165 182 181 73/863
166 182 182 239/946
166 182 181 23/270
167 182 182 213/842
167 182 181 59/681
168 182 182 211/826
168 182 181 82/939
169 182 182 54/211
169 182 181 72/805
170 182 182 167/645
170 182 181 90/997
171 182 182 53/204
171 182 181 83/887
172 182 182 63/239
172 182 181 81/856
173 182 182 252/949
173 182 181 93/928
174 182 182 239/883
174 182 181 99/974
175 182 182 19/69
175 182 181 57/508
176 182 182 245/866
176 182 181 4/35
177 182 182 21/71
177 182 181 65/472
178 182 182 242/785
178 182 181 133/942
179 182 182 323/979
179 182 181 97/882
180 182 182 284/637
180 182 181 253/637
181 182 182 90/193
181 182 181 385/881
182 182 182 458/779
182 182 181 75/917
