# UNIF(n=108,lo,hi): D_ren + dipoles; lines "lo hi level amplitude" for the corrected intervals
90 90 90 41/586
90 90 89 -1/209
91 91 91 56/663
91 91 90 41/677
92 92 92 13/140
92 92 91 1/325
93 93 93 78/721
93 93 92 86/947
94 94 94 51/430
94 94 93 7/643
95 95 95 27/202
95 95 94 43/356
94 96 96 71/877
94 96 95 -13/835
96 96 96 121/811
96 96 95 16/847
95 97 97 133/943
95 97 96 105/808
97 97 97 28/173
97 97 96 139/926
96 98 98 74/949
96 98 97 -11/347
98 98 98 83/441
98 98 97 21/764
95 99 99 84/481
95 99 98 176/969
97 99 99 185/942
97 99 98 139/671
99 99 99 167/837
99 99 98 139/743
96 100 100 173/847
96 100 99 29/691
98 100 100 218/967
98 100 99 41/906
99 100 100 137/584
99 100 99 130/997
100 100 100 77/955
100 100 99 -65/907
95 101 101 146/599
95 101 100 105/362
96 101 101 116/461
96 101 100 179/479
97 101 101 233/900
97 101 100 300/977
98 101 101 261/983
98 101 100 187/449
99 101 101 76/971
99 101 100 -54/929
100 101 101 7/278
100 101 100 -12/949
101 101 101 79/905
101 101 100 -73/896
92 102 102 221/869
92 102 101 61/991
94 102 102 213/775
94 102 101 33/457
95 102 102 223/785
95 102 101 86/787
96 102 102 127/434
96 102 101 71/896
97 102 102 61/203
97 102 101 25/197
98 102 102 4/13
98 102 101 37/456
99 102 102 82/261
99 102 101 90/611
100 102 102 8/25
100 102 101 34/457
101 102 102 66/203
101 102 101 34/193
102 102 102 146/443
102 102 101 45/914
90 103 103 326/945
90 103 102 453/959
91 103 103 229/652
91 103 102 355/774
92 103 103 5/14
92 103 102 500/999
93 103 103 169/466
93 103 102 424/887
94 103 103 167/454
94 103 102 39/74
95 103 103 319/856
95 103 102 33/67
96 103 103 221/586
96 103 102 514/929
97 103 103 252/661
97 103 102 347/693
98 103 103 313/813
98 103 102 411/707
99 103 103 301/775
99 103 102 372/745
100 103 103 283/723
100 103 102 395/641
101 103 103 361/916
101 103 102 411/856
102 103 103 375/962
102 103 102 645/979
103 103 103 263/759
103 103 102 195/622
85 104 104 181/458
85 104 103 102/959
86 104 104 397/982
86 104 103 73/696
87 104 104 83/201
87 104 103 85/709
88 104 104 155/368
88 104 103 89/766
89 104 104 378/881
89 104 103 95/717
90 104 104 416/953
90 104 103 46/365
91 104 104 393/886
91 104 103 127/880
92 104 104 407/904
92 104 103 69/514
93 104 104 367/804
93 104 103 7/45
94 104 104 92/199
94 104 103 87/619
95 104 104 457/977
95 104 103 1/6
96 104 104 391/827
96 104 103 118/817
97 104 104 423/886
97 104 103 18/101
98 104 104 302/627
98 104 103 117/808
99 104 104 184/379
99 104 103 115/599
100 104 104 419/857
100 104 103 16/115
101 104 104 61/124
101 104 103 74/349
102 104 104 409/827
102 104 103 101/839
103 104 104 77/155
103 104 103 248/987
104 104 104 353/708
104 104 103 47/749
76 105 105 13/40
76 105 104 209/962
77 105 105 297/895
77 105 104 57/251
78 105 105 297/889
78 105 104 76/319
79 105 105 235/689
79 105 104 26/105
80 105 105 109/318
80 105 104 169/654
81 105 105 7/20
81 105 104 73/273
82 105 105 191/544
82 105 104 152/547
83 105 105 47/131
83 105 104 47/164
84 105 105 343/955
84 105 104 263/886
85 105 105 61/166
85 105 104 281/920
86 105 105 363/989
86 105 104 148/469
87 105 105 289/768
87 105 104 12/37
88 105 105 373/995
88 105 104 195/583
89 105 105 305/791
89 105 104 153/445
90 105 105 247/645
90 105 104 209/590
91 105 105 382/965
91 105 104 304/833
92 105 105 215/549
92 105 104 347/923
93 105 105 377/924
93 105 104 280/719
94 105 105 349/869
94 105 104 104/259
95 105 105 114/269
95 105 104 233/554
96 105 105 186/449
96 105 104 213/490
97 105 105 382/855
97 105 104 114/245
98 105 105 246/569
98 105 104 356/737
99 105 105 467/962
99 105 104 101/187
100 105 105 290/627
100 105 104 493/873
101 105 105 472/905
101 105 104 535/893
102 105 105 281/586
102 105 104 413/652
103 105 105 488/733
103 105 104 406/467
104 105 105 451/764
104 105 104 783/815
105 105 105 520/963
105 105 104 400/917
57 106 106 62/475
57 106 105 27/577
58 106 106 81/598
58 106 105 38/789
59 106 106 34/243
59 106 105 32/647
60 106 106 125/864
60 106 105 13/256
61 106 106 7/47
61 106 105 32/615
62 106 106 115/749
62 106 105 25/469
63 106 106 29/184
63 106 105 29/532
64 106 106 35/216
64 106 105 50/897
65 106 106 73/440
65 106 105 47/826
66 106 106 89/523
66 106 105 37/637
67 106 106 113/650
67 106 105 46/777
68 106 106 113/635
68 106 105 7/116
69 106 106 84/463
69 106 105 32/521
70 106 106 175/944
70 106 105 1/16
71 106 106 113/599
71 106 105 15/236
72 106 106 148/769
72 106 105 21/325
73 106 106 131/670
73 106 105 21/320
74 106 106 148/743
74 106 105 1/15
75 106 106 197/975
75 106 105 33/488
76 106 106 125/608
76 106 105 59/860
77 106 106 96/461
77 106 105 8/115
78 106 106 127/600
78 106 105 61/865
79 106 106 173/808
79 106 105 71/993
80 106 106 217/998
80 106 105 43/594
81 106 106 105/478
81 106 105 49/668
82 106 106 146/655
82 106 105 47/633
83 106 106 83/369
83 106 105 31/412
84 106 106 99/434
84 106 105 22/289
85 106 106 43/187
85 106 105 68/881
86 106 106 100/429
86 106 105 37/474
87 106 106 204/869
87 106 105 71/896
88 106 106 212/891
88 106 105 77/961
89 106 106 17/71
89 106 105 71/871
90 106 106 25/103
90 106 105 53/643
91 106 106 83/340
91 106 105 83/986
92 106 106 233/941
92 106 105 43/505
93 106 106 194/779
93 106 105 73/834
94 106 106 238/941
94 106 105 7/79
95 106 106 247/970
95 106 105 75/814
96 106 106 169/652
96 106 105 17/182
97 106 106 116/443
97 106 105 86/867
98 106 106 167/624
98 106 105 38/377
99 106 106 143/524
99 106 105 91/816
100 106 106 127/452
100 106 105 62/545
101 106 106 98/333
101 106 105 113/823
102 106 106 145/472
102 106 105 133/944
103 106 106 107/325
103 106 105 107/975
104 106 106 193/433
104 106 105 359/902
105 106 106 449/962
105 106 105 169/387
106 106 106 581/988
106 106 105 41/502
