# UNIF(n=132,lo,hi): D_ren + dipoles; lines "lo hi level amplitude" for the corrected intervals
111 111 111 11/277
111 111 110 -1/1000
112 112 112 43/654
112 112 111 -2/835
113 113 113 35/878
113 113 112 -5/608
114 114 114 74/885
114 114 113 3/820
115 115 115 78/817
115 115 114 79/984
116 116 116 103/995
116 116 115 9/926
117 117 117 38/327
117 117 116 103/978
118 118 118 48/379
118 118 117 13/816
117 119 119 109/953
117 119 118 79/795
119 119 119 137/997
119 119 118 101/791
118 120 120 52/765
118 120 119 -21/865
120 120 120 104/671
120 120 119 22/975
119 121 121 83/537
119 121 120 148/955
121 121 121 135/821
121 121 120 11/71
118 122 122 129/847
118 122 121 19/755
120 122 122 59/857
120 122 121 -8/211
122 122 122 39/203
122 122 121 3/100
117 123 123 166/957
117 123 122 163/861
119 123 123 167/877
119 123 122 152/719
121 123 123 124/605
121 123 122 136/609
122 123 123 56/265
122 123 122 341/959
123 123 123 174/865
123 123 122 31/163
118 124 124 196/967
118 124 123 25/528
120 124 124 61/278
120 124 123 42/809
121 124 124 93/410
121 124 123 111/1000
122 124 124 185/792
122 124 123 47/929
123 124 124 64/267
123 124 123 21/157
124 124 124 59/748
124 124 123 -68/933
115 125 125 62/759
115 125 124 -6/997
117 125 125 45/586
117 125 124 -20/987
118 125 125 50/889
118 125 124 -6/715
119 125 125 227/881
119 125 124 137/432
120 125 125 249/947
120 125 124 55/139
121 125 125 207/773
121 125 124 205/632
122 125 125 242/889
122 125 124 131/305
123 125 125 75/988
123 125 124 -62/993
124 125 125 23/970
124 125 124 -5/326
125 125 125 11/127
125 125 124 -79/955
114 126 126 84/317
114 126 125 61/860
115 126 126 193/707
115 126 125 38/401
116 126 126 85/303
116 126 125 13/164
117 126 126 281/977
117 126 125 43/400
118 126 126 138/469
118 126 125 82/961
119 126 126 289/962
119 126 125 119/989
120 126 126 15/49
120 126 125 19/215
121 126 126 175/562
121 126 125 105/782
122 126 126 209/661
122 126 125 61/702
123 126 126 217/677
123 126 125 57/376
124 126 126 279/860
124 126 125 51/659
125 126 126 239/729
125 126 125 157/882
126 126 126 307/928
126 126 125 32/639
110 127 127 287/834
110 127 126 134/287
111 127 127 212/607
111 127 126 423/920
112 127 127 346/977
112 127 126 334/683
113 127 127 169/471
113 127 126 94/197
114 127 127 81/223
114 127 126 26/51
115 127 127 248/675
115 127 126 211/429
116 127 127 127/342
116 127 126 179/338
117 127 127 3/8
117 127 126 368/731
118 127 127 310/819
118 127 126 101/184
119 127 127 163/427
119 127 126 505/988
120 127 127 287/746
120 127 126 566/995
121 127 127 136/351
121 127 126 495/964
122 127 127 140/359
122 127 126 559/945
123 127 127 91/232
123 127 126 456/899
124 127 127 289/733
124 127 126 344/553
125 127 127 181/457
125 127 126 168/347
126 127 127 293/750
126 127 126 471/713
127 127 127 145/418
127 127 126 11/35
104 128 128 343/867
104 128 127 1/10
105 128 128 160/397
105 128 127 83/750
106 128 128 226/551
106 128 127 103/936
107 128 128 191/458
107 128 127 117/965
108 128 128 147/347
108 128 127 83/696
109 128 128 221/514
109 128 127 109/831
110 128 128 351/805
110 128 127 44/345
111 128 128 224/507
111 128 127 127/904
112 128 128 378/845
112 128 127 12/89
113 128 128 358/791
113 128 127 83/556
114 128 128 426/931
114 128 127 78/553
115 128 128 190/411
115 128 127 111/704
116 128 128 463/992
116 128 127 33/226
117 128 128 348/739
117 128 127 69/416
118 128 128 443/933
118 128 127 42/281
119 128 128 111/232
119 128 127 23/132
120 128 128 53/110
120 128 127 113/749
121 128 128 225/464
121 128 127 96/523
122 128 128 378/775
122 128 127 78/523
123 128 128 455/928
123 128 127 128/655
124 128 128 133/270
124 128 127 55/388
125 128 128 459/928
125 128 127 89/416
126 128 128 273/550
126 128 127 105/863
127 128 128 231/464
127 128 127 31/123
128 128 128 265/531
128 128 127 27/428
93 129 129 297/914
93 129 128 168/787
94 129 129 323/987
94 129 128 184/827
95 129 129 235/707
95 129 128 26/113
96 129 129 106/317
96 129 128 203/850
97 129 129 109/321
97 129 128 172/699
98 129 129 274/803
98 129 128 253/994
99 129 129 79/228
99 129 128 223/853
100 129 129 313/900
100 129 128 24/89
101 129 129 77/218
101 129 128 192/695
102 129 129 290/819
102 129 128 226/795
103 129 129 304/845
103 129 128 93/320
104 129 129 237/658
104 129 128 177/593
105 129 129 349/953
105 129 128 177/581
106 129 129 175/478
106 129 128 204/653
107 129 129 79/212
107 129 128 93/292
108 129 129 106/285
108 129 128 153/469
109 129 129 113/298
109 129 128 239/719
110 129 129 360/953
110 129 128 181/532
111 129 129 144/373
111 129 128 284/819
112 129 129 368/959
112 129 128 347/978
113 129 129 281/714
113 129 128 67/185
114 129 129 126/323
114 129 128 268/723
115 129 129 109/271
115 129 128 331/872
116 129 129 375/944
116 129 128 7/18
117 129 129 268/649
117 129 128 307/766
118 129 129 289/712
118 129 128 339/824
119 129 129 389/910
119 129 128 127/296
120 129 129 293/702
120 129 128 365/826
121 129 129 373/830
121 129 128 304/645
122 129 129 63/145
122 129 128 142/291
123 129 129 474/973
123 129 128 463/851
124 129 129 430/927
124 129 128 515/907
125 129 129 497/951
125 129 128 548/911
126 129 129 280/583
126 129 128 531/836
127 129 129 365/548
127 129 128 797/916
128 129 129 473/801
128 129 128 322/335
129 129 129 337/624
129 129 128 247/566
70 130 130 95/719
70 130 129 40/851
71 130 130 36/265
71 130 129 46/957
72 130 130 84/601
72 130 129 35/712
73 130 130 41/286
73 130 129 40/797
74 130 130 127/863
74 130 129 33/644
75 130 130 97/644
75 130 129 7/134
76 130 130 77/499
76 130 129 31/582
77 130 130 32/203
77 130 129 25/461
78 130 130 133/825
78 130 129 46/833
79 130 130 85/517
79 130 129 26/463
80 130 130 139/828
80 130 129 57/998
81 130 130 20/117
81 130 129 17/293
82 130 130 80/459
82 130 129 27/458
83 130 130 14/79
83 130 129 53/886
84 130 130 146/809
84 130 129 47/774
85 130 130 173/944
85 130 129 37/601
86 130 130 96/515
86 130 129 62/993
87 130 130 83/439
87 130 129 58/917
88 130 130 112/583
88 130 129 63/983
89 130 130 29/149
89 130 129 46/709
90 130 130 114/577
90 130 129 9/137
91 130 130 1/5
91 130 129 21/316
92 130 130 159/784
92 130 129 31/461
93 130 130 203/990
93 130 129 31/456
94 130 130 165/794
94 130 129 11/160
95 130 130 161/767
95 130 129 48/691
96 130 130 125/588
96 130 129 37/527
97 130 130 59/275
97 130 129 68/959
98 130 130 38/175
98 130 129 51/712
99 130 130 97/443
99 130 129 29/401
100 130 130 101/456
100 130 129 36/493
101 130 130 79/354
101 130 129 30/407
102 130 130 213/944
102 130 129 34/457
103 130 130 189/832
103 130 129 60/799
104 130 130 211/919
104 130 129 71/937
105 130 130 167/723
105 130 129 55/719
106 130 130 137/587
106 130 129 49/635
107 130 130 229/976
107 130 129 71/911
108 130 130 183/772
108 130 129 61/776
109 130 130 201/844
109 130 129 77/969
110 130 130 237/985
110 130 129 44/549
111 130 130 79/327
111 130 129 37/456
112 130 130 229/938
112 130 129 78/953
113 130 130 234/955
113 130 129 79/951
114 130 130 219/884
114 130 129 43/513
115 130 130 221/889
115 130 129 75/878
116 130 130 239/950
116 130 129 69/800
117 130 130 251/994
117 130 129 10/113
118 130 130 43/168
118 130 129 39/436
119 130 130 204/793
119 130 129 82/883
120 130 130 143/547
120 130 129 85/904
121 130 130 149/565
121 130 129 69/692
122 130 130 165/613
122 130 129 91/899
123 130 130 88/321
123 130 129 33/295
124 130 130 214/759
124 130 129 13/114
125 130 130 113/383
125 130 129 136/989
126 130 130 305/991
126 130 129 122/865
127 130 130 293/889
127 130 129 88/801
128 130 130 37/83
128 130 129 33/83
129 130 130 223/478
129 130 129 377/863
130 130 130 431/733
130 130 129 17/208
