# UNIF(n=253,lo,hi): D_ren + dipoles; lines "lo hi level amplitude" for the corrected intervals
221 221 221 35/921
221 221 220 -3/944
222 222 222 33/773
222 222 221 1/36
223 223 223 33/730
223 223 222 -1/1000
224 224 224 17/667
224 224 223 -3/587
225 225 225 49/928
225 225 224 2/961
226 226 226 20/773
226 226 225 -8/969
227 227 227 17/279
227 227 226 4/849
228 228 228 11/414
228 228 227 -7/608
229 229 229 3/43
229 229 228 7/949
230 230 230 17/615
230 230 229 -11/736
231 231 231 23/289
231 231 230 6/593
230 232 232 32/905
230 232 231 -1/455
232 232 232 26/891
232 232 231 -14/751
231 233 233 69/976
231 233 232 1/255
233 233 233 83/915
233 233 232 1/77
232 234 234 31/871
232 234 233 -7/828
234 234 234 89/925
234 234 233 31/340
233 235 235 53/606
233 235 234 3/295
235 235 235 88/849
235 235 234 14/871
232 236 236 4/99
232 236 235 -2/935
234 236 236 86/873
234 236 235 92/975
236 236 236 77/709
236 236 235 94/905
233 237 237 7/76
233 237 236 7/605
235 237 237 5/47
235 237 236 12/715
237 237 237 23/193
237 237 236 17/873
234 238 238 24/589
234 238 237 -8/743
236 238 238 59/497
236 238 237 118/979
238 238 238 99/800
238 238 237 5/42
233 239 239 2/19
233 239 238 13/752
235 239 239 2/17
235 239 238 15/688
237 239 239 61/474
237 239 238 2/83
239 239 239 9/65
239 239 238 11/471
234 240 240 93/743
234 240 239 5/37
236 240 240 113/839
236 240 239 36/247
238 240 240 72/503
238 240 239 148/975
239 240 240 51/347
239 240 239 22/89
240 240 240 1/7
240 240 239 125/907
233 241 241 123/959
233 241 240 15/542
235 241 241 91/656
235 241 240 29/921
237 241 241 81/547
237 241 240 19/569
238 241 241 94/617
238 241 240 78/983
239 241 241 20/409
239 241 240 -1/27
240 241 241 109/681
240 241 240 83/903
241 241 241 155/948
241 241 240 21/751
232 242 242 94/647
232 242 241 101/602
234 242 242 2/13
234 242 241 71/396
236 242 242 37/229
236 242 241 83/442
237 242 242 141/854
237 242 241 237/937
238 242 242 16/95
238 242 241 147/764
239 242 242 47/274
239 242 241 97/354
240 242 242 161/923
240 242 241 175/913
241 242 242 82/463
241 242 241 269/901
242 242 242 18/107
242 242 241 110/679
231 243 243 131/847
231 243 242 28/713
233 243 243 75/457
233 243 242 12/275
234 243 243 153/908
234 243 242 66/947
235 243 243 24/139
235 243 242 23/492
236 243 243 80/453
236 243 242 73/935
237 243 243 174/965
237 243 242 40/829
238 243 243 59/321
238 243 242 44/505
239 243 243 107/572
239 243 242 28/589
240 243 243 169/889
240 243 242 80/819
241 243 243 45/812
241 243 242 -42/893
242 243 243 7/512
242 243 242 -6/719
243 243 243 37/187
243 243 242 31/920
230 244 244 182/989
230 244 243 87/383
232 244 244 35/183
232 244 243 183/769
233 244 244 152/781
233 244 243 130/471
234 244 244 91/460
234 244 243 19/77
235 244 244 93/463
235 244 243 234/803
236 244 244 109/535
236 244 243 226/893
237 244 244 32/155
237 244 243 168/547
238 244 244 144/689
238 244 243 143/558
239 244 244 26/123
239 244 243 269/830
240 244 244 22/103
240 244 243 88/345
241 244 244 124/575
241 244 243 257/747
242 244 244 191/878
242 244 243 83/336
243 244 244 173/789
243 244 243 239/645
244 244 244 126/619
244 244 243 89/457
227 245 245 190/973
227 245 244 3/55
228 245 245 144/721
228 245 244 57/830
229 245 245 51/250
229 245 244 49/823
230 245 245 113/543
230 245 244 72/955
231 245 245 141/665
231 245 244 37/580
232 245 245 175/811
232 245 244 69/842
233 245 245 179/816
233 245 244 67/997
234 245 245 182/817
234 245 244 43/486
235 245 245 193/854
235 245 244 19/273
236 245 245 41/179
236 245 244 95/998
237 245 245 215/927
237 245 244 41/580
238 245 245 42/179
238 245 244 70/683
239 245 245 134/565
239 245 244 45/643
240 245 245 223/931
240 245 244 111/1000
241 245 245 51/211
241 245 244 37/556
242 245 245 223/915
242 245 244 122/999
243 245 245 193/786
243 245 244 55/941
244 245 245 177/716
244 245 244 19/137
245 245 245 47/616
245 245 244 -74/991
224 246 246 49/668
224 246 245 -6/745
225 246 246 65/967
225 246 245 -4/611
226 246 246 6/85
226 246 245 -9/626
227 246 246 50/783
227 246 245 -11/921
228 246 246 31/455
228 246 245 -8/393
229 246 246 2/33
229 246 245 -15/892
230 246 246 47/712
230 246 245 -23/884
231 246 246 57/992
231 246 245 -3/142
232 246 246 25/389
232 246 245 -6/191
233 246 246 5/92
233 246 245 -17/685
234 246 246 58/921
234 246 245 -35/956
235 246 246 46/899
235 246 245 -27/971
236 246 246 61/980
236 246 245 -31/743
237 246 246 41/858
237 246 245 -5/167
238 246 246 50/803
238 246 245 -36/767
239 246 246 41/933
239 246 245 -7/226
240 246 246 47/169
240 246 245 329/922
241 246 246 265/948
241 246 245 282/659
242 246 246 66/235
242 246 245 135/386
243 246 246 11/39
243 246 245 275/613
244 246 246 71/980
244 246 245 -58/843
245 246 246 21/974
245 246 245 -19/985
246 246 246 72/841
246 246 245 -23/272
219 247 247 259/984
219 247 246 35/468
220 247 247 204/763
220 247 246 56/677
221 247 247 111/409
221 247 246 32/399
222 247 247 253/919
222 247 246 88/993
223 247 247 271/971
223 247 246 19/223
224 247 247 231/817
224 247 246 18/191
225 247 247 73/255
225 247 246 36/401
226 247 247 73/252
226 247 246 26/261
227 247 247 75/256
227 247 246 63/671
228 247 247 268/905
228 247 246 101/964
229 247 247 289/966
229 247 246 90/923
230 247 247 29/96
230 247 246 9/82
231 247 247 25/82
231 247 246 35/348
232 247 247 155/504
232 247 246 29/253
233 247 247 289/932
233 247 246 89/864
234 247 247 5/16
234 247 246 106/887
235 247 247 300/953
235 247 246 74/707
236 247 247 71/224
236 247 246 104/835
237 247 247 297/931
237 247 246 77/731
238 247 247 302/941
238 247 246 77/592
239 247 247 274/849
239 247 246 43/411
240 247 247 109/336
240 247 246 90/659
241 247 247 162/497
241 247 246 17/167
242 247 247 55/168
242 247 246 120/827
243 247 247 212/645
243 247 246 76/797
244 247 247 95/288
244 247 246 3/19
245 247 247 228/689
245 247 246 53/648
246 247 247 223/672
246 247 246 178/985
247 247 247 325/977
247 247 246 35/682
211 248 248 91/265
211 248 247 358/775
212 248 248 190/549
212 248 247 457/988
213 248 248 189/542
213 248 247 459/971
214 248 248 111/316
214 248 247 181/383
215 248 248 127/359
215 248 247 128/265
216 248 248 213/598
216 248 247 215/446
217 248 248 109/304
217 248 247 69/140
218 248 248 271/751
218 248 247 136/277
219 248 248 240/661
219 248 247 449/894
220 248 248 164/449
220 248 247 359/719
221 248 248 367/999
221 248 247 343/671
222 248 248 338/915
222 248 247 36/71
223 248 248 192/517
223 248 247 475/914
224 248 248 299/801
224 248 247 109/212
225 248 248 359/957
225 248 247 370/701
226 248 248 271/719
226 248 247 442/849
227 248 248 287/758
227 248 247 444/829
228 248 248 27/71
228 248 247 439/834
229 248 248 299/783
229 248 247 473/871
230 248 248 120/313
230 248 247 127/239
231 248 248 259/673
231 248 247 547/994
232 248 248 348/901
232 248 247 475/887
233 248 248 293/756
233 248 247 131/235
234 248 248 355/913
234 248 247 237/440
235 248 248 305/782
235 248 247 563/997
236 248 248 354/905
236 248 247 307/568
237 248 248 313/798
237 248 247 265/463
238 248 248 337/857
238 248 247 472/873
239 248 248 257/652
239 248 247 434/747
240 248 248 303/767
240 248 247 533/990
241 248 248 382/965
241 248 247 397/671
242 248 248 140/353
242 248 247 281/528
243 248 248 263/662
243 248 247 205/338
244 248 248 189/475
244 248 247 455/877
245 248 248 359/901
245 248 247 379/601
246 248 248 373/935
246 248 247 467/953
247 248 248 252/643
247 248 247 632/953
248 248 248 73/576
248 248 247 -64/507
199 249 249 89/226
199 249 248 55/559
200 249 249 348/875
200 249 248 72/701
201 249 249 259/645
201 249 248 79/759
202 249 249 351/866
202 249 248 107/987
203 249 249 209/511
203 249 248 86/785
204 249 249 85/206
204 249 248 109/957
205 249 249 206/495
205 249 248 83/723
206 249 249 389/927
206 249 248 87/730
207 249 249 349/825
207 249 248 107/893
208 249 249 55/129
208 249 248 83/668
209 249 249 415/966
209 249 248 121/971
210 249 249 367/848
210 249 248 47/364
211 249 249 17/39
211 249 248 58/449
212 249 249 309/704
212 249 248 59/441
213 249 249 441/998
213 249 248 51/382
214 249 249 153/344
214 249 248 133/962
215 249 249 111/248
215 249 248 86/625
216 249 249 213/473
216 249 248 61/428
217 249 249 448/989
217 249 248 72/509
218 249 249 441/968
218 249 248 123/839
219 249 249 82/179
219 249 248 47/324
220 249 249 286/621
220 249 248 76/505
221 249 249 206/445
221 249 248 103/694
222 249 249 408/877
222 249 248 64/415
223 249 249 438/937
223 249 248 5/33
224 249 249 394/839
224 249 248 133/843
225 249 249 25/53
225 249 248 25/162
226 249 249 9/19
226 249 248 137/850
227 249 249 244/513
227 249 248 117/746
228 249 249 435/911
228 249 248 149/906
229 249 249 81/169
229 249 248 59/371
230 249 249 481/1000
230 249 248 57/340
231 249 249 445/922
231 249 248 60/373
232 249 249 445/919
232 249 248 131/767
233 249 249 17/35
233 249 248 43/265
234 249 249 322/661
234 249 248 123/707
235 249 249 467/956
235 249 248 139/852
236 249 249 407/831
236 249 248 161/908
237 249 249 136/277
237 249 248 41/251
238 249 249 343/697
238 249 248 103/569
239 249 249 361/732
239 249 248 93/572
240 249 249 465/941
240 249 248 120/647
241 249 249 251/507
241 249 248 38/237
242 249 249 303/611
242 249 248 107/559
243 249 249 224/451
243 249 248 107/688
244 249 249 473/951
244 249 248 85/424
245 249 249 124/249
245 249 248 68/467
246 249 249 341/684
246 249 248 44/203
247 249 249 253/507
247 249 248 43/348
248 249 249 427/855
248 249 248 241/952
249 249 249 499/999
249 249 248 48/755
178 250 250 275/861
178 250 249 179/860
179 250 250 320/997
179 250 249 105/494
180 250 250 149/461
180 250 249 50/231
181 250 250 113/348
181 250 249 202/915
182 250 250 324/991
182 250 249 161/717
183 250 250 22/67
183 250 249 132/577
184 250 250 159/481
184 250 249 225/968
185 250 250 313/943
185 250 249 229/968
186 250 250 146/437
186 250 249 79/329
187 250 250 164/489
187 250 249 115/471
188 250 250 241/714
188 250 249 103/416
189 250 250 313/924
189 250 249 81/322
190 250 250 316/927
190 250 249 157/616
191 250 250 197/576
191 250 249 37/143
192 250 250 329/956
192 250 249 170/649
193 250 250 262/759
193 250 249 245/922
194 250 250 323/930
194 250 249 25/93
195 250 250 101/290
195 250 249 239/877
196 250 250 89/254
196 250 249 154/559
197 250 250 235/669
197 250 249 127/455
198 250 250 323/914
198 250 249 97/344
199 250 250 17/48
199 250 249 227/795
200 250 250 274/769
200 250 249 209/725
201 250 250 347/972
201 250 249 124/425
202 250 250 218/607
202 250 249 63/214
203 250 250 159/442
203 250 249 123/413
204 250 250 38/105
204 250 249 267/889
205 250 250 262/723
205 250 249 41/135
206 250 250 346/949
206 250 249 15/49
207 250 250 227/622
207 250 249 82/265
208 250 250 112/305
208 250 249 255/818
209 250 250 298/811
209 250 249 235/746
210 250 250 301/814
210 250 249 269/848
211 250 250 361/976
211 250 249 307/958
212 250 250 86/231
212 250 249 10/31
213 250 250 118/317
213 250 249 72/221
214 250 250 202/539
214 250 249 99/302
215 250 250 209/558
215 250 249 48/145
216 250 250 361/957
216 250 249 313/940
217 250 250 26/69
217 250 249 39/116
218 250 250 295/777
218 250 249 331/979
219 250 250 257/678
219 250 249 326/955
220 250 250 201/526
220 250 249 301/877
221 250 250 167/438
221 250 249 341/984
222 250 250 5/13
222 250 249 347/996
223 250 250 349/910
223 250 249 349/992
224 250 250 79/204
224 250 249 295/834
225 250 250 125/324
225 250 249 189/529
226 250 250 172/441
226 250 249 346/963
227 250 250 243/626
227 250 249 57/157
228 250 250 384/977
228 250 249 339/928
229 250 250 261/668
229 250 249 359/972
230 250 250 178/449
230 250 249 77/207
231 250 250 85/216
231 250 249 67/178
232 250 250 388/969
232 250 249 333/877
233 250 250 340/857
233 250 249 382/993
234 250 250 92/227
234 250 249 356/915
235 250 250 133/332
235 250 249 349/884
236 250 250 128/311
236 250 249 75/187
237 250 250 279/688
237 250 249 31/76
238 250 250 208/495
238 250 249 359/860
239 250 250 331/803
239 250 249 181/425
240 250 250 429/991
240 250 249 83/188
241 250 250 192/455
241 250 249 176/389
242 250 250 63/139
242 250 249 423/881
243 250 250 407/930
243 250 249 155/313
244 250 250 404/825
244 250 249 419/762
245 250 250 334/717
245 250 249 91/159
246 250 250 488/931
246 250 249 521/861
247 250 250 181/376
247 250 249 345/541
248 250 250 2/3
248 250 249 534/613
249 250 250 501/848
249 250 249 782/813
250 250 250 410/759
250 250 249 431/987
133 251 251 130/991
133 251 250 37/797
134 251 251 47/353
134 251 250 45/958
135 251 251 133/984
135 251 250 27/568
136 251 251 129/941
136 251 250 5/104
137 251 251 21/151
137 251 250 23/473
138 251 251 32/227
138 251 250 35/712
139 251 251 1/7
139 251 250 33/664
140 251 251 43/297
140 251 250 34/677
141 251 251 109/743
141 251 250 37/729
142 251 251 101/680
142 251 250 51/995
143 251 251 54/359
143 251 250 13/251
144 251 251 93/611
144 251 250 49/937
145 251 251 108/701
145 251 250 47/890
146 251 251 91/584
146 251 250 46/863
147 251 251 102/647
147 251 250 12/223
148 251 251 91/571
148 251 250 43/792
149 251 251 83/515
149 251 250 4/73
150 251 251 64/393
150 251 250 53/959
151 251 251 147/893
151 251 250 31/556
152 251 251 69/415
152 251 250 47/836
153 251 251 21/125
153 251 250 11/194
154 251 251 48/283
154 251 250 57/997
155 251 251 166/969
155 251 250 54/937
156 251 251 162/937
156 251 250 32/551
157 251 251 70/401
157 251 250 49/837
158 251 251 143/812
158 251 250 45/763
159 251 251 123/692
159 251 250 23/387
160 251 251 159/887
160 251 250 17/284
161 251 251 155/857
161 251 250 55/912
162 251 251 159/872
162 251 250 47/774
163 251 251 183/995
163 251 250 20/327
164 251 251 81/437
164 251 250 54/877
165 251 251 117/626
165 251 250 39/629
166 251 251 161/855
166 251 250 40/641
167 251 251 138/727
167 251 250 61/971
168 251 251 191/999
168 251 250 61/965
169 251 251 121/628
169 251 250 60/943
170 251 251 123/634
170 251 250 61/953
171 251 251 112/573
171 251 250 40/621
172 251 251 182/925
172 251 250 62/957
173 251 251 131/661
173 251 250 41/629
174 251 251 143/717
174 251 250 39/595
175 251 251 191/951
175 251 250 6/91
176 251 251 98/485
176 251 250 35/528
177 251 251 83/408
177 251 250 1/15
178 251 251 195/953
178 251 250 13/194
179 251 251 159/772
179 251 250 25/371
180 251 251 204/985
180 251 250 30/443
181 251 251 203/974
181 251 250 16/235
182 251 251 189/902
182 251 250 47/687
183 251 251 191/906
183 251 250 61/887
184 251 251 82/387
184 251 250 59/854
185 251 251 120/563
185 251 250 5/72
186 251 251 145/677
186 251 250 68/975
187 251 251 123/571
187 251 250 56/799
188 251 251 182/841
188 251 250 63/895
189 251 251 42/193
189 251 250 36/509
190 251 251 153/700
190 251 250 37/521
191 251 251 89/405
191 251 250 62/869
192 251 251 79/358
192 251 250 51/712
193 251 251 187/843
193 251 250 59/820
194 251 251 51/229
194 251 250 58/803
195 251 251 169/755
195 251 250 65/896
196 251 251 193/859
196 251 250 64/879
197 251 251 7/31
197 251 250 71/971
198 251 251 196/865
198 251 250 59/804
199 251 251 51/224
199 251 250 7/95
200 251 251 143/626
200 251 250 61/825
201 251 251 14/61
201 251 250 17/229
202 251 251 227/986
202 251 250 40/537
203 251 251 176/761
203 251 250 51/682
204 251 251 167/720
204 251 250 73/973
205 251 251 89/382
205 251 250 61/810
206 251 251 196/839
206 251 250 55/728
207 251 251 42/179
207 251 250 75/989
208 251 251 179/761
208 251 250 48/631
209 251 251 193/817
209 251 250 41/537
210 251 251 85/359
210 251 250 52/679
211 251 251 141/593
211 251 250 76/989
212 251 251 203/852
212 251 250 69/895
213 251 251 39/163
213 251 250 66/853
214 251 251 163/680
214 251 250 61/786
215 251 251 149/619
215 251 250 31/398
216 251 251 210/871
216 251 250 5/64
217 251 251 238/983
217 251 250 69/880
218 251 251 241/994
218 251 250 73/928
219 251 251 28/115
219 251 250 3/38
220 251 251 225/923
220 251 250 8/101
221 251 251 189/772
221 251 250 64/805
222 251 251 161/657
222 251 250 77/965
223 251 251 223/906
223 251 250 35/437
224 251 251 184/747
224 251 250 62/771
225 251 251 170/687
225 251 250 75/929
226 251 251 179/723
226 251 250 79/974
227 251 251 51/205
227 251 250 43/528
228 251 251 109/438
228 251 250 52/635
229 251 251 250/999
229 251 250 19/231
230 251 251 250/999
230 251 250 79/954
231 251 251 194/771
231 251 250 54/649
232 251 251 155/616
232 251 250 59/703
233 251 251 137/541
233 251 250 27/320
234 251 251 137/541
234 251 250 67/785
235 251 251 25/98
235 251 250 48/559
236 251 251 136/533
236 251 250 13/149
237 251 251 209/812
237 251 250 21/239
238 251 251 76/295
238 251 250 74/823
239 251 251 144/553
239 251 250 73/805
240 251 251 53/203
240 251 250 82/873
241 251 251 257/971
241 251 250 73/769
242 251 251 166/623
242 251 250 64/637
243 251 251 19/70
243 251 250 11/108
244 251 251 178/645
244 251 250 99/881
245 251 251 87/307
245 251 250 111/970
246 251 251 268/905
246 251 250 82/595
247 251 251 278/901
247 251 250 38/269
248 251 251 34/103
248 251 250 34/309
249 251 251 383/859
249 251 250 131/330
250 251 251 69/148
250 251 250 389/890
251 251 251 311/529
251 251 250 9/110
