# UNIF(n=196,lo,hi): D_ren + dipoles; lines "lo hi level amplitude" for the corrected intervals
169 169 169 30/989
169 169 168 -1/1000
170 170 170 10/199
170 170 169 -1/579
171 171 171 27/889
171 171 170 -4/761
172 172 172 32/527
172 172 171 1/526
173 173 173 26/843
173 173 172 -2/207
174 174 174 26/361
174 174 173 5/904
175 175 175 12/377
175 175 174 -11/772
176 176 176 6/71
176 176 175 9/977
177 177 177 27/292
177 177 176 33/391
176 178 178 67/935
176 178 177 0
178 178 178 89/902
178 178 177 13/998
177 179 179 3/35
177 179 178 35/491
179 179 179 55/518
179 179 178 87/875
178 180 180 14/149
178 180 179 2/219
180 180 180 43/373
180 180 179 9/527
179 181 181 95/872
179 181 180 26/253
181 181 181 59/484
181 181 180 71/614
178 182 182 93/923
178 182 181 11/970
180 182 182 111/931
180 182 181 7/384
182 182 182 66/487
182 182 181 9/418
179 183 183 83/681
179 183 182 11/90
181 183 183 99/728
181 183 182 113/815
183 183 183 110/777
183 183 182 110/813
178 184 184 100/833
178 184 183 15/758
180 184 184 97/715
180 184 183 22/859
182 184 184 26/485
182 184 183 -29/857
184 184 184 56/347
184 184 183 24/901
179 185 185 102/689
179 185 184 119/732
181 185 185 159/997
181 185 184 42/239
183 185 185 10/59
183 185 184 127/696
184 185 185 171/983
184 185 184 12/41
185 185 185 44/263
185 185 184 104/649
178 186 186 86/557
178 186 185 11/313
180 186 186 113/676
180 186 185 15/376
181 186 186 169/977
181 186 185 76/947
182 186 186 167/936
182 186 185 23/547
183 186 186 20/109
183 186 185 43/460
184 186 186 38/647
184 186 185 -37/827
185 186 186 13/824
185 186 185 -6/871
186 186 186 11/56
186 186 185 2/61
177 187 187 169/931
177 187 186 63/292
179 187 187 169/883
179 187 186 166/723
180 187 187 163/832
180 187 186 238/829
181 187 187 200/999
181 187 186 199/831
182 187 187 79/387
182 187 186 310/999
183 187 187 191/919
183 187 186 197/807
184 187 187 15/71
184 187 186 237/706
185 187 187 122/569
185 187 186 27/112
186 187 187 93/428
186 187 186 307/837
187 187 187 178/877
187 187 186 188/971
176 188 188 36/181
176 188 187 13/241
177 188 188 179/875
177 188 187 51/665
178 188 188 156/743
178 188 187 9/152
179 188 188 20/93
179 188 187 41/476
180 188 188 31/141
180 188 187 32/509
181 188 188 197/878
181 188 187 53/553
182 188 188 227/993
182 188 187 25/388
183 188 188 173/744
183 188 187 64/601
184 188 188 175/741
184 188 187 43/683
185 188 188 217/906
185 188 187 8/67
186 188 188 49/202
186 188 187 13/230
187 188 188 79/322
187 188 187 135/982
188 188 188 1/13
188 188 187 -74/997
173 189 189 64/847
173 189 188 -1/113
174 189 189 42/635
174 189 188 -1/181
175 189 189 68/943
175 189 188 -13/751
176 189 189 59/961
176 189 188 -8/659
177 189 189 55/794
177 189 188 -13/514
178 189 189 53/934
178 189 188 -15/844
179 189 189 28/417
179 189 188 -13/395
180 189 189 47/903
180 189 188 -9/404
181 189 189 6/91
181 189 188 -32/793
182 189 189 47/999
182 189 188 -8/315
183 189 189 252/923
183 189 188 265/764
184 189 189 84/305
184 189 188 377/898
185 189 189 88/317
185 189 188 308/897
186 189 189 85/304
186 189 188 391/881
187 189 189 58/791
187 189 188 -63/937
188 189 189 21/950
188 189 188 -5/273
189 189 189 82/955
189 189 188 -82/975
170 190 190 187/703
170 190 189 45/593
171 190 190 51/188
171 190 189 44/499
172 190 190 118/427
172 190 189 71/863
173 190 190 205/729
173 190 189 87/908
174 190 190 279/976
174 190 189 66/751
175 190 190 9/31
175 190 189 76/737
176 190 190 281/954
176 190 189 39/421
177 190 190 295/988
177 190 189 68/617
178 190 190 251/830
178 190 189 83/861
179 190 190 269/879
179 190 189 87/742
180 190 190 272/879
180 190 189 47/475
181 190 190 131/419
181 190 189 67/538
182 190 190 232/735
182 190 189 94/941
183 190 190 278/873
183 190 189 83/626
184 190 190 313/975
184 190 189 33/335
185 190 190 76/235
185 190 189 99/695
186 190 190 14/43
186 190 189 25/268
187 190 190 245/748
187 190 189 124/793
188 190 190 245/744
188 190 189 59/731
189 190 190 311/940
189 190 189 139/772
190 190 190 292/879
190 190 189 48/941
163 191 191 275/804
163 191 190 337/747
164 191 191 66/191
164 191 190 294/631
165 191 191 283/811
165 191 190 348/749
166 191 191 329/934
166 191 190 12/25
167 191 191 134/377
167 191 190 417/874
168 191 191 280/781
168 191 190 482/977
169 191 191 107/296
169 191 190 429/878
170 191 191 325/892
170 191 190 467/923
171 191 191 308/839
171 191 190 260/521
172 191 191 44/119
172 191 190 159/307
173 191 191 309/830
173 191 190 487/958
174 191 191 335/894
174 191 190 515/973
175 191 191 23/61
175 191 190 487/943
176 191 191 245/646
176 191 190 356/659
177 191 191 352/923
177 191 190 113/216
178 191 191 212/553
178 191 190 222/403
179 191 191 371/963
179 191 190 159/301
180 191 191 209/540
180 191 190 497/885
181 191 191 241/620
181 191 190 484/911
182 191 191 281/720
182 191 190 554/967
183 191 191 237/605
183 191 190 59/111
184 191 191 307/781
184 191 190 474/809
185 191 191 153/388
185 191 190 499/946
186 191 191 244/617
186 191 190 44/73
187 191 191 316/797
187 191 190 357/692
188 191 191 184/463
188 191 190 159/253
189 191 191 268/673
189 191 190 64/131
190 191 191 56/143
190 191 190 587/886
191 191 191 207/596
191 191 190 214/679
154 192 192 283/720
154 192 191 32/323
155 192 192 211/530
155 192 191 103/980
156 192 192 291/722
156 192 191 53/499
157 192 192 166/407
157 192 191 83/739
158 192 192 92/223
158 192 191 67/593
159 192 192 380/911
159 192 191 59/495
160 192 192 43/102
160 192 191 69/578
161 192 192 296/695
161 192 191 106/843
162 192 192 40/93
162 192 191 122/973
163 192 192 254/585
163 192 191 116/879
164 192 192 379/865
164 192 191 30/229
165 192 192 80/181
165 192 191 99/718
166 192 192 275/617
166 192 191 129/947
167 192 192 257/572
167 192 191 32/223
168 192 192 302/667
168 192 191 11/78
169 192 192 447/980
169 192 191 57/383
170 192 192 356/775
170 192 191 131/901
171 192 192 154/333
171 192 191 153/994
172 192 192 229/492
172 192 191 139/931
173 192 192 436/931
173 192 191 10/63
174 192 192 415/881
174 192 191 31/203
175 192 192 9/19
175 192 191 141/863
176 192 192 10/21
176 192 191 7/45
177 192 192 145/303
177 192 191 22/131
178 192 192 263/547
178 192 191 109/691
179 192 192 467/967
179 192 191 123/713
180 192 192 145/299
180 192 191 158/993
181 192 192 37/76
181 192 191 161/908
182 192 192 343/702
182 192 191 113/709
183 192 192 176/359
183 192 191 55/301
184 192 192 269/547
184 192 191 64/405
185 192 192 289/586
185 192 191 119/628
186 192 192 312/631
186 192 191 103/669
187 192 192 113/228
187 192 191 52/261
188 192 192 445/896
188 192 191 137/947
189 192 192 102/205
189 192 191 191/884
190 192 192 303/608
190 192 191 81/658
191 192 192 256/513
191 192 191 22/87
192 192 192 499/999
192 192 191 29/457
138 193 193 204/635
138 193 192 137/655
139 193 193 323/996
139 193 192 3/14
140 193 193 15/46
140 193 192 147/668
141 193 193 311/945
141 193 192 9/40
142 193 193 300/907
142 193 192 122/529
143 193 193 265/794
143 193 192 157/667
144 193 193 229/683
144 193 192 204/847
145 193 193 206/609
145 193 192 67/273
146 193 193 179/527
146 193 192 250/997
147 193 193 86/251
147 193 192 149/584
148 193 193 239/695
148 193 192 233/895
149 193 193 94/271
149 193 192 91/344
150 193 193 317/911
150 193 192 55/204
151 193 193 73/208
151 193 192 249/910
152 193 193 322/915
152 193 192 212/761
153 193 193 219/617
153 193 192 233/825
154 193 193 233/655
154 193 192 79/275
155 193 193 277/772
155 193 192 151/519
156 193 193 170/473
156 193 192 55/186
157 193 193 62/171
157 193 192 263/879
158 193 193 249/686
158 193 192 196/645
159 193 193 319/871
159 193 192 208/677
160 193 193 155/423
160 193 192 179/574
161 193 193 341/922
161 193 192 23/73
162 193 193 71/192
162 193 192 319/998
163 193 193 351/940
163 193 192 295/914
164 193 193 97/260
164 193 192 181/553
165 193 193 121/321
165 193 192 295/893
166 193 193 251/667
166 193 192 211/630
167 193 193 379/996
167 193 192 49/145
168 193 193 241/635
168 193 192 136/397
169 193 193 350/911
169 193 192 75/217
170 193 193 80/209
170 193 192 137/391
171 193 193 383/987
171 193 192 64/181
172 193 193 217/562
172 193 192 109/304
173 193 193 131/334
173 193 192 361/997
174 193 193 309/793
174 193 192 18/49
175 193 193 256/645
175 193 192 302/813
176 193 193 61/155
176 193 192 364/965
177 193 193 367/912
177 193 192 13/34
178 193 193 283/711
178 193 192 173/445
179 193 193 97/237
179 193 192 239/604
180 193 193 393/974
180 193 192 360/893
181 193 193 218/521
181 193 192 274/663
182 193 193 131/319
182 193 192 239/566
183 193 193 391/906
183 193 192 249/568
184 193 193 335/796
184 193 192 112/249
185 193 193 128/283
185 193 192 314/657
186 193 193 429/982
186 193 192 411/833
187 193 193 291/595
187 193 192 538/981
188 193 193 47/101
188 193 192 349/611
189 193 193 11/21
189 193 192 258/427
190 193 193 242/503
190 193 192 409/642
191 193 193 665/998
191 193 192 762/875
192 193 193 153/259
192 193 192 226/235
193 193 193 417/772
193 193 192 427/978
104 194 194 103/777
104 194 193 46/981
105 194 194 129/955
105 194 193 1/21
106 194 194 118/857
106 194 193 36/745
107 194 194 37/264
107 194 193 5/102
108 194 194 136/953
108 194 193 9/181
109 194 194 46/317
109 194 193 25/496
110 194 194 102/691
110 194 193 51/998
111 194 194 148/987
111 194 193 25/483
112 194 194 57/374
112 194 193 29/553
113 194 194 127/821
113 194 193 49/923
114 194 194 41/261
114 194 193 53/986
115 194 194 65/408
115 194 193 49/901
116 194 194 113/699
116 194 193 53/963
117 194 194 125/763
117 194 193 32/575
118 194 194 152/915
118 194 193 47/835
119 194 194 18/107
119 194 193 45/791
120 194 194 127/745
120 194 193 49/852
121 194 194 172/997
121 194 193 47/809
122 194 194 105/601
122 194 193 29/494
123 194 194 138/781
123 194 193 31/523
124 194 194 169/945
124 194 193 27/451
125 194 194 109/603
125 194 193 20/331
126 194 194 177/968
126 194 193 28/459
127 194 194 162/877
127 194 193 4/65
128 194 194 110/589
128 194 193 59/950
129 194 194 155/822
129 194 193 59/942
130 194 194 113/593
130 194 193 52/823
131 194 194 5/26
131 194 193 10/157
132 194 194 27/139
132 194 193 44/685
133 194 194 125/638
133 194 193 20/309
134 194 194 127/642
134 194 193 40/613
135 194 194 71/356
135 194 193 61/928
136 194 194 94/467
136 194 193 21/317
137 194 194 157/774
137 194 193 66/989
138 194 194 185/904
138 194 193 41/610
139 194 194 47/228
139 194 193 59/872
140 194 194 179/861
140 194 193 49/719
141 194 194 184/879
141 194 193 50/729
142 194 194 172/815
142 194 193 48/695
143 194 194 202/951
143 194 193 64/921
144 194 194 149/696
144 194 193 44/629
145 194 194 14/65
145 194 193 52/739
146 194 194 199/917
146 194 193 58/819
147 194 194 122/559
147 194 193 24/337
148 194 194 82/373
148 194 193 67/935
149 194 194 101/457
149 194 193 58/805
150 194 194 217/975
150 194 193 64/883
151 194 194 155/693
151 194 193 40/549
152 194 194 211/937
152 194 193 48/655
153 194 194 88/389
153 194 193 26/353
154 194 194 189/830
154 194 193 2/27
155 194 194 126/551
155 194 193 23/309
156 194 194 197/856
156 194 193 58/775
157 194 194 204/883
157 194 193 47/625
158 194 194 199/856
158 194 193 22/291
159 194 194 199/853
159 194 193 73/961
160 194 194 169/720
160 194 193 31/406
161 194 194 158/671
161 194 193 29/378
162 194 194 140/591
162 194 193 31/402
163 194 194 148/623
163 194 193 53/684
164 194 194 103/431
164 194 193 69/886
165 194 194 224/935
165 194 193 76/971
166 194 194 221/917
166 194 193 59/750
167 194 194 57/236
167 194 193 76/961
168 194 194 225/926
168 194 193 50/629
169 194 194 37/152
169 194 193 67/838
170 194 194 157/641
170 194 193 61/759
171 194 194 235/958
171 194 193 36/445
172 194 194 79/320
172 194 193 17/209
173 194 194 219/886
173 194 193 5/61
174 194 194 219/880
174 194 193 23/279
175 194 194 70/281
175 194 193 67/805
176 194 194 131/522
176 194 193 17/203
177 194 194 213/848
177 194 193 44/519
178 194 194 136/537
178 194 193 81/949
179 194 194 18/71
179 194 193 67/772
180 194 194 248/969
180 194 193 83/949
181 194 194 212/827
181 194 193 6/67
182 194 194 258/995
182 194 193 77/852
183 194 194 212/815
183 194 193 65/694
184 194 194 195/739
184 194 193 84/887
185 194 194 257/967
185 194 193 36/359
186 194 194 211/779
186 194 193 6/59
187 194 194 27/98
187 194 193 11/98
188 194 194 272/961
188 194 193 67/586
189 194 194 50/169
189 194 193 123/893
190 194 194 181/587
190 194 193 110/779
191 194 194 229/694
191 194 193 109/991
192 194 194 424/951
192 194 193 276/695
193 194 194 83/178
193 194 193 288/659
194 194 194 224/381
194 194 193 31/379
