# UNIF(n=190,lo,hi): D_ren + dipoles; lines "lo hi level amplitude" for the corrected intervals
164 164 164 48/989
164 164 163 -2/719
165 165 165 7/226
165 165 164 -4/943
166 166 166 55/928
166 166 165 1/994
167 167 167 10/319
167 167 166 -5/568
168 168 168 65/918
168 168 167 4/837
169 169 169 1/31
169 169 168 -8/591
170 170 170 40/479
170 170 169 3/349
171 171 171 34/371
171 171 170 53/639
172 172 172 23/235
172 172 171 6/479
171 173 173 62/741
171 173 172 33/488
173 173 173 97/917
173 173 172 77/780
172 174 174 87/946
172 174 173 1/127
174 174 174 97/846
174 174 173 15/899
173 175 175 99/922
173 175 174 1/10
175 175 175 67/551
175 175 174 74/643
172 176 176 96/979
172 176 175 8/831
174 176 176 113/960
174 176 175 12/695
176 176 176 131/970
176 176 175 21/989
173 177 177 81/676
173 177 176 107/903
175 177 177 125/927
175 177 176 121/886
177 177 177 107/757
177 177 176 46/341
174 178 178 106/793
174 178 177 11/452
176 178 178 23/423
176 178 177 -1/30
178 178 178 148/919
178 178 177 20/757
173 179 179 90/617
173 179 178 49/309
175 179 179 113/715
175 179 178 166/959
177 179 179 111/658
177 179 178 143/790
178 179 179 81/467
178 179 178 269/922
179 179 179 58/347
179 179 178 159/994
172 180 180 93/614
172 180 179 12/361
174 180 180 17/103
174 180 179 24/623
176 180 180 37/209
176 180 179 33/802
177 180 180 137/751
177 180 179 9/97
178 180 180 31/523
178 180 179 -15/338
179 180 180 16/993
179 180 179 -6/901
180 180 180 31/158
180 180 179 11/337
171 181 181 95/531
171 181 180 206/977
173 181 181 93/491
173 181 180 96/425
174 181 181 121/623
174 181 180 249/877
175 181 181 158/795
175 181 180 193/815
176 181 181 41/202
176 181 180 53/172
177 181 181 6/29
177 181 180 167/689
178 181 181 207/983
178 181 180 322/963
179 181 181 203/949
179 181 180 73/304
180 181 181 202/931
180 181 180 26/71
181 181 181 99/488
181 181 180 53/274
170 182 182 89/455
170 182 181 22/425
172 182 182 191/921
172 182 181 41/713
173 182 182 113/531
173 182 181 43/508
174 182 182 197/904
174 182 181 59/958
175 182 182 49/220
175 182 181 74/781
176 182 182 192/845
176 182 181 35/551
177 182 182 28/121
177 182 181 81/766
178 182 182 4/17
178 182 181 59/946
179 182 182 198/829
179 182 181 91/765
180 182 182 222/917
180 182 181 53/943
181 182 182 210/857
181 182 181 123/896
182 182 182 51/662
182 182 181 -35/472
167 183 183 44/571
167 183 182 -1/165
169 183 183 41/559
169 183 182 -12/799
170 183 183 1/16
170 183 182 -9/893
171 183 183 30/427
171 183 182 -11/469
172 183 183 31/538
172 183 182 -16/991
173 183 183 29/427
173 183 182 -30/953
174 183 183 33/626
174 183 182 -11/523
175 183 183 55/827
175 183 182 -11/280
176 183 183 27/568
176 183 182 -23/939
177 183 183 95/349
177 183 182 183/530
178 183 183 161/586
178 183 182 316/755
179 183 183 243/877
179 183 182 177/517
180 183 183 270/967
180 183 182 319/720
181 183 183 31/422
181 183 182 -57/851
182 183 183 15/676
182 183 182 -13/716
183 183 183 39/454
183 183 182 -10/119
164 184 184 241/921
164 184 183 66/905
165 184 184 259/969
165 184 183 37/433
166 184 184 271/994
166 184 183 41/514
167 184 184 202/727
167 184 183 13/139
168 184 184 278/983
168 184 183 61/711
169 184 184 90/313
169 184 183 74/731
170 184 184 283/969
170 184 183 1/11
171 184 184 219/739
171 184 183 104/957
172 184 184 143/476
172 184 183 23/242
173 184 184 178/585
173 184 183 107/922
174 184 184 222/721
174 184 183 93/950
175 184 184 33/106
175 184 183 45/364
176 184 184 284/903
176 184 183 56/565
177 184 184 227/715
177 184 183 88/667
178 184 184 220/687
178 184 183 53/541
179 184 184 112/347
179 184 183 24/169
180 184 184 105/323
180 184 183 79/850
181 184 184 230/703
181 184 183 106/679
182 184 184 281/854
182 184 183 12/149
183 184 184 292/883
183 184 183 61/339
184 184 184 183/551
184 184 183 37/726
159 185 185 327/946
159 185 184 49/107
160 185 185 191/547
160 185 184 289/610
161 185 185 336/953
161 185 184 353/749
162 185 185 353/992
162 185 184 424/869
163 185 185 275/766
163 185 184 368/761
164 185 185 353/975
164 185 184 193/385
165 185 185 319/874
165 185 184 47/95
166 185 185 345/938
166 185 184 497/967
167 185 185 299/807
167 185 184 427/846
168 185 185 269/721
168 185 184 253/481
169 185 185 83/221
169 185 184 363/707
170 185 185 291/770
170 185 184 43/80
171 185 185 46/121
171 185 184 88/169
172 185 185 367/960
172 185 184 231/421
173 185 185 191/497
173 185 184 10/19
174 185 185 375/971
174 185 184 201/359
175 185 185 381/982
175 185 184 471/889
176 185 185 369/947
176 185 184 387/677
177 185 185 169/432
177 185 184 331/624
178 185 185 64/163
178 185 184 554/947
179 185 185 392/995
179 185 184 325/617
180 185 185 360/911
180 185 184 56/93
181 185 185 212/535
181 185 184 384/745
182 185 185 288/725
182 185 184 478/761
183 185 185 84/211
183 185 184 209/428
184 185 185 334/853
184 185 184 573/865
185 185 185 340/979
185 185 184 248/787
150 186 186 373/940
150 186 185 101/993
151 186 186 166/413
151 186 185 82/759
152 186 186 317/779
152 186 185 94/863
153 186 186 7/17
153 186 185 106/919
154 186 186 252/605
154 186 185 89/769
155 186 186 275/653
155 186 185 17/139
156 186 186 349/820
156 186 185 16/131
157 186 186 89/207
157 186 185 70/543
158 186 186 277/638
158 186 185 87/679
159 186 186 181/413
159 186 185 131/969
160 186 186 88/199
160 186 185 73/546
161 186 186 405/908
161 186 185 47/333
162 186 186 85/189
162 186 185 133/958
163 186 186 199/439
163 186 185 16/109
164 186 186 227/497
164 186 185 63/439
165 186 186 190/413
165 186 185 124/815
166 186 186 359/775
166 186 185 61/413
167 186 186 159/341
167 186 185 39/248
168 186 186 99/211
168 186 185 61/403
169 186 186 219/464
169 186 185 6/37
170 186 186 365/769
170 186 185 59/382
171 186 186 209/438
171 186 185 101/605
172 186 186 223/465
172 186 185 149/950
173 186 186 199/413
173 186 185 17/99
174 186 186 287/593
174 186 185 16/101
175 186 186 451/928
175 186 185 135/764
176 186 186 181/371
176 186 185 149/938
177 186 186 401/819
177 186 185 146/801
178 186 186 477/971
178 186 185 131/831
179 186 186 407/826
179 186 185 185/978
180 186 186 293/593
180 186 185 83/540
181 186 186 53/107
181 186 185 41/206
182 186 186 487/981
182 186 185 25/173
183 186 186 479/963
183 186 185 176/815
184 186 186 427/857
184 186 185 109/886
185 186 186 481/964
185 186 185 67/265
186 186 186 499/999
186 186 185 55/867
133 187 187 8/25
133 187 186 197/963
134 187 187 179/556
134 187 186 79/375
135 187 187 79/243
135 187 186 176/815
136 187 187 322/985
136 187 186 148/667
137 187 187 167/506
137 187 186 170/749
138 187 187 273/823
138 187 186 226/971
139 187 187 75/224
139 187 186 221/930
140 187 187 297/883
140 187 186 235/966
141 187 187 314/925
141 187 186 151/609
142 187 187 227/666
142 187 186 129/509
143 187 187 335/974
143 187 186 236/915
144 187 187 311/901
144 187 186 119/452
145 187 187 295/847
145 187 186 99/370
146 187 187 298/853
146 187 186 272/997
147 187 187 141/400
147 187 186 139/502
148 187 187 229/648
148 187 186 249/883
149 187 187 46/129
149 187 186 203/710
150 187 187 333/932
150 187 186 16/55
151 187 187 128/355
151 187 186 160/543
152 187 187 230/637
152 187 186 68/227
153 187 187 207/568
153 187 186 241/795
154 187 187 337/924
154 187 186 85/276
155 187 187 102/277
155 187 186 161/517
156 187 187 253/687
156 187 186 295/933
157 187 187 138/371
157 187 186 77/241
158 187 187 71/191
158 187 186 226/697
159 187 187 207/551
159 187 186 261/797
160 187 187 374/997
160 187 186 201/605
161 187 187 247/651
161 187 186 268/799
162 187 187 257/679
162 187 186 329/967
163 187 187 64/167
163 187 186 249/725
164 187 187 312/817
164 187 186 224/643
165 187 187 297/767
165 187 186 51/145
166 187 187 358/929
166 187 186 167/468
167 187 187 157/401
167 187 186 314/871
168 187 187 319/820
168 187 186 146/399
169 187 187 323/815
169 187 186 315/851
170 187 187 248/631
170 187 186 185/492
171 187 187 373/928
171 187 186 289/758
172 187 187 332/835
172 187 186 337/869
173 187 187 101/247
173 187 186 199/504
174 187 187 102/253
174 187 186 169/420
175 187 187 309/739
175 187 186 373/904
176 187 187 71/173
176 187 186 35/83
177 187 187 377/874
177 187 186 356/813
178 187 187 403/958
178 187 186 435/968
179 187 187 137/303
179 187 186 213/446
180 187 187 107/245
180 187 186 322/653
181 187 187 377/771
181 187 186 438/799
182 187 187 288/619
182 187 186 197/345
183 187 187 287/548
183 187 186 415/687
184 187 187 216/449
184 187 186 286/449
185 187 187 665/998
185 187 186 755/867
186 187 187 573/970
186 187 186 803/835
187 187 187 491/909
187 187 186 272/623
100 188 188 125/959
100 188 187 33/713
101 188 188 121/910
101 188 187 15/319
102 188 188 100/737
102 188 187 29/607
103 188 188 137/991
103 188 187 21/433
104 188 188 134/951
104 188 187 29/589
105 188 188 75/523
105 188 187 42/841
106 188 188 139/952
106 188 187 42/829
107 188 188 148/997
107 188 187 19/370
108 188 188 114/755
108 188 187 24/461
109 188 188 123/802
109 188 187 28/531
110 188 188 149/956
110 188 187 39/730
111 188 188 152/961
111 188 187 53/980
112 188 188 53/330
112 188 187 19/347
113 188 188 121/743
113 188 187 19/343
114 188 188 96/581
114 188 187 56/999
115 188 188 149/890
115 188 187 14/247
116 188 188 46/271
116 188 187 9/157
117 188 188 171/995
117 188 187 42/725
118 188 188 136/781
118 188 187 53/905
119 188 188 37/210
119 188 187 53/896
120 188 188 157/880
120 188 187 26/435
121 188 188 81/449
121 188 187 7/116
122 188 188 111/608
122 188 187 22/361
123 188 188 119/645
123 188 187 50/813
124 188 188 170/911
124 188 187 47/757
125 188 188 85/451
125 188 187 61/974
126 188 188 177/929
126 188 187 62/981
127 188 188 5/26
127 188 187 13/204
128 188 188 48/247
128 188 187 9/140
129 188 188 189/964
129 188 187 30/463
130 188 188 20/101
130 188 187 59/903
131 188 188 128/641
131 188 187 58/881
132 188 188 101/501
132 188 187 44/663
133 188 188 89/438
133 188 187 25/374
134 188 188 138/673
134 188 187 58/861
135 188 188 69/334
135 188 187 39/575
136 188 188 134/643
136 188 187 63/922
137 188 188 183/872
137 188 187 13/189
138 188 188 91/430
138 188 187 39/563
139 188 188 193/906
139 188 187 55/789
140 188 188 67/312
140 188 187 69/983
141 188 188 121/560
141 188 187 68/963
142 188 188 211/969
142 188 187 29/408
143 188 188 189/863
143 188 187 71/993
144 188 188 171/775
144 188 187 69/959
145 188 188 63/284
145 188 187 28/387
146 188 188 185/828
146 188 187 19/261
147 188 188 86/383
147 188 187 71/970
148 188 188 168/743
148 188 187 67/910
149 188 188 169/744
149 188 187 43/581
150 188 188 110/481
150 188 187 53/712
151 188 188 206/897
151 188 187 71/949
152 188 188 224/969
152 188 187 24/319
153 188 188 139/599
153 188 187 40/529
154 188 188 181/775
154 188 187 72/947
155 188 188 221/943
155 188 187 23/301
156 188 188 229/971
156 188 187 59/768
157 188 188 185/782
157 188 187 62/803
158 188 188 234/983
158 188 187 77/992
159 188 188 206/863
159 188 187 38/487
160 188 188 202/841
160 188 187 4/51
161 188 188 215/893
161 188 187 28/355
162 188 188 196/809
162 188 187 67/845
163 188 188 151/622
163 188 187 69/865
164 188 188 43/176
164 188 187 32/399
165 188 188 151/617
165 188 187 13/161
166 188 188 169/686
166 188 187 79/973
167 188 188 243/985
167 188 187 73/892
168 188 188 79/318
168 188 187 27/328
169 188 188 145/583
169 188 187 65/782
170 188 188 105/419
170 188 187 68/813
171 188 188 220/877
171 188 187 73/862
172 188 188 64/253
172 188 187 11/129
173 188 188 214/845
173 188 187 47/542
174 188 188 213/833
174 188 187 52/595
175 188 188 198/773
175 188 187 81/905
176 188 188 64/247
176 188 187 85/941
177 188 188 176/677
177 188 187 22/235
178 188 188 24/91
178 188 187 71/750
179 188 188 123/463
179 188 187 40/399
180 188 188 88/325
180 188 187 67/659
181 188 188 203/737
181 188 187 56/499
182 188 188 221/781
182 188 187 103/901
183 188 188 205/693
183 188 187 23/167
184 188 188 267/866
184 188 187 73/517
185 188 188 65/197
185 188 187 65/591
186 188 188 177/397
186 188 187 334/841
187 188 188 173/371
187 188 187 281/643
188 188 188 565/961
188 188 187 53/648
