# UNIF(n=233,lo,hi): D_ren + dipoles; lines "lo hi level amplitude" for the corrected intervals
203 203 203 11/266
203 203 202 -2/677
204 204 204 24/895
204 204 203 -2/719
205 205 205 23/465
205 205 204 0
206 206 206 1/37
206 206 205 -5/801
207 207 207 9/155
207 207 206 2/689
208 208 208 10/363
208 208 207 -7/715
209 209 209 53/787
209 209 208 4/685
210 210 210 23/808
210 210 209 -8/593
211 211 211 66/851
211 211 210 4/453
212 212 212 29/971
212 212 211 -11/631
211 213 213 25/382
211 213 212 1/1000
213 213 213 13/146
213 213 212 5/419
212 214 214 23/616
212 214 213 -5/938
214 214 214 41/430
214 214 213 59/658
213 215 215 59/709
213 215 214 5/671
215 215 215 84/821
215 215 214 7/460
214 216 216 56/589
214 216 215 53/600
216 216 216 94/871
216 216 215 73/711
213 217 217 5/58
213 217 216 3/386
215 217 217 27/262
215 217 216 3/205
217 217 217 101/855
217 217 216 16/851
214 218 218 25/586
214 218 217 -1/137
216 218 218 57/491
216 218 217 78/673
218 218 218 113/917
218 218 217 58/491
215 219 219 19/168
215 219 218 1/53
217 219 219 96/761
217 219 218 11/490
219 219 219 110/799
219 219 218 9/394
214 220 220 118/983
214 220 219 33/262
216 220 220 113/861
216 220 219 37/265
218 220 220 37/262
218 220 219 123/829
220 220 220 127/891
220 220 219 137/999
213 221 221 96/791
213 221 220 21/907
215 221 221 48/359
215 221 220 13/461
217 221 221 142/981
217 221 220 21/673
219 221 221 38/757
219 221 220 -18/497
220 221 221 146/919
220 221 220 36/395
221 221 221 80/491
221 221 220 25/906
214 222 222 32/215
214 222 221 151/887
216 222 222 157/994
216 222 221 83/458
217 222 222 77/475
217 222 221 25/101
218 222 222 43/259
218 222 221 41/218
219 222 222 103/607
219 222 221 265/979
220 222 222 148/855
220 222 221 166/877
221 222 222 49/278
221 222 221 30/101
222 222 222 151/899
222 222 221 131/811
213 223 223 149/945
213 223 222 17/432
215 223 223 128/763
215 223 222 1/23
216 223 223 5/29
216 223 222 74/983
217 223 223 67/379
217 223 222 33/719
218 223 223 89/492
218 223 222 42/493
219 223 223 155/839
219 223 222 35/761
220 223 223 100/531
220 223 222 11/114
221 223 223 4/71
221 223 222 -15/323
222 223 223 6/421
222 223 222 -2/251
223 223 223 47/238
223 223 222 31/927
212 224 224 161/867
212 224 223 64/281
213 224 224 180/949
213 224 223 221/828
214 224 224 124/641
214 224 223 206/863
215 224 224 93/472
215 224 223 271/953
216 224 224 189/943
216 224 223 41/166
217 224 224 45/221
217 224 223 266/881
218 224 224 131/634
218 224 223 33/131
219 224 224 111/530
219 224 223 317/989
220 224 224 88/415
220 224 223 198/785
221 224 224 83/387
221 224 223 40/117
222 224 224 109/503
222 224 223 95/387
223 224 224 7/32
223 224 223 17/46
224 224 224 12/59
224 224 223 7/36
209 225 225 46/235
209 225 224 46/853
210 225 225 137/683
210 225 224 48/683
211 225 225 118/575
211 225 224 52/879
212 225 225 100/477
212 225 224 7/90
213 225 225 145/678
213 225 224 33/520
214 225 225 39/179
214 225 224 39/458
215 225 225 139/627
215 225 224 1/15
216 225 225 212/941
216 225 224 34/367
217 225 225 110/481
217 225 224 68/993
218 225 225 16/69
218 225 224 49/487
219 225 225 97/413
219 225 224 13/190
220 225 225 101/425
220 225 224 107/975
221 225 225 221/920
221 225 224 27/412
222 225 225 90/371
222 225 224 104/857
223 225 225 233/952
223 225 224 37/639
224 225 225 206/835
224 225 224 127/918
225 225 225 13/170
225 225 224 -63/845
206 226 226 47/635
206 226 225 -5/648
207 226 226 63/940
207 226 225 -3/518
208 226 226 66/929
208 226 225 -14/953
209 226 226 5/79
209 226 225 -1/86
210 226 226 59/862
210 226 225 -1/47
211 226 226 41/687
211 226 225 -13/773
212 226 226 11/166
212 226 225 -3/109
213 226 226 53/944
213 226 225 -11/516
214 226 226 64/991
214 226 225 -29/866
215 226 226 52/989
215 226 225 -18/719
216 226 226 4/63
216 226 225 -31/789
217 226 226 13/266
217 226 225 -16/575
218 226 226 45/712
218 226 225 -43/953
219 226 226 37/827
219 226 225 -29/985
220 226 226 163/589
220 226 225 254/717
221 226 226 262/941
221 226 225 399/937
222 226 226 278/993
222 226 225 283/813
223 226 226 121/430
223 226 225 17/38
224 226 226 25/344
224 226 225 -67/980
225 226 226 12/553
225 226 225 -7/368
226 226 226 67/782
226 226 225 -32/379
201 227 227 19/73
201 227 226 65/898
202 227 227 129/487
202 227 226 73/898
203 227 227 268/995
203 227 226 21/268
204 227 227 133/486
204 227 226 55/626
205 227 227 277/997
205 227 226 83/990
206 227 227 73/259
206 227 226 91/967
207 227 227 2/7
207 227 226 42/473
208 227 227 288/995
208 227 226 100/999
209 227 227 80/273
209 227 226 37/397
210 227 227 244/823
210 227 226 51/482
211 227 227 259/864
211 227 226 74/763
212 227 227 156/515
212 227 226 95/853
213 227 227 264/863
213 227 226 100/999
214 227 227 222/719
214 227 226 115/984
215 227 227 19/61
215 227 226 101/987
216 227 227 244/777
216 227 226 67/547
217 227 227 281/888
217 227 226 44/425
218 227 227 138/433
218 227 226 78/607
219 227 227 248/773
219 227 226 22/213
220 227 227 235/728
220 227 226 107/790
221 227 227 286/881
221 227 226 93/922
222 227 227 31/95
222 227 226 69/478
223 227 227 279/851
223 227 226 29/306
224 227 227 134/407
224 227 226 20/127
225 227 227 309/935
225 227 226 11/135
226 227 227 63/190
226 227 226 89/493
227 227 227 138/415
227 227 226 27/527
194 228 228 87/254
194 228 227 275/604
195 228 228 19/55
195 228 227 461/988
196 228 228 333/956
196 228 227 216/463
197 228 228 283/806
197 228 227 197/412
198 228 228 259/732
198 228 227 406/851
199 228 228 149/418
199 228 227 473/967
200 228 228 205/571
200 228 227 187/384
201 228 228 77/213
201 228 227 499/999
202 228 228 242/665
202 228 227 65/131
203 228 228 256/699
203 228 227 454/891
204 228 228 276/749
204 228 227 54/107
205 228 228 321/866
205 228 227 519/1000
206 228 228 167/448
206 228 227 433/845
207 228 228 226/603
207 228 227 66/125
208 228 228 298/791
208 228 227 509/980
209 228 228 131/346
209 228 227 381/710
210 228 228 299/786
210 228 227 433/824
211 228 228 248/649
211 228 227 467/857
212 228 228 279/727
212 228 227 511/963
213 228 228 289/750
213 228 227 537/971
214 228 228 229/592
214 228 227 532/995
215 228 228 33/85
215 228 227 523/932
216 228 228 284/729
216 228 227 187/348
217 228 228 324/829
217 228 227 311/546
218 228 228 167/426
218 228 227 211/392
219 228 228 366/931
219 228 227 11/19
220 228 228 391/992
220 228 227 476/887
221 228 228 194/491
221 228 227 517/876
222 228 228 158/399
222 228 227 257/484
223 228 228 371/935
223 228 227 284/469
224 228 228 64/161
224 228 227 43/83
225 228 228 391/982
225 228 227 591/938
226 228 228 380/953
226 228 227 71/145
227 228 228 163/416
227 228 227 421/635
228 228 228 9/71
228 228 227 -121/959
183 229 229 386/983
183 229 228 37/380
184 229 229 389/980
184 229 228 93/910
185 229 229 215/536
185 229 228 84/811
186 229 229 171/422
186 229 228 76/701
187 229 229 293/716
187 229 228 99/904
188 229 229 371/898
188 229 228 31/271
189 229 229 113/271
189 229 228 113/981
190 229 229 268/637
190 229 228 40/333
191 229 229 362/853
191 229 228 106/879
192 229 229 401/937
192 229 228 26/207
193 229 229 107/248
193 229 228 87/692
194 229 229 267/614
194 229 228 95/726
195 229 229 163/372
195 229 228 117/896
196 229 229 403/913
196 229 228 25/184
197 229 229 441/992
197 229 228 133/984
198 229 229 393/878
198 229 228 82/583
199 229 229 155/344
199 229 228 76/545
200 229 229 268/591
200 229 228 141/971
201 229 229 313/686
201 229 228 69/481
202 229 229 442/963
202 229 228 118/789
203 229 229 457/990
203 229 228 49/333
204 229 229 123/265
204 229 228 81/527
205 229 229 461/988
205 229 228 143/950
206 229 229 257/548
206 229 228 137/869
207 229 229 41/87
207 229 228 43/280
208 229 229 223/471
208 229 228 67/415
209 229 229 146/307
209 229 228 5/32
210 229 229 437/915
210 229 228 88/533
211 229 229 82/171
211 229 228 13/82
212 229 229 375/779
212 229 228 167/990
213 229 229 459/950
213 229 228 55/343
214 229 229 16/33
214 229 228 149/865
215 229 229 448/921
215 229 228 149/922
216 229 229 182/373
216 229 228 98/557
217 229 229 23/47
217 229 228 161/993
218 229 229 290/591
218 229 228 97/539
219 229 229 458/931
219 229 228 151/934
220 229 229 465/943
220 229 228 41/222
221 229 229 85/172
221 229 228 99/620
222 229 229 359/725
222 229 228 117/613
223 229 229 253/510
223 229 228 29/187
224 229 229 481/968
224 229 228 200/999
225 229 229 105/211
225 229 228 117/805
226 229 229 289/580
226 229 228 191/882
227 229 229 429/860
227 229 228 59/478
228 229 229 362/725
228 229 228 247/976
229 229 229 499/999
229 229 228 61/960
164 230 230 297/929
164 230 229 174/833
165 230 230 197/613
165 230 229 181/847
166 230 230 205/633
166 230 229 163/748
167 230 230 55/169
167 230 229 63/283
168 230 230 201/613
168 230 229 197/869
169 230 230 307/932
169 230 229 34/147
170 230 230 221/666
170 230 229 235/999
171 230 230 1/3
171 230 229 35/146
172 230 230 241/718
172 230 229 179/735
173 230 230 154/457
173 230 229 179/722
174 230 230 281/828
174 230 229 197/783
175 230 230 203/596
175 230 229 250/977
176 230 230 154/449
176 230 229 117/451
177 230 230 319/927
177 230 229 213/808
178 230 230 79/228
178 230 229 251/940
179 230 230 253/728
179 230 229 260/959
180 230 230 176/503
180 230 229 45/164
181 230 230 127/362
181 230 229 125/449
182 230 230 77/218
182 230 229 154/547
183 230 230 268/757
183 230 229 161/564
184 230 230 355/996
184 230 229 15/52
185 230 230 5/14
185 230 229 278/951
186 230 230 32/89
186 230 229 209/708
187 230 230 112/311
187 230 229 293/980
188 230 230 318/877
188 230 229 296/981
189 230 230 110/303
189 230 229 157/514
190 230 230 155/424
190 230 229 61/198
191 230 230 15/41
191 230 229 284/911
192 230 230 367/996
192 230 229 313/996
193 230 230 331/898
193 230 229 247/777
194 230 230 339/913
194 230 229 254/793
195 230 230 323/870
195 230 229 229/707
196 230 230 52/139
196 230 229 107/328
197 230 230 289/773
197 230 229 281/852
198 230 230 251/666
198 230 229 173/521
199 230 230 364/967
199 230 229 289/861
200 230 230 153/403
200 230 229 25/74
201 230 230 36/95
201 230 229 307/899
202 230 230 109/285
202 230 229 233/678
203 230 230 140/367
203 230 229 338/973
204 230 230 163/423
204 230 229 122/349
205 230 230 149/388
205 230 229 88/249
206 230 230 207/533
206 230 229 53/149
207 230 230 220/569
207 230 229 159/442
208 230 230 215/549
208 230 229 280/773
209 230 230 331/850
209 230 229 232/633
210 230 230 83/210
210 230 229 345/934
211 230 230 259/660
211 230 229 337/901
212 230 230 272/681
212 230 229 353/935
213 230 230 19/48
213 230 229 354/925
214 230 230 362/895
214 230 229 299/772
215 230 230 399/998
215 230 229 197/501
216 230 230 316/769
216 230 229 235/588
217 230 230 311/768
217 230 229 98/241
218 230 230 277/660
218 230 229 326/783
219 230 230 7/17
219 230 229 150/353
220 230 230 407/941
220 230 229 26/59
221 230 230 183/434
221 230 229 323/715
222 230 230 419/925
222 230 229 434/905
223 230 230 325/743
223 230 229 47/95
224 230 230 397/811
224 230 229 161/293
225 230 230 414/889
225 230 229 409/715
226 230 230 501/956
226 230 229 571/944
227 230 230 103/214
227 230 229 197/309
228 230 230 665/998
228 230 229 304/349
229 230 230 423/716
229 230 229 907/943
230 230 230 437/809
230 230 229 162/371
122 231 231 86/661
122 231 230 3/65
123 231 231 70/529
123 231 230 13/278
124 231 231 105/781
124 231 230 26/549
125 231 231 119/871
125 231 230 33/688
126 231 231 62/447
126 231 230 5/103
127 231 231 10/71
127 231 230 43/875
128 231 231 1/7
128 231 230 26/523
129 231 231 68/469
129 231 230 42/835
130 231 231 117/796
130 231 230 50/983
131 231 231 79/530
131 231 230 43/836
132 231 231 127/841
132 231 230 38/731
133 231 231 88/575
133 231 230 33/628
134 231 231 86/555
134 231 230 43/810
135 231 231 35/223
135 231 230 14/261
136 231 231 27/170
136 231 230 13/240
137 231 231 132/821
137 231 230 18/329
138 231 231 127/781
138 231 230 47/851
139 231 231 90/547
139 231 230 15/269
140 231 231 81/487
140 231 230 22/391
141 231 231 91/541
141 231 230 23/405
142 231 231 155/912
142 231 230 57/995
143 231 231 39/227
143 231 230 53/917
144 231 231 131/755
144 231 230 19/326
145 231 231 27/154
145 231 230 58/987
146 231 231 20/113
146 231 230 8/135
147 231 231 101/565
147 231 230 53/887
148 231 231 103/571
148 231 230 51/847
149 231 231 108/593
149 231 230 40/659
150 231 231 124/675
150 231 230 48/785
151 231 231 155/836
151 231 230 35/568
152 231 231 169/904
152 231 230 53/854
153 231 231 169/896
153 231 230 1/16
154 231 231 173/910
154 231 230 61/969
155 231 231 144/751
155 231 230 35/552
156 231 231 142/735
156 231 230 3/47
157 231 231 187/960
157 231 230 25/389
158 231 231 176/897
158 231 230 13/201
159 231 231 71/359
159 231 230 53/814
160 231 231 185/929
160 231 230 49/748
161 231 231 60/299
161 231 230 6/91
162 231 231 142/703
162 231 230 51/769
163 231 231 35/172
163 231 230 65/974
164 231 231 146/713
164 231 230 10/149
165 231 231 139/674
165 231 230 37/548
166 231 231 50/241
166 231 230 67/987
167 231 231 169/809
167 231 230 48/703
168 231 231 204/971
168 231 230 65/947
169 231 231 173/818
169 231 230 41/594
170 231 231 212/997
170 231 230 65/937
171 231 231 55/257
171 231 230 68/975
172 231 231 168/781
172 231 230 41/585
173 231 231 179/827
173 231 230 57/809
174 231 231 169/777
174 231 230 47/664
175 231 231 114/521
175 231 230 18/253
176 231 231 173/787
176 231 230 1/14
177 231 231 197/891
177 231 230 66/919
178 231 231 159/716
178 231 230 59/818
179 231 231 113/506
179 231 230 69/952
180 231 231 198/883
180 231 230 58/797
181 231 231 85/377
181 231 230 65/889
182 231 231 208/919
182 231 230 53/722
183 231 231 157/690
183 231 230 41/556
184 231 231 182/797
184 231 230 57/770
185 231 231 129/562
185 231 230 69/928
186 231 231 193/838
186 231 230 5/67
187 231 231 203/877
187 231 230 41/547
188 231 231 88/379
188 231 230 58/771
189 231 231 7/30
189 231 230 38/503
190 231 231 128/547
190 231 230 58/765
191 231 231 87/370
191 231 230 37/486
192 231 231 91/386
192 231 230 56/733
193 231 231 194/819
193 231 230 55/717
194 231 231 137/577
194 231 230 77/1000
195 231 231 224/939
195 231 230 65/841
196 231 231 71/297
196 231 230 75/967
197 231 231 55/229
197 231 230 63/809
198 231 231 77/320
198 231 230 49/627
199 231 231 22/91
199 231 230 47/599
200 231 231 208/859
200 231 230 33/419
201 231 231 145/596
201 231 230 48/607
202 231 231 229/940
202 231 230 47/592
203 231 231 47/192
203 231 230 68/853
204 231 231 211/861
204 231 230 47/587
205 231 231 149/605
205 231 230 71/883
206 231 231 158/641
206 231 230 8/99
207 231 231 139/561
207 231 230 28/345
208 231 231 239/964
208 231 230 4/49
209 231 231 89/357
209 231 230 31/378
210 231 231 104/417
210 231 230 37/448
211 231 231 209/833
211 231 230 21/253
212 231 231 65/259
212 231 230 17/203
213 231 231 239/946
213 231 230 8/95
214 231 231 164/649
214 231 230 19/223
215 231 231 193/758
215 231 230 83/968
216 231 231 202/793
216 231 230 67/769
217 231 231 55/214
217 231 230 38/433
218 231 231 247/960
218 231 230 15/167
219 231 231 148/569
219 231 230 27/298
220 231 231 259/993
220 231 230 55/586
221 231 231 233/881
221 231 230 61/643
222 231 231 45/169
222 231 230 24/239
223 231 231 51/188
223 231 230 45/442
224 231 231 8/29
224 231 230 61/543
225 231 231 251/886
225 231 230 27/236
226 231 231 233/787
226 231 230 35/254
227 231 231 207/671
227 231 230 138/977
228 231 231 101/306
228 231 230 101/918
229 231 231 70/157
229 231 230 345/869
230 231 231 145/311
230 231 230 125/286
231 231 231 525/893
231 231 230 76/929
