# UNIF(n=191,lo,hi): D_ren + dipoles; lines "lo hi level amplitude" for the corrected intervals
165 165 165 48/983
165 165 164 -2/685
166 166 166 29/945
166 166 165 -1/236
167 167 167 5/84
167 167 166 1/1000
168 168 168 27/868
168 168 167 -8/909
169 169 169 37/521
169 169 168 3/641
170 170 170 5/156
170 170 169 -9/665
171 171 171 81/968
171 171 170 2/235
172 172 172 19/207
172 172 171 48/575
173 173 173 64/653
173 173 172 11/883
172 174 174 81/964
172 174 173 69/1000
174 174 174 87/823
174 174 173 42/425
173 175 175 6/65
173 175 174 5/649
175 175 175 108/941
175 175 174 8/481
174 176 176 38/353
174 176 175 10/99
176 176 176 101/831
176 176 175 41/356
173 177 177 20/203
173 177 176 9/959
175 177 177 107/907
175 177 176 8/467
177 177 177 5/37
177 177 176 21/991
174 178 178 81/674
174 178 177 65/542
176 178 178 116/859
176 178 177 118/859
178 178 178 13/92
178 178 177 61/452
173 179 179 89/757
173 179 178 13/739
175 179 179 13/97
175 179 178 22/911
177 179 179 41/754
177 179 178 -5/149
179 179 179 140/869
179 179 178 19/720
174 180 180 37/253
174 180 179 131/818
176 180 180 63/398
176 180 179 35/201
178 180 180 13/77
178 180 179 71/391
179 180 180 80/461
179 180 179 267/914
180 180 180 125/748
180 180 179 4/25
173 181 181 131/862
173 181 180 23/698
175 181 181 22/133
175 181 180 10/261
177 181 181 39/220
177 181 180 13/317
178 181 181 21/115
178 181 180 19/205
179 181 181 54/911
179 181 180 -42/943
180 181 181 16/993
180 181 180 -6/887
181 181 181 115/586
181 181 180 32/981
172 182 182 73/407
172 182 181 53/249
174 182 182 137/722
174 182 181 161/708
175 182 182 78/401
175 182 181 245/859
176 182 182 118/593
176 182 181 113/475
177 182 182 64/315
177 182 181 284/919
178 182 182 41/198
178 182 181 211/868
179 182 182 146/693
179 182 181 283/845
180 182 182 211/986
180 182 181 222/923
181 182 182 181/834
181 182 181 262/715
182 182 182 57/281
182 182 181 136/703
171 183 183 41/209
171 183 182 42/817
173 183 183 154/741
173 183 182 21/367
174 183 183 42/197
174 183 182 79/936
175 183 183 208/953
175 183 182 58/945
176 183 183 157/704
176 183 182 54/571
177 183 183 169/743
177 183 182 41/647
178 183 183 129/557
178 183 182 62/587
179 183 183 101/429
179 183 182 17/273
180 183 183 211/883
180 183 182 17/143
181 183 183 240/991
181 183 182 21/374
182 183 183 237/967
182 183 182 136/991
183 183 183 51/662
183 183 182 -25/337
168 184 184 9/118
168 184 183 -4/665
170 184 184 41/564
170 184 183 -4/267
171 184 184 20/323
171 184 183 -9/896
172 184 184 56/803
172 184 183 -13/555
173 184 184 57/997
173 184 183 -16/993
174 184 184 16/237
174 184 183 -24/763
175 184 184 31/592
175 184 183 -17/809
176 184 184 19/287
176 184 183 -15/382
177 184 184 33/698
177 184 183 -20/817
178 184 184 195/716
178 184 183 73/211
179 184 184 246/895
179 184 183 373/890
180 184 184 51/184
180 184 183 169/493
181 184 184 31/111
181 184 183 419/945
182 184 184 67/913
182 184 183 -43/642
183 184 184 19/858
183 184 183 -12/661
184 184 184 73/850
184 184 183 -10/119
165 185 185 169/644
165 185 184 60/829
166 185 185 231/862
166 185 184 22/259
167 185 185 211/772
167 185 184 77/971
168 185 185 235/844
168 185 184 89/956
169 185 185 17/60
169 185 184 24/281
170 185 185 214/743
170 185 184 23/228
171 185 185 253/865
171 185 184 28/309
172 185 185 100/337
172 185 184 40/369
173 185 185 197/655
173 185 184 20/211
174 185 185 173/568
174 185 184 30/259
175 185 185 298/967
175 185 184 17/174
176 185 185 143/459
176 185 184 10/81
177 185 185 107/340
177 185 184 77/778
178 185 185 27/85
178 185 184 104/789
179 185 185 173/540
179 185 184 55/562
180 185 185 247/765
180 185 184 131/923
181 185 185 199/612
181 185 184 30/323
182 185 185 304/929
182 185 184 130/833
183 185 185 284/863
183 185 184 45/559
184 185 185 253/765
184 185 184 138/767
185 185 185 277/834
185 185 184 8/157
160 186 186 313/904
160 186 185 167/362
161 186 186 121/346
161 186 185 31/65
162 186 186 167/473
162 186 185 267/563
163 186 186 305/856
163 186 185 184/375
164 186 186 179/498
164 186 185 473/973
165 186 186 195/538
165 186 185 413/820
166 186 186 232/635
166 186 185 242/487
167 186 186 208/565
167 186 185 501/971
168 186 186 277/747
168 186 185 463/914
169 186 186 115/308
169 186 185 124/235
170 186 186 286/761
170 186 185 241/468
171 186 186 45/119
171 186 185 201/373
172 186 186 345/907
172 186 185 440/843
173 186 186 179/468
173 186 185 403/733
174 186 186 203/528
174 186 185 512/971
175 186 186 379/981
175 186 185 60/107
176 186 186 111/286
176 186 185 191/360
177 186 186 373/957
177 186 185 479/837
178 186 186 9/23
178 186 185 197/371
179 186 186 302/769
179 186 185 298/509
180 186 186 277/703
180 186 185 311/590
181 186 186 215/544
181 186 185 197/327
182 186 186 300/757
182 186 185 181/351
183 186 186 379/954
183 186 185 453/721
184 186 186 297/746
184 186 185 359/735
185 186 186 361/922
185 186 185 626/945
186 186 186 17/134
186 186 185 -113/897
150 187 187 86/219
150 187 186 64/645
151 187 187 302/759
151 187 186 81/805
152 187 187 272/675
152 187 186 107/1000
153 187 187 392/961
153 187 186 87/806
154 187 187 357/865
154 187 186 104/909
155 187 187 331/793
155 187 186 58/505
156 187 187 392/929
156 187 186 116/955
157 187 187 223/523
157 187 186 104/857
158 187 187 407/945
158 187 186 101/788
159 187 187 247/568
159 187 186 85/667
160 187 187 176/401
160 187 186 67/498
161 187 187 151/341
161 187 186 109/819
162 187 187 46/103
162 187 186 123/875
163 187 187 86/191
163 187 186 13/94
164 187 187 383/844
164 187 186 73/499
165 187 187 267/584
165 187 186 106/741
166 187 187 99/215
166 187 186 22/145
167 187 187 172/371
167 187 186 52/353
168 187 187 461/988
168 187 186 83/529
169 187 187 77/164
169 187 186 29/192
170 187 187 247/523
170 187 186 118/729
171 187 187 388/817
171 187 186 142/921
172 187 187 317/664
172 187 186 1/6
173 187 187 178/371
173 187 186 151/964
174 187 187 228/473
174 187 186 100/583
175 187 187 397/820
175 187 186 72/455
176 187 187 263/541
176 187 186 125/708
177 187 187 61/125
177 187 186 153/964
178 187 187 310/633
178 187 186 96/527
179 187 187 482/981
179 187 186 72/457
180 187 187 240/487
180 187 186 111/587
181 187 187 423/856
181 187 186 116/755
182 187 187 268/541
182 187 186 39/196
183 187 187 211/425
183 187 186 115/796
184 187 187 484/973
184 187 186 198/917
185 187 187 431/865
185 187 186 54/439
186 187 187 243/487
186 187 186 112/443
187 187 187 499/999
187 187 186 17/268
134 188 188 112/351
134 188 187 123/592
135 188 188 279/869
135 188 187 87/407
136 188 188 226/697
136 188 187 192/877
137 188 188 15/46
137 188 187 167/743
138 188 188 188/571
138 188 187 224/975
139 188 188 185/559
139 188 187 222/943
140 188 188 295/883
140 188 187 49/204
141 188 188 145/432
141 188 187 187/761
142 188 188 311/918
142 188 187 199/795
143 188 188 215/632
143 188 187 56/219
144 188 188 149/434
144 188 187 161/619
145 188 188 235/682
145 188 187 108/407
146 188 188 137/394
146 188 187 31/115
147 188 188 293/840
147 188 187 203/739
148 188 188 258/733
148 188 187 182/653
149 188 188 349/989
149 188 187 143/504
150 188 188 99/278
150 188 187 155/539
151 188 188 86/241
151 188 187 253/865
152 188 188 215/597
152 188 187 77/260
153 188 188 22/61
153 188 187 276/917
154 188 188 320/879
154 188 187 183/601
155 188 188 231/634
155 188 187 291/941
156 188 188 181/492
156 188 187 166/531
157 188 188 202/549
157 188 187 251/791
158 188 188 320/861
158 188 187 67/209
159 188 188 13/35
159 188 187 255/784
160 188 188 342/911
160 188 187 156/475
161 188 188 367/979
161 188 187 333/1000
162 188 188 295/778
162 188 187 77/229
163 188 188 101/267
163 188 187 341/1000
164 188 188 167/436
164 188 187 286/831
165 188 188 171/448
165 188 187 126/361
166 188 188 257/664
166 188 187 241/684
167 188 188 354/919
167 188 187 292/817
168 188 188 254/649
168 188 187 113/313
169 188 188 7/18
169 188 187 351/958
170 188 188 250/631
170 188 187 325/877
171 188 188 255/649
171 188 187 67/178
172 188 188 131/326
172 188 187 353/925
173 188 188 64/161
173 188 187 196/505
174 188 188 352/861
174 188 187 81/205
175 188 188 391/970
175 188 187 337/837
176 188 188 273/653
176 188 187 251/608
177 188 188 222/541
177 188 187 27/64
178 188 188 248/575
178 188 187 350/799
179 188 188 416/989
179 188 187 187/416
180 188 188 439/971
180 188 187 257/538
181 188 188 69/158
181 188 187 254/515
182 188 188 177/362
182 188 187 142/259
183 188 188 241/518
183 188 187 229/401
184 188 188 254/485
184 188 187 499/826
185 188 188 419/871
185 188 187 272/427
186 188 188 665/998
186 188 187 762/875
187 188 188 407/689
187 188 187 803/835
188 188 188 74/137
188 188 187 272/623
100 189 189 60/461
100 189 188 19/411
101 189 189 19/143
101 189 188 46/979
102 189 189 73/539
102 189 188 26/545
103 189 189 112/811
103 189 188 39/805
104 189 189 107/761
104 189 188 29/590
105 189 189 115/803
105 189 188 20/401
106 189 189 52/357
106 189 188 49/969
107 189 189 91/614
107 189 188 2/39
108 189 189 89/591
108 189 188 4/77
109 189 189 109/712
109 189 188 1/19
110 189 189 145/933
110 189 188 21/394
111 189 189 155/982
111 189 188 19/352
112 189 189 57/356
112 189 188 13/238
113 189 189 13/80
113 189 188 45/814
114 189 189 14/85
114 189 188 44/787
115 189 189 76/455
115 189 188 47/831
116 189 189 169/999
116 189 188 57/997
117 189 189 167/974
117 189 188 53/917
118 189 189 97/559
118 189 188 8/137
119 189 189 158/899
119 189 188 37/627
120 189 189 171/962
120 189 188 55/923
121 189 189 174/967
121 189 188 44/731
122 189 189 181/995
122 189 188 37/609
123 189 189 168/913
123 189 188 53/864
124 189 189 166/893
124 189 188 19/307
125 189 189 178/947
125 189 188 62/993
126 189 189 171/901
126 189 188 8/127
127 189 189 117/610
127 189 188 49/771
128 189 189 6/31
128 189 188 51/796
129 189 189 35/179
129 189 188 61/944
130 189 189 128/649
130 189 188 14/215
131 189 189 93/467
131 189 188 56/853
132 189 189 52/259
132 189 188 58/877
133 189 189 46/227
133 189 188 1/15
134 189 189 165/808
134 189 188 39/581
135 189 189 41/199
135 189 188 14/207
136 189 189 204/983
136 189 188 67/984
137 189 189 9/43
137 189 188 43/627
138 189 189 157/745
138 189 188 41/594
139 189 189 92/433
139 189 188 31/446
140 189 189 34/159
140 189 188 67/958
141 189 189 211/979
141 189 188 54/767
142 189 189 214/987
142 189 188 25/353
143 189 189 97/444
143 189 188 34/477
144 189 189 29/132
144 189 188 20/279
145 189 189 214/967
145 189 188 22/305
146 189 189 208/935
146 189 188 52/717
147 189 189 151/674
147 189 188 17/233
148 189 189 95/422
148 189 188 71/968
149 189 189 17/75
149 189 188 65/881
150 189 189 181/795
150 189 188 68/917
151 189 189 223/973
151 189 188 22/295
152 189 189 55/239
152 189 188 73/974
153 189 189 63/272
153 189 188 26/345
154 189 189 209/899
154 189 188 49/647
155 189 189 164/701
155 189 188 15/197
156 189 189 50/213
156 189 188 29/379
157 189 189 184/779
157 189 188 1/13
158 189 189 181/764
158 189 188 31/401
159 189 189 41/172
159 189 188 38/489
160 189 189 163/682
160 189 188 76/973
161 189 189 82/341
161 189 188 53/675
162 189 189 47/195
162 189 188 3/38
163 189 189 81/334
163 189 188 5/63
164 189 189 26/107
164 189 188 19/238
165 189 189 190/777
165 189 188 50/623
166 189 189 169/690
166 189 188 69/854
167 189 189 160/649
167 189 188 68/837
168 189 189 59/239
168 189 188 80/977
169 189 189 131/527
169 189 188 7/85
170 189 189 54/217
170 189 188 39/469
171 189 189 87/347
171 189 188 61/729
172 189 189 65/259
172 189 188 56/661
173 189 189 227/897
173 189 188 65/762
174 189 189 246/971
174 189 188 70/807
175 189 189 188/735
175 189 188 41/469
176 189 189 237/925
176 189 188 47/525
177 189 189 106/409
177 189 188 29/321
178 189 189 227/873
178 189 188 25/267
179 189 189 177/671
179 189 188 89/940
180 189 189 237/892
180 189 188 77/768
181 189 189 179/661
181 189 188 97/954
182 189 189 192/697
182 189 188 89/793
183 189 189 193/682
183 189 188 87/761
184 189 189 71/240
184 189 188 119/864
185 189 189 300/973
185 189 188 134/949
186 189 189 228/691
186 189 188 76/691
187 189 189 177/397
187 189 188 361/909
188 189 189 429/920
188 189 188 392/897
189 189 189 565/961
189 189 188 75/917
