# UNIF(n=240,lo,hi): D_ren + dipoles; lines "lo hi level amplitude" for the corrected intervals
209 209 209 25/621
209 209 208 1/43
210 210 210 14/327
210 210 209 -1/548
211 211 211 6/227
211 211 210 -1/264
212 212 212 7/138
212 212 211 1/1000
213 213 213 15/562
213 213 212 -5/703
214 214 214 32/541
214 214 213 3/800
215 215 215 3/110
215 215 214 -10/949
216 216 216 37/542
216 216 215 2/305
217 217 217 26/921
217 217 216 -6/425
218 218 218 43/549
218 218 217 1/106
219 219 219 17/573
219 219 218 -10/557
218 220 220 41/608
218 220 219 1/466
220 220 220 33/368
220 220 219 11/885
219 221 221 7/190
219 221 220 -4/599
221 221 221 52/543
221 221 220 62/687
220 222 222 19/224
220 222 221 5/573
222 222 222 51/496
222 222 221 1/64
221 223 223 93/965
221 223 222 37/410
223 223 223 21/194
223 223 222 79/766
220 224 224 88/995
220 224 223 8/837
222 224 224 29/278
222 224 223 13/831
224 224 224 103/869
224 224 223 13/680
221 225 225 27/641
221 225 224 -3/341
223 225 225 61/521
223 225 224 73/622
225 225 225 61/494
225 225 224 109/920
220 226 226 48/475
220 226 225 5/334
222 226 226 107/932
222 226 225 18/889
224 226 226 113/889
224 226 225 19/818
226 226 226 121/877
226 226 225 22/953
221 227 227 121/992
221 227 226 21/163
223 227 227 101/762
223 227 226 108/763
225 227 227 67/472
225 227 226 81/542
227 227 227 142/995
227 227 226 18/131
220 228 228 121/976
220 228 227 24/949
222 228 228 131/966
222 228 227 23/773
224 228 228 139/952
224 228 227 32/993
225 228 228 30/199
225 228 227 47/599
226 228 228 34/685
226 228 227 -33/905
227 228 228 47/295
227 228 227 14/153
228 228 228 85/521
228 228 227 1/36
219 229 229 49/347
219 229 228 34/213
221 229 229 112/743
221 229 228 149/861
223 229 229 148/929
223 229 228 173/944
224 229 229 143/876
224 229 228 157/630
225 229 229 104/623
225 229 228 111/586
226 229 229 84/493
226 229 228 269/990
227 229 229 121/697
227 229 228 141/742
228 229 229 95/538
228 229 228 155/521
229 229 229 157/934
229 229 228 136/841
218 230 230 19/127
218 230 229 11/302
220 230 230 57/356
220 230 229 37/894
222 230 230 163/961
222 230 229 29/644
223 230 230 95/546
223 230 229 56/731
224 230 230 70/393
224 230 229 37/787
225 230 230 95/522
225 230 229 31/360
226 230 230 142/765
226 230 229 5/107
227 230 230 79/418
227 230 229 89/917
228 230 230 49/876
228 230 229 -42/901
229 230 230 7/500
229 230 229 -4/495
230 230 230 183/926
230 230 229 29/864
217 231 231 167/929
217 231 230 185/847
219 231 231 117/623
219 231 230 148/641
220 231 231 145/757
220 231 230 89/330
221 231 231 191/979
221 231 230 198/821
222 231 231 157/791
222 231 230 253/883
223 231 231 24/119
223 231 230 217/872
224 231 231 96/469
224 231 230 112/369
225 231 231 160/771
225 231 230 39/154
226 231 231 62/295
226 231 230 183/569
227 231 231 138/649
227 231 230 245/968
228 231 231 170/791
228 231 230 62/181
229 231 231 176/811
229 231 230 243/988
230 231 231 37/169
230 231 230 27/73
231 231 231 129/634
231 231 230 93/478
216 232 232 176/885
216 232 231 3/53
217 232 232 83/408
217 232 231 4/55
218 232 232 16/77
218 232 231 17/277
219 232 232 209/986
219 232 231 41/514
220 232 232 65/301
220 232 231 46/705
221 232 232 49/223
221 232 231 70/807
222 232 232 113/506
222 232 231 13/191
223 232 232 185/816
223 232 231 26/277
224 232 232 83/361
224 232 231 21/302
225 232 232 133/571
225 232 231 47/463
226 232 232 219/929
226 232 231 59/853
227 232 232 87/365
227 232 231 81/734
228 232 232 209/868
228 232 231 61/924
229 232 232 200/823
229 232 231 65/534
230 232 232 161/657
230 232 231 31/533
231 232 232 159/644
231 232 231 50/361
232 232 232 67/877
232 232 231 -32/429
213 233 233 69/944
213 233 232 -4/377
214 233 233 62/937
214 233 232 -8/945
215 233 233 30/427
215 233 232 -17/991
216 233 233 58/927
216 233 232 -13/937
217 233 233 4/59
217 233 232 -13/557
218 233 233 27/457
218 233 232 -2/107
219 233 233 14/213
219 233 232 -13/445
220 233 233 30/539
220 233 232 -14/613
221 233 233 56/873
221 233 232 -33/947
222 233 233 45/862
222 233 232 -9/343
223 233 233 6/95
223 233 232 -37/917
224 233 233 41/844
224 233 232 -19/661
225 233 233 61/969
225 233 232 -32/697
226 233 233 24/539
226 233 232 -9/299
227 233 233 89/321
227 233 232 251/707
228 233 233 29/104
228 233 232 316/741
229 233 233 252/899
229 233 232 160/459
230 233 233 89/316
230 233 232 347/775
231 233 233 35/482
231 233 232 -29/423
232 233 233 6/277
232 233 232 -4/209
233 233 233 46/537
233 233 232 -61/722
208 234 234 178/673
208 234 233 54/709
209 234 234 232/863
209 234 233 47/554
210 234 234 243/890
210 234 233 45/551
211 234 234 271/978
211 234 233 1/11
212 234 234 197/701
212 234 233 77/888
213 234 234 227/797
213 234 233 3/31
214 234 234 15/52
214 234 233 71/778
215 234 234 153/524
215 234 233 61/596
216 234 234 293/992
216 234 233 95/997
217 234 234 192/643
217 234 233 74/687
218 234 234 124/411
218 234 233 85/861
219 234 234 209/686
219 234 233 41/363
220 234 234 234/761
220 234 233 34/335
221 234 234 192/619
221 234 233 28/237
222 234 234 86/275
222 234 233 3/29
223 234 234 179/568
223 234 233 51/413
224 234 234 113/356
224 234 233 83/795
225 234 234 85/266
225 234 233 129/998
226 234 234 191/594
226 234 233 37/356
227 234 234 239/739
227 234 233 99/728
228 234 234 185/569
228 234 233 100/987
229 234 234 214/655
229 234 233 89/615
230 234 234 127/387
230 234 233 73/768
231 234 234 313/950
231 234 233 120/761
232 234 234 41/124
232 234 233 4/49
233 234 234 267/805
233 234 233 41/227
234 234 234 146/439
234 234 233 2/39
200 235 235 225/656
200 235 234 335/729
201 235 235 83/240
201 235 234 455/989
202 235 235 312/895
202 235 234 457/970
203 235 235 189/538
203 235 234 129/274
204 235 235 63/178
204 235 234 420/871
205 235 235 349/979
205 235 234 466/969
206 235 235 14/39
206 235 234 34/69
207 235 235 335/927
207 235 234 433/883
208 235 235 363/998
208 235 234 361/718
209 235 235 269/735
209 235 234 302/605
210 235 235 81/220
210 235 234 353/689
211 235 235 217/586
211 235 234 174/343
212 235 235 229/615
212 235 234 499/957
213 235 235 353/943
213 235 234 298/579
214 235 235 339/901
214 235 234 229/432
215 235 235 138/365
215 235 234 159/305
216 235 235 49/129
216 235 234 533/990
217 235 235 343/899
217 235 234 175/332
218 235 235 323/843
218 235 234 471/862
219 235 235 337/876
219 235 234 183/344
220 235 235 95/246
220 235 234 189/341
221 235 235 231/596
221 235 234 382/713
222 235 235 7/18
222 235 234 95/169
223 235 235 135/346
223 235 234 514/955
224 235 235 299/764
224 235 234 304/533
225 235 235 334/851
225 235 234 533/989
226 235 235 85/216
226 235 234 503/868
227 235 235 43/109
227 235 234 340/633
228 235 235 206/521
228 235 234 251/425
229 235 235 21/53
229 235 234 229/431
230 235 235 210/529
230 235 234 146/241
231 235 235 68/171
231 235 234 156/301
232 235 235 323/811
232 235 234 559/887
233 235 235 67/168
233 235 234 263/537
234 235 235 270/689
234 235 234 368/555
235 235 235 115/331
235 235 234 305/967
189 236 236 392/993
189 236 235 89/872
190 236 236 209/524
190 236 235 3/29
191 236 236 56/139
191 236 235 90/833
192 236 236 203/499
192 236 235 107/980
193 236 236 177/431
193 236 235 33/290
194 236 236 109/263
194 236 235 104/907
195 236 236 401/959
195 236 235 21/176
196 236 236 221/524
196 236 235 47/392
197 236 236 37/87
197 236 235 122/979
198 236 236 364/849
198 236 235 124/993
199 236 236 401/928
199 236 235 38/293
200 236 236 337/774
200 236 235 123/949
201 236 236 418/953
201 236 235 81/602
202 236 236 163/369
202 236 235 83/619
203 236 236 443/996
203 236 235 38/273
204 236 236 377/842
204 236 235 126/911
205 236 236 324/719
205 236 235 107/745
206 236 236 258/569
206 236 235 101/710
207 236 236 26/57
207 236 235 93/629
208 236 236 295/643
208 236 235 95/651
209 236 236 185/401
209 236 235 137/902
210 236 236 250/539
210 236 235 122/817
211 236 236 69/148
211 236 235 19/122
212 236 236 67/143
212 236 235 107/702
213 236 236 314/667
213 236 235 11/69
214 236 236 227/480
214 236 235 88/567
215 236 236 19/40
215 236 235 95/583
216 236 236 404/847
216 236 235 131/831
217 236 236 465/971
217 236 235 95/571
218 236 236 162/337
218 236 235 42/263
219 236 236 55/114
219 236 235 129/760
220 236 236 61/126
220 236 235 161/998
221 236 236 17/35
221 236 235 94/543
222 236 236 419/860
222 236 235 145/893
223 236 236 43/88
223 236 235 133/753
224 236 236 171/349
224 236 235 159/977
225 236 236 28/57
225 236 235 37/205
226 236 236 227/461
226 236 235 131/808
227 236 236 38/77
227 236 235 129/697
228 236 236 406/821
228 236 235 4/25
229 236 236 109/220
229 236 235 151/790
230 236 236 403/812
230 236 235 148/953
231 236 236 85/171
231 236 235 136/679
232 236 236 223/448
232 236 235 127/873
233 236 236 307/616
233 236 235 216/997
234 236 236 455/912
234 236 235 113/915
235 236 236 384/769
235 236 235 61/241
236 236 236 499/999
236 236 235 15/236
168 237 237 225/706
168 237 236 79/388
169 237 237 201/626
169 237 236 37/178
170 237 237 212/657
170 237 236 193/908
171 237 237 209/643
171 237 236 213/983
172 237 237 273/836
172 237 236 206/931
173 237 237 74/225
173 237 236 148/657
174 237 237 293/887
174 237 236 173/753
175 237 237 317/953
175 237 236 221/946
176 237 237 169/506
176 237 236 233/979
177 237 237 38/113
177 237 236 117/484
178 237 237 293/868
178 237 236 170/691
179 237 237 157/462
179 237 236 168/673
180 237 237 74/217
180 237 236 133/524
181 237 237 334/973
181 237 236 238/925
182 237 237 343/996
182 237 236 109/417
183 237 237 113/326
183 237 236 211/797
184 237 237 316/909
184 237 236 43/160
185 237 237 303/866
185 237 236 229/842
186 237 237 154/439
186 237 236 269/975
187 237 237 191/541
187 237 236 77/276
188 237 237 339/958
188 237 236 265/937
189 237 237 125/351
189 237 236 285/997
190 237 237 81/227
190 237 236 97/335
191 237 237 65/181
191 237 236 50/171
192 237 237 341/948
192 237 236 53/179
193 237 237 164/453
193 237 236 176/589
194 237 237 29/80
194 237 236 62/205
195 237 237 27/74
195 237 236 248/813
196 237 237 275/753
196 237 236 283/917
197 237 237 343/933
197 237 236 14/45
198 237 237 263/715
198 237 236 286/909
199 237 237 367/991
199 237 236 259/817
200 237 237 10/27
200 237 236 308/961
201 237 237 351/941
201 237 236 296/917
202 237 237 22/59
202 237 236 323/990
203 237 237 74/197
203 237 236 247/752
204 237 237 295/786
204 237 236 315/949
205 237 237 233/616
205 237 236 309/925
206 237 237 139/368
206 237 236 187/554
207 237 237 219/575
207 237 236 18/53
208 237 237 317/834
208 237 236 128/373
209 237 237 354/923
209 237 236 300/869
210 237 237 275/719
210 237 236 15/43
211 237 237 107/277
211 237 236 93/265
212 237 237 316/821
212 237 236 238/671
213 237 237 223/573
213 237 236 308/863
214 237 237 332/857
214 237 236 35/97
215 237 237 286/729
215 237 236 336/925
216 237 237 353/905
216 237 236 298/811
217 237 237 19/48
217 237 236 311/840
218 237 237 134/341
218 237 236 253/675
219 237 237 2/5
219 237 236 334/883
220 237 237 319/805
220 237 236 258/673
221 237 237 266/657
221 237 236 237/611
222 237 237 347/867
222 237 236 176/447
223 237 237 139/338
223 237 236 399/997
224 237 237 62/153
224 237 236 300/737
225 237 237 160/381
225 237 236 413/991
226 237 237 337/818
226 237 236 347/816
227 237 237 344/795
227 237 236 56/127
228 237 237 321/761
228 237 236 80/177
229 237 237 314/693
229 237 236 379/790
230 237 237 7/16
230 237 236 242/489
231 237 237 471/962
231 237 236 493/897
232 237 237 34/73
232 237 236 234/409
233 237 237 413/788
233 237 236 464/767
234 237 237 129/268
234 237 236 329/516
235 237 237 665/998
235 237 236 858/985
236 237 237 231/391
236 237 236 605/629
237 237 237 531/983
237 237 236 131/300
127 238 238 81/614
127 238 237 16/343
128 238 238 109/813
128 238 237 6/127
129 238 238 127/933
129 238 237 34/711
130 238 238 111/803
130 238 237 41/847
131 238 238 23/164
131 238 237 19/388
132 238 238 38/267
132 238 237 49/989
133 238 238 115/797
133 238 237 25/499
134 238 238 6/41
134 238 237 19/375
135 238 238 47/317
135 238 237 36/703
136 238 238 139/925
136 238 237 41/792
137 238 238 7/46
137 238 237 33/631
138 238 238 41/266
138 238 237 13/246
139 238 238 151/968
139 238 237 42/787
140 238 238 157/994
140 238 237 49/909
141 238 238 123/770
141 238 237 53/974
142 238 238 134/829
142 238 237 5/91
143 238 238 109/667
143 238 237 28/505
144 238 238 159/962
144 238 237 23/411
145 238 238 79/473
145 238 237 7/124
146 238 238 129/764
146 238 237 9/158
147 238 238 22/129
147 238 237 22/383
148 238 238 81/470
148 238 237 27/466
149 238 238 87/500
149 238 237 58/993
150 238 238 29/165
150 238 237 47/798
151 238 238 69/389
151 238 237 59/994
152 238 238 12/67
152 238 237 59/986
153 238 238 159/880
153 238 237 17/282
154 238 238 60/329
154 238 237 37/609
155 238 238 16/87
155 238 237 41/670
156 238 238 18/97
156 238 237 50/811
157 238 238 81/433
157 238 237 37/596
158 238 238 187/991
158 238 237 62/991
159 238 238 139/731
159 238 237 35/556
160 238 238 65/339
160 238 237 40/631
161 238 238 96/497
161 238 237 43/674
162 238 238 140/719
162 238 237 51/794
163 238 238 191/974
163 238 237 55/851
164 238 238 116/587
164 238 237 51/784
165 238 238 38/191
165 238 237 32/489
166 238 238 181/903
166 238 237 27/410
167 238 238 116/575
167 238 237 61/921
168 238 238 127/625
168 238 237 1/15
169 238 238 101/494
169 238 237 40/597
170 238 238 7/34
170 238 237 43/638
171 238 238 146/705
171 238 237 29/428
172 238 238 167/801
172 238 237 40/587
173 238 238 191/911
173 238 237 5/73
174 238 238 111/526
174 238 237 25/363
175 238 238 199/938
175 238 237 49/708
176 238 238 212/993
176 238 237 43/618
177 238 238 53/247
177 238 237 23/329
178 238 238 193/894
178 238 237 13/185
179 238 238 182/839
179 238 237 6/85
180 238 238 187/857
180 238 237 21/296
181 238 238 121/552
181 238 237 59/828
182 238 238 97/440
182 238 237 59/824
183 238 238 151/682
183 238 237 54/751
184 238 238 181/813
184 238 237 19/263
185 238 238 207/926
185 238 237 14/193
186 238 238 109/485
186 238 237 65/892
187 238 238 37/164
187 238 237 73/998
188 238 238 127/560
188 238 237 23/313
189 238 238 94/413
189 238 237 52/705
190 238 238 35/153
190 238 237 2/27
191 238 238 185/806
191 238 237 20/269
192 238 238 167/724
192 238 237 28/375
193 238 238 202/873
193 238 237 55/734
194 238 238 196/843
194 238 237 31/412
195 238 238 201/862
195 238 237 45/596
196 238 238 231/986
196 238 237 68/897
197 238 238 214/911
197 238 237 41/539
198 238 238 198/839
198 238 237 53/694
199 238 238 207/875
199 238 237 59/770
200 238 238 77/324
200 238 237 1/13
201 238 238 141/592
201 238 237 68/881
202 238 238 206/861
202 238 237 53/684
203 238 238 35/146
203 238 237 51/656
204 238 238 131/544
204 238 237 16/205
205 238 238 158/655
205 238 237 69/881
206 238 238 205/846
206 238 237 57/725
207 238 238 207/853
207 238 237 49/621
208 238 238 206/845
208 238 237 77/972
209 238 238 227/930
209 238 237 40/503
210 238 238 90/367
210 238 237 40/501
211 238 238 122/497
211 238 237 53/661
212 238 238 240/973
212 238 237 69/857
213 238 238 137/555
213 238 237 61/754
214 238 238 98/395
214 238 237 13/160
215 238 238 246/991
215 238 237 80/979
216 238 238 148/593
216 238 237 11/134
217 238 238 183/733
217 238 237 41/496
218 238 238 166/661
218 238 237 79/951
219 238 238 213/848
219 238 237 74/883
220 238 238 223/882
220 238 237 68/807
221 238 238 22/87
221 238 237 63/739
222 238 238 40/157
222 238 237 79/921
223 238 238 157/616
223 238 237 55/631
224 238 238 9/35
224 238 237 41/467
225 238 238 113/439
225 238 237 85/946
226 238 238 51/196
226 238 237 59/651
227 238 238 257/985
227 238 237 89/948
228 238 238 191/722
228 238 237 13/137
229 238 238 53/199
229 238 237 23/229
230 238 238 264/973
230 238 237 67/658
231 238 238 269/975
231 238 237 111/988
232 238 238 17/60
232 238 237 50/437
233 238 238 257/868
233 238 237 109/791
234 238 238 29/94
234 238 237 88/623
235 238 238 169/512
235 238 237 45/409
236 238 238 383/859
236 238 237 185/466
237 238 238 214/459
237 238 237 257/588
238 238 238 525/893
238 238 237 76/929
