# UNIF(n=187,lo,hi): D_ren + dipoles; lines "lo hi level amplitude" for the corrected intervals
161 161 161 1/21
161 161 160 -3/814
162 162 162 13/418
162 162 161 -2/571
163 163 163 51/872
163 163 162 0
164 164 164 24/763
164 164 163 -4/489
165 165 165 59/841
165 165 164 1/242
166 166 166 27/835
166 166 165 -11/845
167 167 167 77/928
167 167 166 8/993
168 168 168 85/932
168 168 167 79/958
169 169 169 80/821
169 169 168 3/248
168 170 170 9/109
168 170 169 39/587
170 170 170 72/683
170 170 169 35/356
169 171 171 1/11
169 171 170 3/442
171 171 171 95/831
171 171 170 11/673
170 172 172 75/704
170 172 171 94/949
172 172 172 103/849
172 172 171 80/697
169 173 173 71/735
169 173 172 1/123
171 173 173 110/941
171 173 172 8/487
173 173 173 98/727
173 173 172 19/906
170 174 174 26/219
170 174 173 109/929
172 174 174 131/976
172 174 173 14/103
174 174 174 47/333
174 174 173 101/750
171 175 175 24/181
171 175 174 14/603
173 175 175 39/710
173 175 174 -26/783
175 175 175 97/603
175 175 174 8/305
170 176 176 56/387
170 176 175 110/699
172 176 176 53/337
172 176 175 148/859
174 176 176 35/208
174 176 175 158/875
175 176 176 133/768
175 176 175 253/868
176 176 176 83/497
176 176 175 128/801
169 177 177 137/914
169 177 176 19/602
171 177 177 129/787
171 177 176 5/134
173 177 177 168/953
173 177 176 23/570
174 177 177 2/11
174 177 176 33/358
175 177 177 25/419
175 177 176 -19/429
176 177 177 10/611
176 177 176 -5/757
177 177 177 10/51
177 177 176 25/769
168 178 178 172/969
168 178 177 173/826
170 178 178 181/961
170 178 177 154/685
171 178 178 185/957
171 178 177 15/53
172 178 178 98/495
172 178 177 55/233
173 178 178 69/341
173 178 177 135/439
174 178 178 103/499
174 178 177 149/616
175 178 178 95/452
175 178 177 168/503
176 178 178 213/997
176 178 177 71/296
177 178 178 80/369
177 178 177 321/877
178 178 178 190/937
178 178 177 168/869
167 179 179 107/552
167 179 178 27/542
169 179 179 103/500
169 179 178 52/929
170 179 179 197/931
170 179 178 1/12
171 179 179 203/936
171 179 178 53/877
172 179 179 193/870
172 179 178 92/981
173 179 179 65/287
173 179 178 58/925
174 179 179 3/13
174 179 178 60/571
175 179 179 112/477
175 179 178 41/663
176 179 179 207/868
176 179 178 23/194
177 179 179 163/674
177 179 178 17/304
178 179 179 239/976
178 179 178 17/124
179 179 179 31/402
179 179 178 -45/607
166 180 180 72/979
166 180 179 -13/976
167 180 180 43/686
167 180 179 -7/818
168 180 180 5/71
168 180 179 -19/860
169 180 180 16/277
169 180 179 -14/937
170 180 180 43/632
170 180 179 -23/756
171 180 180 43/814
171 180 179 -7/348
172 180 180 64/961
172 180 179 -38/987
173 180 180 1/21
173 180 179 -23/965
174 180 180 103/379
174 180 179 229/664
175 180 180 45/164
175 180 179 248/593
176 180 180 173/625
176 180 179 13/38
177 180 180 190/681
177 180 179 31/70
178 180 180 23/313
178 180 179 -35/524
179 180 180 22/991
179 180 179 -16/887
180 180 180 25/291
180 180 179 -76/905
161 181 181 215/829
161 181 180 41/584
162 181 181 232/875
162 181 180 71/856
163 181 181 232/857
163 181 180 11/142
164 181 181 249/902
164 181 180 82/897
165 181 181 106/377
165 181 180 77/918
166 181 181 240/839
166 181 180 98/985
167 181 181 191/657
167 181 180 79/884
168 181 181 219/742
168 181 180 28/261
169 181 181 185/618
169 181 180 71/757
170 181 181 246/811
170 181 180 10/87
171 181 181 269/876
171 181 180 79/815
172 181 181 41/132
172 181 180 118/961
173 181 181 70/223
173 181 180 80/813
174 181 181 297/937
174 181 180 70/533
175 181 181 134/419
175 181 180 77/790
176 181 181 197/611
176 181 180 81/572
177 181 181 127/391
177 181 180 49/529
178 181 181 137/419
178 181 180 118/757
179 181 181 272/827
179 181 180 52/647
180 181 181 202/611
180 181 180 91/506
181 181 181 177/533
181 181 180 36/707
156 182 182 271/788
156 182 181 417/913
157 182 182 204/587
157 182 181 95/201
158 182 182 119/339
158 182 181 79/168
159 182 182 297/838
159 182 181 205/421
160 182 182 333/931
160 182 181 348/721
161 182 182 35/97
161 182 181 500/999
162 182 182 306/841
162 182 181 409/828
163 182 182 128/349
163 182 181 407/793
164 182 182 364/985
164 182 181 495/982
165 182 182 67/180
165 182 181 238/453
166 182 182 208/555
166 182 181 378/737
167 182 182 235/623
167 182 181 341/635
168 182 182 367/967
168 182 181 77/148
169 182 182 71/186
169 182 181 403/735
170 182 182 180/469
170 182 181 233/443
171 182 182 287/744
171 182 181 479/856
172 182 182 50/129
172 182 181 242/457
173 182 182 51/131
173 182 181 4/7
174 182 182 353/903
174 182 181 482/909
175 182 182 31/79
175 182 181 162/277
176 182 182 139/353
176 182 181 475/902
177 182 182 301/762
177 182 181 59/98
178 182 182 267/674
178 182 181 386/749
179 182 182 251/632
179 182 181 385/613
180 182 182 244/613
180 182 181 354/725
181 182 182 258/659
181 182 181 410/619
182 182 182 110/867
182 182 181 -116/921
147 183 183 277/704
147 183 182 83/853
148 183 183 128/321
148 183 182 27/260
149 183 183 351/869
149 183 182 87/829
150 183 183 119/291
150 183 182 107/959
151 183 183 413/998
151 183 182 59/526
152 183 183 329/786
152 183 182 49/412
153 183 183 135/319
153 183 182 32/269
154 183 183 275/643
154 183 182 120/953
155 183 183 410/949
155 183 182 49/391
156 183 183 284/651
156 183 182 68/513
157 183 183 417/947
157 183 182 129/983
158 183 183 315/709
158 183 182 74/533
159 183 183 272/607
159 183 182 136/995
160 183 183 417/923
160 183 182 139/960
161 183 183 209/459
161 183 182 135/953
162 183 183 228/497
162 183 182 17/113
163 183 183 359/777
163 183 182 83/568
164 183 183 167/359
164 183 182 67/430
165 183 183 184/393
165 183 182 149/993
166 183 183 57/121
166 183 182 127/789
167 183 183 371/783
167 183 182 123/802
168 183 183 475/997
168 183 182 79/476
169 183 183 193/403
169 183 182 90/577
170 183 183 77/160
170 183 182 20/117
171 183 183 190/393
171 183 182 147/932
172 183 183 235/484
172 183 182 28/159
173 183 183 292/599
173 183 182 19/120
174 183 183 137/280
174 183 182 2/11
175 183 183 353/719
175 183 182 145/922
176 183 183 197/400
176 183 182 173/916
177 183 183 446/903
177 183 182 60/391
178 183 183 411/830
178 183 182 34/171
179 183 183 337/679
179 183 182 55/381
180 183 183 464/933
180 183 182 139/644
181 183 183 413/829
181 183 182 15/122
182 183 183 233/467
182 183 182 68/269
183 183 183 499/999
183 183 182 13/205
132 184 184 285/887
132 184 183 206/969
133 184 184 171/529
133 184 183 211/965
134 184 184 319/977
134 184 183 122/545
135 184 184 131/399
135 184 183 139/605
136 184 184 312/941
136 184 183 177/754
137 184 184 1/3
137 184 183 234/973
138 184 184 36/107
138 184 183 13/53
139 184 184 317/938
139 184 183 214/853
140 184 184 29/85
140 184 183 35/137
141 184 184 87/254
141 184 183 203/778
142 184 184 297/859
142 184 183 264/995
143 184 184 17/49
143 184 183 59/218
144 184 184 284/811
144 184 183 130/473
145 184 184 341/971
145 184 183 275/982
146 184 184 257/725
146 184 183 244/859
147 184 184 329/926
147 184 183 181/626
148 184 184 321/895
148 184 183 271/925
149 184 184 97/270
149 184 183 73/245
150 184 184 325/896
150 184 183 241/799
151 184 184 61/168
151 184 183 61/199
152 184 184 359/979
152 184 183 111/358
153 184 184 241/657
153 184 183 131/416
154 184 184 116/313
154 184 183 127/399
155 184 184 356/961
155 184 183 137/424
156 184 184 270/721
156 184 183 173/530
157 184 184 187/500
157 184 183 158/477
158 184 184 14/37
158 184 183 289/864
159 184 184 225/596
159 184 183 319/940
160 184 184 372/973
160 184 183 319/931
161 184 184 205/538
161 184 183 300/863
162 184 184 325/841
162 184 183 271/772
163 184 184 5/13
163 184 183 244/685
164 184 184 77/197
164 184 183 185/514
165 184 184 369/950
165 184 183 19/52
166 184 184 131/331
166 184 183 78/211
167 184 184 42/107
167 184 183 163/434
168 184 184 269/670
168 184 183 227/596
169 184 184 284/715
169 184 183 284/733
170 184 184 239/585
170 184 183 389/986
171 184 184 396/983
171 184 183 306/761
172 184 184 117/280
172 184 183 407/987
173 184 184 347/846
173 184 183 212/503
174 184 184 407/944
174 184 183 404/923
175 184 184 394/937
175 184 183 261/581
176 184 184 419/927
176 184 183 307/643
177 184 184 31/71
177 184 183 317/643
178 184 184 483/988
178 184 183 245/447
179 184 184 421/905
179 184 183 169/296
180 184 184 343/655
180 184 183 421/697
181 184 184 469/975
181 184 183 307/482
182 184 184 665/998
182 184 183 209/240
183 184 184 521/882
183 184 183 627/652
184 184 184 74/137
184 184 183 389/891
98 185 185 3/23
98 185 184 27/583
99 185 185 63/473
99 185 184 46/977
100 185 185 135/994
100 185 184 34/711
101 185 185 32/231
101 185 184 46/947
102 185 185 34/241
102 185 184 7/142
103 185 185 70/487
103 185 184 50/999
104 185 185 31/212
104 185 184 31/611
105 185 185 89/598
105 185 184 37/719
106 185 185 139/919
106 185 184 17/326
107 185 185 153/995
107 185 184 38/719
108 185 185 109/698
108 185 184 19/355
109 185 185 122/769
109 185 184 47/867
110 185 185 75/466
110 185 184 53/966
111 185 185 91/557
111 185 184 1/18
112 185 185 26/157
112 185 184 5/89
113 185 185 149/887
113 185 184 37/651
114 185 185 57/335
114 185 184 42/731
115 185 185 109/632
115 185 184 33/568
116 185 185 81/464
116 185 184 57/971
117 185 185 171/967
117 185 184 55/927
118 185 185 171/956
118 185 184 29/484
119 185 185 178/983
119 185 184 48/793
120 185 185 54/295
120 185 184 30/491
121 185 185 183/988
121 185 184 53/859
122 185 185 90/481
122 185 184 47/755
123 185 185 186/983
123 185 184 47/748
124 185 185 175/916
124 185 184 59/931
125 185 185 179/927
125 185 184 61/954
126 185 185 167/857
126 185 184 39/605
127 185 185 113/574
127 185 184 21/323
128 185 185 111/559
128 185 184 42/641
129 185 185 78/389
129 185 184 51/772
130 185 185 94/465
130 185 184 39/586
131 185 185 111/544
131 185 184 54/805
132 185 185 205/997
132 185 184 66/977
133 185 185 89/429
133 185 184 55/808
134 185 185 14/67
134 185 184 49/715
135 185 185 192/911
135 185 184 37/536
136 185 185 195/919
136 185 184 61/878
137 185 185 132/617
137 185 184 58/829
138 185 185 76/353
138 185 184 39/554
139 185 185 74/341
139 185 184 64/903
140 185 185 105/481
140 185 184 38/533
141 185 185 119/541
141 185 184 31/432
142 185 185 94/425
142 185 184 7/97
143 185 185 211/947
143 185 184 61/840
144 185 185 144/643
144 185 184 36/493
145 185 185 83/368
145 185 184 67/912
146 185 185 109/481
146 185 184 63/853
147 185 185 115/504
147 185 184 63/848
148 185 185 11/48
148 185 184 41/549
149 185 185 230/997
149 185 184 35/466
150 185 185 211/911
150 185 184 69/914
151 185 185 38/163
151 185 184 52/685
152 185 185 197/842
152 185 184 66/865
153 185 185 158/671
153 185 184 29/378
154 185 185 30/127
154 185 184 31/402
155 185 185 121/509
155 185 184 49/632
156 185 185 190/797
156 185 184 53/680
157 185 185 196/817
157 185 184 21/268
158 185 185 215/894
158 185 184 55/698
159 185 185 91/376
159 185 184 53/669
160 185 185 138/569
160 185 184 75/941
161 185 185 238/975
161 185 184 23/287
162 185 185 123/503
162 185 184 61/756
163 185 185 241/979
163 185 184 37/456
164 185 185 71/288
164 185 184 53/648
165 185 185 215/866
165 185 184 71/863
166 185 185 87/350
166 185 184 82/987
167 185 185 134/535
167 185 184 51/610
168 185 185 85/339
168 185 184 16/189
169 185 185 221/874
169 185 184 26/305
170 185 185 20/79
170 185 184 71/819
171 185 185 216/845
171 185 184 9/103
172 185 185 253/988
172 185 184 57/637
173 185 185 179/691
173 185 184 41/454
174 185 185 249/958
174 185 184 60/641
175 185 185 207/785
175 185 184 85/898
176 185 185 17/64
176 185 184 42/419
177 185 185 235/868
177 185 184 49/482
178 185 185 233/846
178 185 184 45/401
179 185 185 161/569
179 185 184 111/971
180 185 185 155/524
180 185 184 23/167
181 185 185 271/879
181 185 184 85/602
182 185 185 292/885
182 185 184 54/491
183 185 185 177/397
183 185 184 363/914
184 185 185 353/757
184 185 184 385/881
185 185 185 341/580
185 185 184 75/917
