# UNIF(n=156,lo,hi): D_ren + dipoles; lines "lo hi level amplitude" for the corrected intervals
133 133 133 4/113
133 133 132 -1/520
134 134 134 37/606
134 134 133 -1/806
135 135 135 35/983
135 135 134 -1/128
136 136 136 41/543
136 136 135 1/275
137 137 137 8/219
137 137 136 -13/935
138 138 138 77/842
138 138 137 7/821
139 139 139 74/727
139 139 138 25/273
140 140 140 91/830
140 140 139 7/517
139 141 141 20/211
139 141 140 76/983
141 141 141 97/814
141 141 140 86/777
140 142 142 90/853
140 142 141 8/837
142 142 142 55/419
142 142 141 13/690
141 143 143 76/605
141 143 142 84/701
143 143 143 97/695
143 143 142 99/752
140 144 144 2/17
140 144 143 6/425
142 144 144 55/909
142 144 143 -28/957
144 144 144 79/499
144 144 143 23/932
141 145 145 86/587
141 145 144 118/777
143 145 145 106/653
143 145 144 161/951
145 145 145 37/223
145 145 144 41/260
140 146 146 97/655
140 146 145 10/363
142 146 146 71/428
142 146 145 32/943
144 146 146 62/975
144 146 145 -35/844
145 146 146 18/955
145 146 145 -3/623
146 146 146 69/355
146 146 145 5/159
139 147 147 89/513
139 147 146 59/301
141 147 147 157/838
141 147 146 187/868
143 147 147 77/386
143 147 146 151/661
144 147 147 159/776
144 147 146 214/661
145 147 147 17/81
145 147 146 10/43
146 147 147 110/513
146 147 146 133/368
147 147 147 193/955
147 147 146 153/797
140 148 148 103/509
140 148 147 51/994
141 148 148 128/611
141 148 147 75/872
142 148 148 123/569
142 148 147 47/836
143 148 148 155/697
143 148 147 93/932
144 148 148 60/263
144 148 147 26/451
145 148 148 81/347
145 148 147 3/26
146 148 148 203/852
146 148 147 49/913
147 148 148 140/577
147 148 147 73/538
148 148 148 19/244
148 148 147 -61/829
137 149 149 14/179
137 149 148 -8/919
139 149 149 73/985
139 149 148 -1/50
140 149 149 52/895
140 149 148 -2/181
141 149 149 17/239
141 149 148 -30/977
142 149 149 39/758
142 149 148 -17/987
143 149 149 140/527
143 149 148 309/929
144 149 149 215/798
144 149 148 89/218
145 149 149 149/546
145 149 148 239/715
146 149 149 143/518
146 149 148 253/579
147 149 149 17/228
147 149 148 -5/77
148 149 149 7/306
148 149 148 -9/533
149 149 149 82/951
149 149 148 -64/767
134 150 150 179/693
134 150 149 59/854
135 150 150 264/995
135 150 149 86/999
136 150 150 71/261
136 150 149 50/647
137 150 150 272/977
137 150 149 87/902
138 150 150 161/566
138 150 149 77/915
139 150 150 251/865
139 150 149 38/357
140 150 150 287/971
140 150 149 63/704
141 150 150 236/785
141 150 149 42/361
142 150 150 193/632
142 150 149 81/872
143 150 150 193/623
143 150 149 103/813
144 150 150 199/634
144 150 149 25/267
145 150 150 317/998
145 150 149 114/823
146 150 150 96/299
146 150 149 47/521
147 150 150 59/182
147 150 149 104/675
148 150 150 188/575
148 150 149 25/316
149 150 150 28/85
149 150 149 77/430
150 150 150 123/371
150 150 149 9/178
130 151 151 211/614
130 151 150 359/774
131 151 151 340/977
131 151 150 283/615
132 151 151 330/937
132 151 150 419/869
133 151 151 135/379
133 151 150 458/963
134 151 151 346/961
134 151 150 426/853
135 151 151 363/998
135 151 150 183/374
136 151 151 112/305
136 151 150 115/223
137 151 151 239/645
137 151 150 223/445
138 151 151 108/289
138 151 150 366/689
139 151 151 362/961
139 151 150 189/370
140 151 151 263/693
140 151 150 431/789
141 151 151 227/594
141 151 150 433/836
142 151 151 5/13
142 151 150 553/985
143 151 151 77/199
143 151 150 515/987
144 151 151 356/915
144 151 150 301/521
145 151 151 253/647
145 151 150 401/770
146 151 151 383/975
146 151 150 592/991
147 151 151 327/829
147 151 150 501/979
148 151 151 367/927
148 151 150 596/953
149 151 151 141/355
149 151 150 305/627
150 151 151 115/294
150 151 150 174/263
151 151 151 42/121
151 151 150 175/556
123 152 152 59/149
123 152 151 47/450
124 152 152 72/179
124 152 151 43/409
125 152 152 118/289
125 152 151 111/977
126 152 152 111/268
126 152 151 21/185
127 152 152 241/574
127 152 151 96/785
128 152 152 151/355
128 152 151 61/503
129 152 152 385/894
129 152 151 128/981
130 152 152 78/179
130 152 151 52/405
131 152 152 427/969
131 152 151 55/398
132 152 152 420/943
132 152 151 77/571
133 152 152 256/569
133 152 151 135/928
134 152 152 139/306
134 152 151 107/761
135 152 152 336/733
135 152 151 151/991
136 152 152 178/385
136 152 151 137/941
137 152 152 433/929
137 152 151 86/541
138 152 152 387/824
138 152 151 131/875
139 152 152 114/241
139 152 151 64/387
140 152 152 10/21
140 152 151 57/373
141 152 152 357/745
141 152 151 39/227
142 152 152 388/805
142 152 151 62/401
143 152 152 283/584
143 152 151 169/946
144 152 152 206/423
144 152 151 113/731
145 152 152 68/139
145 152 151 81/434
146 152 152 28/57
146 152 151 143/943
147 152 152 391/793
147 152 151 167/846
148 152 152 467/944
148 152 151 50/349
149 152 152 322/649
149 152 151 203/944
150 152 152 478/961
150 152 151 65/531
151 152 152 485/973
151 152 151 179/709
152 152 152 370/741
152 152 151 61/964
110 153 153 51/158
110 153 152 24/113
111 153 153 101/309
111 153 152 109/498
112 153 153 295/897
112 153 152 219/968
113 153 153 283/850
113 153 152 182/783
114 153 153 159/475
114 153 152 236/985
115 153 153 165/487
115 153 152 41/167
116 153 153 145/426
116 153 152 77/305
117 153 153 103/299
117 153 152 183/709
118 153 153 342/989
118 153 152 49/185
119 153 153 344/983
119 153 152 10/37
120 153 153 86/245
120 153 152 214/773
121 153 153 205/577
121 153 152 249/883
122 153 153 350/983
122 153 152 167/579
123 153 153 31/86
123 153 152 137/467
124 153 153 253/701
124 153 152 92/307
125 153 153 140/383
125 153 152 179/588
126 153 153 117/320
126 153 152 251/808
127 153 153 239/645
127 153 152 93/295
128 153 153 97/262
128 153 152 9/28
129 153 153 86/229
129 153 152 133/408
130 153 153 196/523
130 153 152 96/289
131 153 153 346/909
131 153 152 327/971
132 153 153 11/29
132 153 152 341/994
133 153 153 379/982
133 153 152 343/986
134 153 153 349/909
134 153 152 281/793
135 153 153 311/794
135 153 152 269/748
136 153 153 348/895
136 153 152 317/865
137 153 153 389/977
137 153 152 60/161
138 153 153 218/553
138 153 152 317/834
139 153 153 69/170
139 153 152 329/848
140 153 153 163/407
140 153 152 365/921
141 153 153 79/190
141 153 152 123/302
142 153 153 361/884
142 153 152 357/856
143 153 153 418/973
143 153 152 325/749
144 153 153 236/563
144 153 152 95/213
145 153 153 225/499
145 153 152 395/832
146 153 153 61/140
146 153 152 80/163
147 153 153 474/971
147 153 152 454/831
148 153 153 289/622
148 153 152 569/999
149 153 153 169/323
149 153 152 577/957
150 153 153 461/959
150 153 152 563/885
151 153 153 511/767
151 153 152 410/471
152 153 153 189/320
152 153 152 474/493
153 153 153 478/885
153 153 152 55/126
83 154 154 122/917
83 154 153 19/403
84 154 154 3/22
84 154 153 5/104
85 154 154 100/717
85 154 153 7/143
86 154 154 142/995
86 154 153 17/341
87 154 154 80/549
87 154 153 43/848
88 154 154 60/403
88 154 153 13/252
89 154 154 148/975
89 154 153 13/248
90 154 154 116/749
90 154 153 35/657
91 154 154 41/260
91 154 153 53/980
92 154 154 121/753
92 154 153 19/346
93 154 154 67/410
93 154 153 22/395
94 154 154 83/499
94 154 153 33/584
95 154 154 135/799
95 154 153 13/227
96 154 154 106/617
96 154 153 40/689
97 154 154 163/935
97 154 153 58/987
98 154 154 167/943
98 154 153 43/722
99 154 154 107/596
99 154 153 49/813
100 154 154 84/461
100 154 153 18/295
101 154 154 184/997
101 154 153 34/551
102 154 154 137/732
102 154 153 56/897
103 154 154 168/887
103 154 153 33/523
104 154 154 157/818
104 154 153 46/721
105 154 154 59/304
105 154 153 60/931
106 154 154 193/982
106 154 153 65/998
107 154 154 28/141
107 154 153 53/806
108 154 154 83/413
108 154 153 53/798
109 154 154 153/754
109 154 153 25/373
110 154 154 149/726
110 154 153 9/133
111 154 154 193/932
111 154 153 43/630
112 154 154 166/793
112 154 153 27/392
113 154 154 141/668
113 154 153 5/72
114 154 154 209/980
114 154 153 51/728
115 154 154 49/228
115 154 153 43/609
116 154 154 107/493
116 154 153 67/941
117 154 154 40/183
117 154 153 33/460
118 154 154 203/920
118 154 153 64/885
119 154 154 181/815
119 154 153 11/151
120 154 154 145/647
120 154 153 45/613
121 154 154 179/794
121 154 153 59/798
122 154 154 68/299
122 154 153 47/631
123 154 154 91/398
123 154 153 3/40
124 154 154 205/889
124 154 153 72/953
125 154 154 19/82
125 154 153 7/92
126 154 154 232/993
126 154 153 39/509
127 154 154 233/993
127 154 153 71/920
128 154 154 229/968
128 154 153 61/785
129 154 154 232/977
129 154 153 57/728
130 154 154 175/731
130 154 153 73/926
131 154 154 104/433
131 154 153 55/692
132 154 154 85/351
132 154 153 79/987
133 154 154 17/70
133 154 153 21/260
134 154 154 12/49
134 154 153 17/209
135 154 154 41/167
135 154 153 31/377
136 154 154 241/973
136 154 153 69/833
137 154 154 246/991
137 154 153 67/798
138 154 154 205/818
138 154 153 82/969
139 154 154 163/649
139 154 153 41/476
140 154 154 33/130
140 154 153 49/564
141 154 154 141/554
141 154 153 61/685
142 154 154 176/683
142 154 153 67/745
143 154 154 244/943
143 154 153 68/729
144 154 154 150/571
144 154 153 47/498
145 154 154 197/744
145 154 153 1/10
146 154 154 165/611
146 154 153 76/749
147 154 154 246/895
147 154 153 105/937
148 154 154 63/223
148 154 153 103/902
149 154 154 294/995
149 154 153 79/574
150 154 154 65/211
150 154 153 35/248
151 154 154 31/94
151 154 153 31/282
152 154 154 325/729
152 154 153 389/979
153 154 154 361/774
153 154 153 343/785
154 154 154 498/847
154 154 153 13/159
