# UNIF(n=126,lo,hi): D_ren + dipoles; lines "lo hi level amplitude" for the corrected intervals
106 106 106 37/593
106 106 105 -1/224
107 107 107 34/829
107 107 106 -5/797
108 108 108 14/173
108 108 107 1/502
109 109 109 39/418
109 109 108 56/733
110 110 110 43/424
110 110 109 1/119
111 111 111 105/914
111 111 110 99/962
112 112 112 1/8
112 112 111 14/937
111 113 113 41/371
111 113 112 65/704
113 113 113 41/300
113 113 112 119/942
112 114 114 17/241
112 114 113 -22/975
114 114 114 2/13
114 114 113 19/870
113 115 115 12/79
113 115 114 149/993
115 115 115 159/970
115 115 114 91/591
112 116 116 137/928
112 116 115 8/361
114 116 116 58/821
114 116 115 -35/954
116 116 116 115/601
116 116 115 19/644
113 117 117 183/977
113 117 116 141/686
115 117 117 199/979
115 117 116 164/745
116 117 117 201/956
116 117 116 303/857
117 117 117 145/722
117 117 116 40/211
112 118 118 102/515
112 118 117 7/158
114 118 118 108/499
114 118 117 49/981
115 118 118 64/285
115 118 117 101/922
116 118 118 177/763
116 118 117 16/323
117 118 118 95/398
117 118 117 37/278
118 118 118 45/568
118 118 117 -64/881
111 119 119 10/127
111 119 118 -16/959
112 119 119 11/190
112 119 118 -3/560
113 119 119 246/965
113 119 118 111/356
114 119 119 207/794
114 119 118 362/925
115 119 119 195/733
115 119 118 268/835
116 119 119 94/347
116 119 118 412/965
117 119 119 75/982
117 119 118 -47/763
118 119 119 3/125
118 119 118 -13/878
119 119 119 36/415
119 119 118 -8/97
108 120 120 148/573
108 120 119 49/738
109 120 120 262/981
109 120 119 56/617
110 120 120 19/69
110 120 119 71/937
111 120 120 267/943
111 120 119 103/986
112 120 120 203/699
112 120 119 23/278
113 120 120 233/784
113 120 119 99/838
114 120 120 105/346
114 120 119 29/335
115 120 120 77/249
115 120 119 17/128
116 120 120 284/903
116 120 119 56/653
117 120 120 53/166
117 120 119 131/869
118 120 120 320/989
118 120 119 47/612
119 120 120 163/498
119 120 119 89/501
120 120 120 319/965
120 120 119 28/561
105 121 121 199/578
105 121 120 58/129
106 121 121 157/449
106 121 120 226/471
107 121 121 182/513
107 121 120 98/209
108 121 121 155/431
108 121 120 103/205
109 121 121 287/788
109 121 120 446/919
110 121 121 321/871
110 121 120 516/985
111 121 121 136/365
111 121 120 473/949
112 121 121 67/178
112 121 120 409/751
113 121 121 269/708
113 121 120 475/936
114 121 121 169/441
114 121 120 529/935
115 121 121 275/712
115 121 120 163/319
116 121 121 212/545
116 121 120 563/955
117 121 121 193/493
117 121 120 401/793
118 121 121 363/922
118 121 120 95/153
119 121 121 311/786
119 121 120 276/571
120 121 121 337/863
120 121 120 651/986
121 121 121 343/989
121 121 120 311/990
100 122 122 352/877
100 122 121 47/453
101 122 122 101/247
101 122 121 89/771
102 122 122 407/978
102 122 121 77/676
103 122 122 421/995
103 122 121 25/198
104 122 122 413/961
104 122 121 95/772
105 122 122 355/814
105 122 121 121/887
106 122 122 413/934
106 122 121 8/61
107 122 122 142/317
107 122 121 47/322
108 122 122 73/161
108 122 121 33/239
109 122 122 443/966
109 122 121 131/845
110 122 122 184/397
110 122 121 74/515
111 122 122 381/814
111 122 121 77/470
112 122 122 316/669
112 122 121 74/501
113 122 122 151/317
113 122 121 166/961
114 122 122 469/977
114 122 121 111/742
115 122 122 467/966
115 122 121 73/400
116 122 122 235/483
116 122 121 125/843
117 122 122 23/47
117 122 121 163/837
118 122 122 393/799
118 122 121 87/616
119 122 122 376/761
119 122 121 148/693
120 122 122 435/877
120 122 121 72/593
121 122 122 421/846
121 122 121 67/266
122 122 122 241/483
122 122 121 38/603
89 123 123 281/861
89 123 122 210/971
90 123 123 259/788
90 123 122 114/505
91 123 123 265/793
91 123 122 190/813
92 123 123 40/119
92 123 122 230/947
93 123 123 313/916
93 123 122 139/555
94 123 123 334/973
94 123 122 132/509
95 123 123 327/937
95 123 122 185/694
96 123 123 132/377
96 123 122 232/843
97 123 123 355/997
97 123 122 215/762
98 123 123 315/883
98 123 122 213/733
99 123 123 53/146
99 123 122 11/37
100 123 123 333/917
100 123 122 191/625
101 123 123 263/711
101 123 122 133/426
102 123 123 355/961
102 123 122 265/827
103 123 123 176/467
103 123 122 262/801
104 123 123 74/197
104 123 122 55/164
105 123 123 305/794
105 123 122 38/111
106 123 123 301/788
106 123 122 281/801
107 123 123 176/449
107 123 122 237/661
108 123 123 103/265
108 123 122 334/909
109 123 123 168/419
109 123 122 249/661
110 123 123 82/207
110 123 122 379/981
111 123 123 358/869
111 123 122 383/961
112 123 123 401/990
112 123 122 199/486
113 123 123 367/860
113 123 122 103/241
114 123 123 368/883
114 123 122 37/84
115 123 123 180/401
115 123 122 425/904
116 123 123 260/599
116 123 122 487/1000
117 123 123 388/797
117 123 122 182/335
118 123 123 191/412
118 123 122 536/945
119 123 123 513/982
119 123 122 568/945
120 123 123 459/956
120 123 122 525/827
121 123 123 333/500
121 123 122 495/569
122 123 123 62/105
122 123 122 766/797
123 123 123 445/824
123 123 122 24/55
67 124 124 28/211
67 124 123 40/847
68 124 124 75/548
68 124 123 3/62
69 124 124 46/327
69 124 123 19/384
70 124 124 123/850
70 124 123 38/751
71 124 124 96/647
71 124 123 39/755
72 124 124 30/197
72 124 123 25/474
73 124 124 122/783
73 124 123 5/93
74 124 124 79/495
74 124 123 33/602
75 124 124 103/632
75 124 123 37/663
76 124 124 1/6
76 124 123 52/915
77 124 124 53/312
77 124 123 13/225
78 124 124 137/790
78 124 123 58/987
79 124 124 176/997
79 124 123 57/955
80 124 124 52/289
80 124 123 57/940
81 124 124 79/432
81 124 123 59/959
82 124 124 159/854
82 124 123 62/993
83 124 124 185/979
83 124 123 54/853
84 124 124 167/869
84 124 123 26/405
85 124 124 15/77
85 124 123 37/569
86 124 124 189/955
86 124 123 45/683
87 124 124 102/509
87 124 123 1/15
88 124 124 12/59
88 124 123 58/859
89 124 124 187/909
89 124 123 39/571
90 124 124 121/580
90 124 123 17/246
91 124 124 82/389
91 124 123 67/959
92 124 124 135/632
92 124 123 58/821
93 124 124 149/691
93 124 123 1/14
94 124 124 157/719
94 124 123 57/790
95 124 124 98/445
95 124 123 71/974
96 124 124 187/839
96 124 123 31/421
97 124 124 179/797
97 124 123 9/121
98 124 124 142/625
98 124 123 54/719
99 124 124 218/953
99 124 123 39/514
100 124 124 96/415
100 124 123 71/927
101 124 124 165/709
101 124 123 37/478
102 124 124 4/17
102 124 123 5/64
103 124 124 224/947
103 124 123 61/772
104 124 124 11/46
104 124 123 24/301
105 124 124 197/820
105 124 123 76/941
106 124 124 60/247
106 124 123 67/822
107 124 124 241/988
107 124 123 73/882
108 124 124 19/77
108 124 123 65/778
109 124 124 27/109
109 124 123 77/904
110 124 124 79/315
110 124 123 77/895
111 124 124 103/409
111 124 123 37/419
112 124 124 155/607
112 124 123 5/56
113 124 124 181/705
113 124 123 79/852
114 124 124 95/364
114 124 123 77/820
115 124 124 217/824
115 124 123 76/763
116 124 124 253/941
116 124 123 71/702
117 124 124 106/387
117 124 123 109/975
118 124 124 173/614
118 124 123 75/658
119 124 124 179/607
119 124 123 113/822
120 124 124 307/998
120 124 123 131/929
121 124 124 115/349
121 124 123 67/610
122 124 124 411/922
122 124 123 307/772
123 124 124 314/673
123 124 123 280/641
124 124 124 304/517
124 124 123 59/722
