# UNIF(n=103,lo,hi): D_ren + dipoles; lines "lo hi level amplitude" for the corrected intervals
86 86 86 2/43
86 86 85 -3/590
87 87 87 45/502
87 87 86 0
88 88 88 69/653
88 88 87 66/755
89 89 89 107/921
89 89 88 1/114
90 90 90 40/303
90 90 89 114/961
91 91 91 55/373
91 91 90 3/173
90 92 92 63/460
90 92 91 57/458
92 92 92 157/977
92 92 91 37/249
91 93 93 41/504
91 93 92 -13/427
93 93 93 124/663
93 93 92 20/757
90 94 94 141/830
90 94 93 17/97
92 94 94 144/743
92 94 93 11/54
94 94 94 65/327
94 94 93 99/532
91 95 95 124/621
91 95 94 23/610
93 95 95 130/583
93 95 94 29/675
94 95 95 55/236
94 95 94 65/504
95 95 95 33/406
95 95 94 -1/14
90 96 96 63/263
90 96 95 138/485
92 96 96 227/886
92 96 95 163/537
93 96 96 205/778
93 96 95 413/998
94 96 96 45/572
94 96 95 -13/230
95 96 96 25/983
95 96 95 -7/601
96 96 96 84/961
96 96 95 -61/753
89 97 97 131/487
89 97 96 47/707
90 97 97 79/283
90 97 96 54/517
91 97 97 58/201
91 97 96 45/598
92 97 97 96/323
92 97 96 106/857
93 97 97 173/567
93 97 96 71/903
94 97 97 247/791
94 97 96 81/557
95 97 97 152/477
95 97 96 22/301
96 97 97 323/996
96 97 96 121/690
97 97 97 53/161
97 97 96 28/573
86 98 98 133/384
86 98 97 321/709
87 98 98 199/564
87 98 97 259/523
88 98 98 201/560
88 98 97 393/830
89 98 98 167/458
89 98 97 260/497
90 98 98 283/765
90 98 97 227/464
91 98 98 307/819
91 98 97 376/683
92 98 98 228/601
92 98 97 482/967
93 98 98 79/206
93 98 97 379/654
94 98 98 285/736
94 98 97 479/962
95 98 98 323/827
95 98 97 478/777
96 98 98 364/925
96 98 97 233/486
97 98 98 44/113
97 98 97 495/752
98 98 98 87/682
98 98 97 -32/257
81 99 99 283/717
81 99 98 55/582
82 99 99 363/898
82 99 98 92/833
83 99 99 391/946
83 99 98 31/288
84 99 99 73/173
84 99 98 78/625
85 99 99 77/179
85 99 98 61/512
86 99 99 321/733
86 99 98 72/521
87 99 99 248/557
87 99 98 109/846
88 99 99 203/449
88 99 98 143/948
89 99 99 271/591
89 99 98 125/916
90 99 99 203/437
90 99 98 23/141
91 99 99 322/685
91 99 98 44/311
92 99 99 421/886
92 99 98 132/751
93 99 99 333/694
93 99 98 1/7
94 99 99 470/971
94 99 98 143/751
95 99 99 20/41
95 99 98 4/29
96 99 99 360/733
96 99 98 140/663
97 99 99 454/919
97 99 98 23/192
98 99 99 70/141
98 99 98 137/546
99 99 99 482/967
99 99 98 40/639
73 100 100 185/569
73 100 99 136/599
74 100 100 179/538
74 100 99 157/662
75 100 100 68/203
75 100 99 232/933
76 100 100 254/741
76 100 99 31/120
77 100 100 218/633
77 100 99 83/308
78 100 100 226/641
78 100 99 237/850
79 100 100 41/116
79 100 99 177/611
80 100 100 280/773
80 100 99 159/532
81 100 100 330/911
81 100 99 178/575
82 100 100 167/449
82 100 99 301/944
83 100 100 319/860
83 100 99 202/613
84 100 100 34/89
84 100 99 169/498
85 100 100 30/79
85 100 99 297/848
86 100 100 191/486
86 100 99 335/927
87 100 100 100/257
87 100 99 148/397
88 100 100 28/69
88 100 99 29/75
89 100 100 261/653
89 100 99 374/937
90 100 100 122/289
90 100 99 321/767
91 100 100 334/809
91 100 99 410/947
92 100 100 127/285
92 100 99 449/968
93 100 100 22/51
93 100 99 451/936
94 100 100 427/881
94 100 99 303/562
95 100 100 279/604
95 100 99 216/383
96 100 100 136/261
96 100 99 79/132
97 100 100 472/985
97 100 99 188/297
98 100 100 444/667
98 100 99 406/467
99 100 100 481/815
99 100 99 341/355
100 100 100 453/839
100 100 99 239/548
54 101 101 84/641
54 101 100 43/915
55 101 101 61/448
55 101 100 26/537
56 101 101 97/689
56 101 100 21/422
57 101 101 131/899
57 101 100 9/176
58 101 101 59/393
58 101 100 14/267
59 101 101 46/297
59 101 100 53/986
60 101 101 157/987
60 101 100 11/200
61 101 101 163/996
61 101 100 48/853
62 101 101 144/859
62 101 100 5/87
63 101 101 16/93
63 101 100 28/477
64 101 101 93/529
64 101 100 17/284
65 101 101 157/872
65 101 100 60/983
66 101 101 179/975
66 101 100 56/901
67 101 101 137/730
67 101 100 5/79
68 101 101 140/733
68 101 100 41/637
69 101 101 192/985
69 101 100 18/275
70 101 101 181/914
70 101 100 55/827
71 101 101 156/773
71 101 100 66/977
72 101 101 157/767
72 101 100 43/627
73 101 101 5/24
73 101 100 65/934
74 101 101 211/1000
74 101 100 43/609
75 101 101 62/289
75 101 100 32/447
76 101 101 202/931
76 101 100 53/730
77 101 101 175/794
77 101 100 37/503
78 101 101 61/274
78 101 100 47/630
79 101 101 207/916
79 101 100 67/887
80 101 101 158/693
80 101 100 21/274
81 101 101 229/990
81 101 100 65/838
82 101 101 221/948
82 101 100 13/165
83 101 101 179/757
83 101 100 79/991
84 101 101 5/21
84 101 100 34/419
85 101 101 235/973
85 101 100 72/877
86 101 101 236/971
86 101 100 51/608
87 101 101 37/150
87 101 100 41/483
88 101 101 104/419
88 101 100 11/126
89 101 101 86/341
89 101 100 45/509
90 101 101 79/311
90 101 100 87/946
91 101 101 82/317
91 101 100 83/890
92 101 101 63/241
92 101 100 85/858
93 101 101 209/782
93 101 100 29/288
94 101 101 205/752
94 101 100 38/341
95 101 101 258/919
95 101 100 83/730
96 101 101 5/17
96 101 100 7/51
97 101 101 191/622
97 101 100 131/930
98 101 101 131/398
98 101 100 96/875
99 101 101 78/175
99 101 100 84/211
100 101 101 239/512
100 101 100 427/978
101 101 101 227/386
101 101 100 4/49
