# UNIF(n=77,lo,hi): D_ren + dipoles; lines "lo hi level amplitude" for the corrected intervals
63 63 63 66/695
63 63 62 -2/379
64 64 64 68/577
64 64 63 50/533
65 65 65 53/401
65 65 64 7/984
66 66 66 85/554
66 66 65 11/81
67 67 67 129/730
67 67 66 19/979
66 68 68 113/660
66 68 67 162/995
68 68 68 173/891
68 68 67 69/388
67 69 69 188/933
67 69 68 3/107
69 69 69 50/581
69 69 68 -65/951
66 70 70 209/898
66 70 69 254/977
68 70 70 83/982
68 70 69 -23/514
69 70 70 5/172
69 70 69 -3/694
70 70 70 76/853
70 70 69 -61/786
65 71 71 150/593
65 71 70 43/866
67 71 71 199/704
67 71 70 1/16
68 71 71 263/890
68 71 70 133/997
69 71 71 101/329
69 71 70 57/881
70 71 71 313/987
70 71 70 169/993
71 71 71 307/942
71 71 70 45/968
64 72 72 309/893
64 72 71 136/307
65 72 72 11/31
65 72 71 389/760
66 72 72 339/934
66 72 71 463/992
67 72 72 10/27
67 72 71 476/859
68 72 72 319/846
68 72 71 474/991
69 72 72 95/248
69 72 71 525/874
70 72 72 367/945
70 72 71 415/884
71 72 72 296/765
71 72 71 83/127
72 72 72 24/187
72 72 71 -79/643
61 73 73 284/707
61 73 72 17/178
62 73 73 118/285
62 73 72 101/830
63 73 73 203/477
63 73 72 111/998
64 73 73 185/424
64 73 72 106/749
65 73 73 407/912
65 73 72 115/933
66 73 73 424/931
66 73 72 89/554
67 73 73 461/994
67 73 72 121/927
68 73 73 403/855
68 73 72 73/404
69 73 73 415/868
69 73 72 83/636
70 73 73 441/911
70 73 72 50/243
71 73 73 387/791
71 73 72 41/353
72 73 73 155/314
72 73 72 50/201
73 73 73 357/718
73 73 72 41/665
54 74 74 319/969
54 74 73 48/209
55 74 74 259/780
55 74 73 83/337
56 74 74 320/929
56 74 73 151/578
57 74 74 309/893
57 74 73 170/613
58 74 74 233/648
58 74 73 292/999
59 74 74 269/748
59 74 73 65/211
60 74 74 374/997
60 74 73 34/105
61 74 74 187/501
61 74 73 145/427
62 74 74 368/939
62 74 73 261/730
63 74 74 288/743
63 74 73 40/107
64 74 74 7/17
64 74 73 319/804
65 74 74 379/938
65 74 73 349/842
66 74 74 181/413
66 74 73 213/475
67 74 74 94/221
67 74 73 236/503
68 74 74 464/967
68 74 73 374/707
69 74 74 405/884
69 74 73 367/660
70 74 74 401/774
70 74 73 517/873
71 74 74 52/109
71 74 73 489/778
72 74 74 494/743
72 74 73 781/900
73 74 74 181/307
73 74 73 943/983
74 74 74 517/958
74 74 73 389/893
41 75 75 93/683
41 75 74 12/245
42 75 75 112/787
42 75 74 3/59
43 75 75 139/933
43 75 74 44/835
44 75 75 145/937
44 75 74 48/881
45 75 75 92/571
45 75 74 9/160
46 75 75 166/997
46 75 74 4/69
47 75 75 141/817
47 75 74 46/771
48 75 75 149/839
48 75 74 49/799
49 75 75 53/289
49 75 74 9/143
50 75 75 91/484
50 75 74 47/728
51 75 75 6/31
51 75 74 31/469
52 75 75 18/91
52 75 74 13/192
53 75 75 196/965
53 75 74 11/159
54 75 75 148/715
54 75 74 57/805
55 75 75 207/976
55 75 74 71/983
56 75 75 69/320
56 75 74 55/744
57 75 75 15/68
57 75 74 43/571
58 75 75 207/925
58 75 74 73/946
59 75 75 126/551
59 75 74 64/815
60 75 75 129/557
60 75 74 23/285
61 75 75 79/334
61 75 74 65/792
62 75 75 123/514
62 75 74 71/837
63 75 75 11/45
63 75 74 32/371
64 75 75 209/845
64 75 74 41/455
65 75 75 233/921
65 75 74 65/709
66 75 75 29/113
66 75 74 13/133
67 75 75 247/938
67 75 74 25/251
68 75 75 267/991
68 75 74 22/199
69 75 75 271/974
69 75 74 93/823
70 75 75 45/154
70 75 74 121/885
71 75 75 269/880
71 75 74 42/299
72 75 75 43/131
72 75 74 43/393
73 75 75 397/891
73 75 74 293/734
74 75 75 229/490
74 75 74 181/415
75 75 75 10/17
75 75 74 62/761
