# UNIF(n=251,lo,hi): D_ren + dipoles; lines "lo hi level amplitude" for the corrected intervals
219 219 219 17/452
219 219 218 -1/292
220 220 220 34/803
220 220 219 9/331
221 221 221 31/691
221 221 220 -1/1000
222 222 222 19/742
222 222 221 -1/204
223 223 223 22/419
223 223 222 1/528
224 224 224 2/77
224 224 223 -5/619
225 225 225 52/857
225 225 224 4/879
226 226 226 25/938
226 226 225 -1/88
227 227 227 69/992
227 227 226 7/967
228 228 228 25/902
228 228 227 -2/135
229 229 229 32/403
229 229 228 1/100
228 230 230 23/647
228 230 229 -1/538
230 230 230 5/171
230 230 229 -18/971
229 231 231 67/954
229 231 230 1/276
231 231 231 71/784
231 231 230 11/853
230 232 232 35/979
230 232 231 -3/367
232 232 232 92/957
232 232 231 63/692
231 233 233 31/356
231 233 232 4/403
233 233 233 41/396
233 233 232 2/125
230 234 234 34/837
230 234 233 -1/573
232 234 234 82/835
232 234 233 47/501
234 234 234 108/995
234 234 233 80/771
231 235 235 62/677
231 235 234 1/89
233 235 235 47/443
233 235 234 11/663
235 235 235 88/739
235 235 234 2/103
232 236 236 16/391
232 236 235 -8/765
234 236 236 109/920
234 236 235 83/691
236 236 236 119/962
236 236 235 101/849
231 237 237 97/927
231 237 236 16/947
233 237 237 32/273
233 237 236 7/325
235 237 237 51/397
235 237 236 4/167
237 237 237 31/224
237 237 236 21/901
232 238 238 107/858
232 238 237 92/685
234 238 238 43/320
234 238 237 115/792
236 238 238 143/1000
236 238 237 148/977
237 238 238 89/606
237 238 237 41/166
238 238 238 1/7
238 238 237 27/196
231 239 239 127/995
231 239 238 3/110
233 239 239 56/405
233 239 238 18/577
235 239 239 30/203
235 239 238 8/241
236 239 239 61/401
236 239 238 8/101
237 239 239 47/959
237 239 238 -21/568
238 239 239 135/844
238 239 238 89/969
239 239 239 127/777
239 239 238 26/931
230 240 240 101/698
230 240 239 1/6
232 240 240 27/176
232 240 239 73/409
234 240 240 114/707
234 240 239 155/828
235 240 240 15/91
235 240 239 103/408
236 240 240 127/755
236 240 239 77/401
237 240 240 164/957
237 240 239 176/643
238 240 240 19/109
238 240 239 148/773
239 240 240 168/949
239 240 239 208/697
240 240 240 164/975
240 240 239 109/673
229 241 241 131/851
229 241 240 23/593
231 241 241 61/373
231 241 240 42/971
232 241 241 21/125
232 241 240 67/966
233 241 241 31/180
233 241 240 19/409
234 241 241 169/959
234 241 240 53/681
235 241 241 9/50
235 241 240 38/791
236 241 241 29/158
236 241 240 2/23
237 241 241 145/776
237 241 240 31/654
238 241 241 34/179
238 241 240 4/41
239 241 241 55/991
239 241 240 -7/149
240 241 241 8/583
240 241 240 -3/361
241 241 241 164/829
241 241 240 33/980
228 242 242 115/627
228 242 241 33/146
230 242 242 161/844
230 242 241 229/966
231 242 242 20/103
231 242 241 71/258
232 242 242 77/390
232 242 241 31/126
233 242 242 153/763
233 242 241 41/141
234 242 242 130/639
234 242 241 249/986
235 242 242 173/839
235 242 241 23/75
236 242 242 195/934
236 242 241 87/340
237 242 242 49/232
237 242 241 192/593
238 242 242 203/951
238 242 241 119/467
239 242 242 208/965
239 242 241 109/317
240 242 242 127/584
240 242 241 218/883
241 242 242 73/333
241 242 241 163/440
242 242 242 23/113
242 242 241 59/303
225 243 243 104/535
225 243 242 15/278
227 243 243 162/797
227 243 242 49/830
228 243 243 67/323
228 243 242 29/387
229 243 243 174/823
229 243 242 9/142
230 243 243 178/827
230 243 242 58/711
231 243 243 167/763
231 243 242 22/329
232 243 243 221/994
232 243 242 47/533
233 243 243 37/164
233 243 242 26/375
234 243 243 137/599
234 243 242 17/179
235 243 243 224/967
235 243 242 43/610
236 243 243 229/977
236 243 242 97/948
237 243 243 209/882
237 243 242 63/902
238 243 243 208/869
238 243 242 61/550
239 243 243 43/178
239 243 242 21/316
240 243 243 124/509
240 243 242 57/467
241 243 243 95/387
241 243 242 8/137
242 243 243 196/793
242 243 242 33/238
243 243 243 48/629
243 243 242 -33/442
222 244 244 67/909
222 244 243 -5/679
223 244 244 56/829
223 244 243 -3/508
224 244 244 19/268
224 244 243 -9/653
225 244 244 22/343
225 244 243 -9/790
226 244 244 37/541
226 244 243 -13/655
227 244 244 37/608
227 244 243 -13/795
228 244 244 10/151
228 244 243 -15/586
229 244 244 38/659
229 244 243 -14/675
230 244 244 60/931
230 244 243 -16/515
231 244 244 49/899
231 244 243 -21/857
232 244 244 51/808
232 244 243 -21/578
233 244 244 2/39
233 244 243 -7/254
234 244 244 27/433
234 244 243 -32/771
235 244 244 43/898
235 244 243 -18/605
236 244 244 53/850
236 244 243 -29/620
237 244 244 39/886
237 244 243 -30/973
238 244 244 149/536
238 244 243 235/659
239 244 244 159/569
239 244 243 219/512
240 244 244 276/983
240 244 243 43/123
241 244 244 249/883
241 244 243 135/301
242 244 244 69/952
242 244 243 -59/858
243 244 244 17/788
243 244 243 -11/571
244 244 244 78/911
244 244 243 -29/343
217 245 245 103/393
217 245 244 68/919
218 245 245 49/184
218 245 244 5/61
219 245 245 222/821
219 245 244 64/805
220 245 245 273/995
220 245 244 19/216
221 245 245 249/895
221 245 244 28/331
222 245 245 117/415
222 245 244 77/822
223 245 245 211/739
223 245 244 39/437
224 245 245 202/699
224 245 244 34/343
225 245 245 278/951
225 245 244 37/396
226 245 245 245/829
226 245 244 12/115
227 245 245 195/653
227 245 244 27/278
228 245 245 19/63
228 245 244 71/649
229 245 245 186/611
229 245 244 79/788
230 245 245 293/954
230 245 244 67/586
231 245 245 118/381
231 245 244 101/983
232 245 245 59/189
232 245 244 13/109
233 245 245 295/938
233 245 244 82/785
234 245 245 146/461
234 245 244 123/989
235 245 245 314/985
235 245 244 63/599
236 245 245 297/926
236 245 244 122/939
237 245 245 319/989
237 245 244 65/622
238 245 245 143/441
238 245 244 58/425
239 245 245 29/89
239 245 244 89/875
240 245 245 325/993
240 245 244 19/131
241 245 245 255/776
241 245 244 69/724
242 245 245 187/567
242 245 244 3/19
243 245 245 314/949
243 245 244 13/159
244 245 245 293/883
244 245 244 88/487
245 245 245 160/481
245 245 244 45/877
210 246 246 242/701
210 246 245 153/332
211 246 246 255/733
211 246 245 277/588
212 246 246 109/311
212 246 245 122/259
213 246 246 269/762
213 246 245 248/515
214 246 246 337/948
214 246 245 286/595
215 246 246 345/964
215 246 245 465/946
216 246 246 259/719
216 246 245 477/974
217 246 246 344/949
217 246 245 235/469
218 246 246 345/946
218 246 245 416/835
219 246 246 73/199
219 246 245 327/641
220 246 246 159/431
220 246 245 417/824
221 246 246 227/612
221 246 245 359/692
222 246 246 261/700
222 246 245 135/263
223 246 246 175/467
223 246 245 39/74
224 246 246 61/162
224 246 245 353/679
225 246 246 331/875
225 246 245 521/974
226 246 246 201/529
226 246 245 296/563
227 246 246 29/76
227 246 245 530/977
228 246 246 336/877
228 246 245 499/940
229 246 246 5/13
229 246 245 458/833
230 246 246 127/329
230 246 245 511/955
231 246 246 325/839
231 246 245 454/815
232 246 246 363/934
232 246 245 457/849
233 246 246 377/967
233 246 245 263/466
234 246 246 357/913
234 246 245 356/659
235 246 246 149/380
235 246 245 361/631
236 246 246 263/669
236 246 245 167/309
237 246 246 173/439
237 246 245 115/198
238 246 246 361/914
238 246 245 373/693
239 246 246 188/475
239 246 245 307/519
240 246 246 23/58
240 246 245 456/857
241 246 246 230/579
241 246 245 510/841
242 246 246 372/935
242 246 245 83/160
243 246 246 353/886
243 246 245 524/831
244 246 246 294/737
244 246 245 49/100
245 246 246 368/939
245 246 245 628/947
246 246 246 82/647
246 246 245 -90/713
197 247 247 149/380
197 247 246 91/937
198 247 247 343/866
198 247 246 41/404
199 247 247 2/5
199 247 246 85/826
200 247 247 149/369
200 247 246 87/811
201 247 247 335/822
201 247 246 41/378
202 247 247 44/107
202 247 246 36/319
203 247 247 56/135
203 247 246 80/703
204 247 247 187/447
204 247 246 61/516
205 247 247 418/991
205 247 246 39/328
206 247 247 304/715
206 247 246 123/997
207 247 247 428/999
207 247 246 63/509
208 247 247 177/410
208 247 246 29/226
209 247 247 237/545
209 247 246 113/880
210 247 247 434/991
210 247 246 64/481
211 247 247 56/127
211 247 246 17/128
212 247 247 439/989
212 247 246 56/407
213 247 247 411/920
213 247 246 133/971
214 247 247 423/941
214 247 246 131/923
215 247 247 71/157
215 247 246 133/944
216 247 247 257/565
216 247 246 13/89
217 247 247 274/599
217 247 246 97/671
218 247 247 109/237
218 247 246 3/20
219 247 247 135/292
219 247 246 62/419
220 247 247 263/566
220 247 246 153/995
221 247 247 353/756
221 247 246 115/761
222 247 247 357/761
222 247 246 17/108
223 247 247 385/817
223 247 246 87/565
224 247 247 425/898
224 247 246 97/603
225 247 247 48/101
225 247 246 116/741
226 247 247 240/503
226 247 246 155/944
227 247 247 330/689
227 247 246 47/296
228 247 247 137/285
228 247 246 37/221
229 247 247 342/709
229 247 246 138/859
230 247 247 166/343
230 247 246 166/973
231 247 247 184/379
231 247 246 124/765
232 247 247 205/421
232 247 246 166/955
233 247 247 355/727
233 247 246 52/319
234 247 247 212/433
234 247 246 87/491
235 247 247 348/709
235 247 246 127/778
236 247 247 491/998
236 247 246 129/713
237 247 247 462/937
237 247 246 13/80
238 247 247 208/421
238 247 246 160/863
239 247 247 247/499
239 247 246 46/287
240 247 247 477/962
240 247 246 164/857
241 247 247 147/296
241 247 246 95/611
242 247 247 93/187
242 247 246 183/913
243 247 247 122/245
243 247 246 61/419
244 247 247 168/337
244 247 246 57/263
245 247 247 249/499
245 247 246 32/259
246 247 247 420/841
246 247 246 161/636
247 247 247 499/999
247 247 246 37/582
176 248 248 218/685
176 248 247 131/637
177 248 248 253/791
177 248 247 195/928
178 248 248 297/922
178 248 247 79/369
179 248 248 301/930
179 248 247 123/563
180 248 248 278/853
180 248 247 221/994
181 248 248 128/391
181 248 247 201/887
182 248 248 323/980
182 248 247 202/877
183 248 248 281/849
183 248 247 72/307
184 248 248 1/3
184 248 247 236/991
185 248 248 289/864
185 248 247 39/161
186 248 248 235/698
186 248 247 187/761
187 248 248 320/947
187 248 247 241/965
188 248 248 269/791
188 248 247 203/802
189 248 248 72/211
189 248 247 73/284
190 248 248 205/597
190 248 247 158/607
191 248 248 258/749
191 248 247 257/973
192 248 248 148/427
192 248 247 205/767
193 248 248 65/187
193 248 247 248/915
194 248 248 327/935
194 248 247 225/821
195 248 248 277/790
195 248 247 273/983
196 248 248 127/360
196 248 247 158/563
197 248 248 227/642
197 248 247 83/292
198 248 248 307/863
198 248 247 31/108
199 248 248 329/923
199 248 247 265/912
200 248 248 331/923
200 248 247 178/607
201 248 248 37/103
201 248 247 262/883
202 248 248 133/368
202 248 247 290/969
203 248 248 38/105
203 248 247 214/707
204 248 248 197/541
204 248 247 285/934
205 248 248 300/823
205 248 247 294/953
206 248 248 179/488
206 248 247 129/415
207 248 248 283/771
207 248 247 71/226
208 248 248 99/268
208 248 247 218/689
209 248 248 337/912
209 248 247 281/879
210 248 248 61/164
210 248 247 289/898
211 248 248 196/527
211 248 247 289/889
212 248 248 173/462
212 248 247 229/700
213 248 248 189/505
213 248 247 75/227
214 248 248 291/772
214 248 247 231/695
215 248 248 212/563
215 248 247 243/724
216 248 248 247/651
216 248 247 293/868
217 248 248 186/491
217 248 247 136/399
218 248 248 76/199
218 248 247 243/709
219 248 248 306/803
219 248 247 208/601
220 248 248 178/463
220 248 247 317/911
221 248 248 23/60
221 248 247 285/811
222 248 248 12/31
222 248 247 206/583
223 248 248 376/975
223 248 247 121/339
224 248 248 154/395
224 248 247 14/39
225 248 248 331/853
225 248 247 263/725
226 248 248 255/649
226 248 247 215/589
227 248 248 266/681
227 248 247 320/867
228 248 248 367/926
228 248 247 100/269
229 248 248 299/760
229 248 247 354/941
230 248 248 249/622
230 248 247 326/859
231 248 248 332/837
231 248 247 243/632
232 248 248 280/691
232 248 247 7/18
233 248 248 149/372
233 248 247 384/973
234 248 248 293/712
234 248 247 85/212
235 248 248 163/402
235 248 247 367/900
236 248 248 321/764
236 248 247 154/369
237 248 248 61/148
237 248 247 241/566
238 248 248 245/566
238 248 247 373/845
239 248 248 273/647
239 248 247 19/42
240 248 248 155/342
240 248 247 229/477
241 248 248 235/537
241 248 247 256/517
242 248 248 427/872
242 248 247 331/602
243 248 248 402/863
243 248 247 376/657
244 248 248 358/683
244 248 247 547/904
245 248 248 168/349
245 248 247 609/955
246 248 248 665/998
246 248 247 561/644
247 248 248 244/413
247 248 247 227/236
248 248 248 531/983
248 248 247 331/758
132 249 249 21/160
132 249 248 17/366
133 249 249 133/998
133 249 248 41/872
134 249 249 117/865
134 249 248 43/904
135 249 249 123/896
135 249 248 9/187
136 249 249 136/977
136 249 248 31/637
137 249 249 133/942
137 249 248 22/447
138 249 249 93/650
138 249 248 49/985
139 249 249 105/724
139 249 248 35/696
140 249 249 73/497
140 249 248 22/433
141 249 249 118/793
141 249 248 44/857
142 249 249 97/644
142 249 248 7/135
143 249 249 149/977
143 249 248 43/821
144 249 249 133/862
144 249 248 34/643
145 249 249 47/301
145 249 248 48/899
146 249 249 3/19
146 249 248 43/798
147 249 249 23/144
147 249 248 44/809
148 249 249 36/223
148 249 248 49/893
149 249 249 79/484
149 249 248 33/596
150 249 249 109/661
150 249 248 54/967
151 249 249 1/6
151 249 248 4/71
152 249 249 120/713
152 249 248 28/493
153 249 249 59/347
153 249 248 50/873
154 249 249 167/973
154 249 248 31/537
155 249 249 13/75
155 249 248 11/189
156 249 249 131/749
156 249 248 19/324
157 249 249 110/623
157 249 248 37/626
158 249 249 135/758
158 249 248 44/739
159 249 249 94/523
159 249 248 3/50
160 249 249 141/778
160 249 248 49/811
161 249 249 164/897
161 249 248 58/953
162 249 249 169/917
162 249 248 47/767
163 249 249 121/651
163 249 248 54/875
164 249 249 171/913
164 249 248 41/660
165 249 249 186/985
165 249 248 62/991
166 249 249 179/941
166 249 248 53/842
167 249 249 167/871
167 249 248 55/868
168 249 249 67/347
168 249 248 35/549
169 249 249 136/699
169 249 248 41/639
170 249 249 19/97
170 249 248 63/976
171 249 249 133/674
171 249 248 63/970
172 249 249 143/720
172 249 248 45/689
173 249 249 1/5
173 249 248 32/487
174 249 249 95/472
174 249 248 22/333
175 249 249 198/977
175 249 248 62/933
176 249 249 116/569
176 249 248 65/973
177 249 249 55/268
177 249 248 61/908
178 249 249 71/344
178 249 248 21/311
179 249 249 199/958
179 249 248 48/707
180 249 249 184/881
180 249 248 35/513
181 249 249 91/433
181 249 248 50/729
182 249 249 184/871
182 249 248 43/624
183 249 249 95/447
183 249 248 16/231
184 249 249 173/810
184 249 248 43/618
185 249 249 197/917
185 249 248 10/143
186 249 249 188/871
186 249 248 21/299
187 249 249 145/668
187 249 248 59/836
188 249 249 29/133
188 249 248 64/903
189 249 249 98/447
189 249 248 68/955
190 249 249 203/922
190 249 248 71/993
191 249 249 197/890
191 249 248 66/919
192 249 249 2/9
192 249 248 23/319
193 249 249 191/855
193 249 248 47/649
194 249 249 37/165
194 249 248 37/509
195 249 249 167/741
195 249 248 43/589
196 249 249 19/84
196 249 248 54/737
197 249 249 5/22
197 249 248 22/299
198 249 249 226/991
198 249 248 46/623
199 249 249 217/947
199 249 248 43/580
200 249 249 217/944
200 249 248 61/820
201 249 249 209/905
201 249 248 18/241
202 249 249 104/449
202 249 248 55/734
203 249 249 47/202
203 249 248 75/997
204 249 249 227/973
204 249 248 4/53
205 249 249 161/687
205 249 248 5/66
206 249 249 199/847
206 249 248 44/579
207 249 249 164/695
207 249 248 73/957
208 249 249 193/816
208 249 248 72/941
209 249 249 81/341
209 249 248 47/612
210 249 249 199/836
210 249 248 54/701
211 249 249 131/548
211 249 248 76/983
212 249 249 154/643
212 249 248 19/245
213 249 249 222/923
213 249 248 46/591
214 249 249 199/826
214 249 248 26/333
215 249 249 15/62
215 249 248 67/855
216 249 249 55/227
216 249 248 68/865
217 249 249 237/974
217 249 248 46/583
218 249 249 191/784
218 249 248 65/821
219 249 249 23/94
219 249 248 77/969
220 249 249 193/788
220 249 248 13/163
221 249 249 139/565
221 249 248 55/687
222 249 249 146/593
222 249 248 25/311
223 249 249 233/942
223 249 248 23/285
224 249 249 172/695
224 249 248 3/37
225 249 249 95/382
225 249 248 46/565
226 249 249 203/816
226 249 248 79/965
227 249 249 1/4
227 249 248 31/377
228 249 249 1/4
228 249 248 38/459
229 249 249 202/803
229 249 248 47/565
230 249 249 201/799
230 249 248 73/870
231 249 249 199/786
231 249 248 48/569
232 249 249 139/549
232 249 248 71/832
233 249 249 227/890
233 249 248 17/198
234 249 249 137/537
234 249 248 41/470
235 249 249 35/136
235 249 248 34/387
236 249 249 178/691
236 249 248 49/545
237 249 249 182/699
237 249 248 71/783
238 249 249 59/226
238 249 248 17/181
239 249 249 203/767
239 249 248 43/453
240 249 249 77/289
240 249 248 65/647
241 249 249 225/829
241 249 248 11/108
242 249 249 194/703
242 249 248 109/970
243 249 249 104/367
243 249 248 111/970
244 249 249 130/439
244 249 248 121/878
245 249 249 307/995
245 249 248 139/984
246 249 249 34/103
246 249 248 34/309
247 249 249 383/859
247 249 248 341/859
248 249 249 69/148
248 249 248 389/890
249 249 249 311/529
249 249 248 9/110
