# UNIF(n=83,lo,hi): D_ren + dipoles; lines "lo hi level amplitude" for the corrected intervals
68 68 68 88/971
68 68 67 38/621
69 69 69 97/954
69 69 68 -1/1000
70 70 70 73/594
70 70 69 27/263
71 71 71 97/708
71 71 70 2/193
72 72 72 19/122
72 72 71 133/951
71 73 73 88/895
71 73 72 -14/709
73 73 73 160/889
73 73 72 9/416
72 74 74 61/342
72 74 73 68/387
74 74 74 188/961
74 74 73 24/133
73 75 75 206/989
73 75 74 31/946
75 75 75 64/757
75 75 74 -68/981
72 76 76 116/483
72 76 75 199/727
74 76 76 73/883
74 76 75 -43/887
75 76 76 27/967
75 76 75 -2/301
76 76 76 79/892
76 76 75 -24/305
71 77 77 223/844
71 77 76 13/225
72 77 77 229/825
72 77 76 8/73
73 77 77 51/176
73 77 76 19/281
74 77 77 299/994
74 77 76 97/707
75 77 77 32/103
75 77 76 58/861
76 77 77 275/861
76 77 76 72/419
77 77 77 290/887
77 77 76 43/910
70 78 78 64/181
70 78 77 151/330
71 78 78 160/443
71 78 77 109/208
72 78 78 356/967
72 78 77 420/881
73 78 78 97/259
73 78 77 484/861
74 78 78 27/71
74 78 77 437/902
75 78 78 180/467
75 78 77 23/38
76 78 78 374/959
76 78 77 69/146
77 78 78 347/895
77 78 77 488/745
78 78 78 31/242
78 78 77 -105/851
65 79 79 322/821
65 79 78 21/233
66 79 79 367/908
66 79 78 77/685
67 79 79 349/840
67 79 78 101/952
68 79 79 49/115
68 79 78 11/84
69 79 79 201/461
69 79 78 119/998
70 79 79 431/968
70 79 78 142/957
71 79 79 388/855
71 79 78 4/31
72 79 79 265/574
72 79 78 68/411
73 79 79 399/851
73 79 78 98/729
74 79 79 164/345
74 79 78 179/974
75 79 79 294/611
75 79 78 131/986
76 79 79 302/621
76 79 78 111/535
77 79 79 239/487
77 79 78 101/861
78 79 79 271/548
78 79 78 112/449
79 79 79 415/834
79 79 78 57/920
59 80 80 247/751
59 80 79 5/21
60 80 80 285/839
60 80 79 247/982
61 80 80 329/963
61 80 79 184/691
62 80 80 350/991
62 80 79 121/433
63 80 80 63/178
63 80 79 290/987
64 80 80 359/979
64 80 79 90/293
65 80 80 56/153
65 80 79 242/753
66 80 80 99/260
66 80 79 238/709
67 80 80 331/875
67 80 79 237/677
68 80 80 86/217
68 80 79 172/469
69 80 80 348/889
69 80 79 370/969
70 80 80 237/571
70 80 79 111/275
71 80 80 107/263
71 80 79 393/935
72 80 80 89/202
72 80 79 296/653
73 80 80 279/653
73 80 79 397/839
74 80 80 323/671
74 80 79 157/295
75 80 80 322/701
75 80 79 62/111
76 80 80 409/788
76 80 79 593/998
77 80 80 118/247
77 80 79 223/354
78 80 80 431/648
78 80 79 791/911
79 80 80 565/958
79 80 79 905/943
80 80 80 353/654
80 80 79 363/833
44 81 81 121/900
44 81 80 46/951
45 81 81 126/895
45 81 80 39/778
46 81 81 137/936
46 81 80 10/193
47 81 81 141/925
47 81 80 13/243
48 81 81 41/260
48 81 80 7/127
49 81 81 146/893
49 81 80 35/617
50 81 81 16/95
50 81 80 19/326
51 81 81 127/730
51 81 80 53/886
52 81 81 5/28
52 81 80 49/799
53 81 81 73/397
53 81 80 53/844
54 81 81 127/675
54 81 80 16/249
55 81 81 97/502
55 81 80 57/868
56 81 81 153/776
56 81 80 41/611
57 81 81 119/589
57 81 80 51/745
58 81 81 51/248
58 81 80 55/787
59 81 81 118/561
59 81 80 64/899
60 81 81 185/866
60 81 80 17/234
61 81 81 12/55
61 81 80 17/230
62 81 81 23/104
62 81 80 4/53
63 81 81 215/953
63 81 80 53/691
64 81 81 221/968
64 81 80 4/51
65 81 81 155/666
65 81 80 74/929
66 81 81 175/744
66 81 80 46/563
67 81 81 216/901
67 81 80 37/446
68 81 81 238/983
68 81 80 69/806
69 81 81 159/644
69 81 80 85/978
70 81 81 113/453
70 81 80 77/849
71 81 81 253/993
71 81 80 33/358
72 81 81 214/829
72 81 80 16/163
73 81 81 227/858
73 81 80 99/991
74 81 81 182/673
74 81 80 89/803
75 81 81 149/534
75 81 80 113/998
76 81 81 224/765
76 81 80 59/431
77 81 81 15/49
77 81 80 62/441
78 81 81 319/971
78 81 80 38/347
79 81 81 127/285
79 81 80 69/173
80 81 81 185/396
80 81 80 428/981
81 81 81 587/998
81 81 80 79/969
