# UNIF(n=50,lo,hi): D_ren + dipoles; lines "lo hi level amplitude" for the corrected intervals
39 39 39 98/795
39 39 38 38/491
40 40 40 122/845
40 40 39 0
41 41 41 153/842
41 41 40 87/571
42 42 42 100/999
42 42 41 -36/623
41 43 43 2/19
41 43 42 -8/779
43 43 43 91/957
43 43 42 -23/340
42 44 44 53/196
42 44 43 31/745
44 44 44 243/770
44 44 43 1/25
41 45 45 329/953
41 45 44 281/687
42 45 45 32/89
42 45 44 477/868
43 45 45 348/935
43 45 44 347/799
44 45 45 362/951
44 45 44 498/779
45 45 45 290/847
45 45 44 259/850
40 46 46 380/919
40 46 45 49/503
41 46 46 186/431
41 46 45 55/356
42 46 46 441/985
42 46 45 79/715
43 46 46 407/881
43 46 45 187/978
44 46 46 231/487
44 46 45 37/348
45 46 46 255/526
45 46 45 232/955
46 46 46 482/977
46 46 45 37/626
35 47 47 211/596
35 47 46 77/295
36 47 47 271/764
36 47 46 165/569
37 47 47 288/751
37 47 46 138/425
38 47 47 263/692
38 47 46 153/433
39 47 47 317/758
39 47 46 89/224
40 47 47 92/225
40 47 46 279/653
41 47 47 7/15
41 47 46 481/971
42 47 47 262/585
42 47 46 488/921
43 47 47 205/402
43 47 46 431/754
44 47 47 443/940
44 47 46 601/979
45 47 47 206/311
45 47 46 787/914
46 47 47 10/17
46 47 46 431/451
47 47 47 317/588
47 47 46 326/751
27 48 48 118/861
27 48 47 41/798
28 48 48 145/979
28 48 47 11/202
29 48 48 149/947
29 48 47 25/433
30 48 48 157/936
30 48 47 59/973
31 48 48 165/937
31 48 47 59/923
32 48 48 137/737
32 48 47 1/15
33 48 48 183/946
33 48 47 34/485
34 48 48 59/291
34 48 47 33/454
35 48 48 209/997
35 48 47 69/901
36 48 48 148/677
36 48 47 48/607
37 48 48 201/893
37 48 47 47/560
38 48 48 11/47
38 48 47 7/81
39 48 48 13/54
39 48 47 7/75
40 48 48 250/999
40 48 47 19/198
41 48 48 22/85
41 48 47 41/381
42 48 48 268/993
42 48 47 86/777
43 48 48 285/997
43 48 47 83/615
44 48 48 115/382
44 48 47 119/855
45 48 48 308/947
45 48 47 58/535
46 48 48 235/528
46 48 47 379/941
47 48 48 425/906
47 48 47 281/646
48 48 48 534/907
48 48 47 77/950
