# UNIF(n=236,lo,hi): D_ren + dipoles; lines "lo hi level amplitude" for the corrected intervals
206 206 206 16/381
206 206 205 -1/430
207 207 207 26/973
207 207 206 -3/910
208 208 208 1/20
208 208 207 1/1000
209 209 209 25/928
209 209 208 -2/299
210 210 210 49/837
210 210 209 3/889
211 211 211 18/655
211 211 210 -10/983
212 212 212 25/369
212 212 211 4/641
213 213 213 5/176
213 213 212 -5/362
214 214 214 68/873
214 214 213 9/982
215 215 215 13/436
215 215 214 -2/113
214 216 216 51/769
214 216 215 1/690
216 216 216 46/515
216 216 215 11/901
215 217 217 15/403
215 217 216 -1/166
217 217 217 13/136
217 217 216 25/278
216 218 218 83/989
216 218 217 2/245
218 218 218 101/985
218 218 217 4/259
217 219 219 11/115
217 219 218 33/371
219 219 219 4/37
219 219 218 25/243
216 220 220 49/562
216 220 219 1/114
218 220 220 89/859
218 220 219 5/329
220 220 220 117/989
220 220 219 13/685
217 221 221 41/964
217 221 220 -8/991
219 221 221 98/841
219 221 220 32/275
221 221 221 123/997
221 221 220 11/93
218 222 222 37/325
218 222 221 14/713
220 222 222 121/956
220 222 221 10/437
222 222 222 74/537
222 222 221 21/914
217 223 223 11/91
217 223 222 111/875
219 223 223 29/220
219 223 222 137/977
221 223 223 46/325
221 223 222 69/464
223 223 223 95/666
223 223 222 7/51
216 224 224 80/653
216 224 223 15/616
218 224 224 104/773
218 224 223 5/172
220 224 224 17/117
220 224 223 13/409
222 224 224 27/541
222 224 223 -25/689
223 224 224 157/987
223 224 223 19/208
224 224 224 112/687
224 224 223 26/939
217 225 225 69/461
217 225 224 45/263
219 225 225 13/82
219 225 224 2/11
220 225 225 20/123
220 225 224 158/637
221 225 225 114/685
221 225 224 167/886
222 225 225 162/953
222 225 224 171/631
223 225 225 165/952
223 225 224 112/591
224 225 225 145/822
224 225 224 200/673
225 225 225 102/607
225 225 224 16/99
216 226 226 157/989
216 226 225 36/889
218 226 226 162/961
218 226 225 11/248
219 226 226 139/803
219 226 225 13/171
220 226 226 163/919
220 226 225 45/967
221 226 226 150/827
221 226 225 3/35
222 226 226 117/632
222 226 225 20/431
223 226 226 179/949
223 226 225 85/878
224 226 226 38/677
224 226 225 -45/968
225 226 226 11/779
225 226 225 -1/125
226 226 226 193/977
226 226 225 19/567
213 227 227 74/415
213 227 226 206/955
215 227 227 173/927
215 227 226 59/258
216 227 227 4/21
216 227 226 151/564
217 227 227 20/103
217 227 226 17/71
218 227 227 17/86
218 227 226 57/200
219 227 227 165/821
219 227 226 201/812
220 227 227 10/49
220 227 226 189/625
221 227 227 59/285
221 227 226 219/868
222 227 227 43/205
222 227 226 137/427
223 227 227 69/325
223 227 226 127/503
224 227 227 161/750
224 227 226 274/801
225 227 227 188/867
225 227 226 14/57
226 227 227 93/425
226 227 226 268/725
227 227 227 154/757
227 227 226 106/545
212 228 228 178/903
212 228 227 55/992
213 228 228 22/109
213 228 227 22/307
214 228 228 13/63
214 228 227 47/778
215 228 228 79/375
215 228 227 46/583
216 228 228 93/433
216 228 227 49/760
217 228 228 117/535
217 228 227 29/337
218 228 228 135/607
218 228 227 17/252
219 228 228 197/872
219 228 227 7/75
220 228 228 229/999
220 228 227 21/304
221 228 228 148/637
221 228 227 9/89
222 228 228 235/999
222 228 227 19/276
223 228 228 84/353
223 228 227 12/109
224 228 228 227/944
224 228 227 46/699
225 228 228 42/173
225 228 227 84/691
226 228 228 239/976
226 228 227 53/913
227 228 228 173/701
227 228 227 76/549
228 228 228 12/157
228 228 227 -73/979
209 229 229 35/474
209 229 228 -2/217
210 229 229 47/703
210 229 228 -3/418
211 229 229 66/931
211 229 228 -8/501
212 229 229 61/966
212 229 228 -6/469
213 229 229 11/161
213 229 228 -4/179
214 229 229 52/873
214 229 228 -14/787
215 229 229 44/665
215 229 228 -19/669
216 229 229 44/785
216 229 228 -17/769
217 229 229 63/977
217 229 228 -4/117
218 229 229 24/457
218 229 228 -25/974
219 229 229 17/268
219 229 228 -39/979
220 229 229 33/676
220 229 228 -3/106
221 229 229 6/95
221 229 228 -27/593
222 229 229 35/783
222 229 228 -19/638
223 229 229 95/343
223 229 228 274/773
224 229 229 241/865
224 229 228 331/777
225 229 229 179/639
225 229 228 226/649
226 229 229 172/611
226 229 228 443/990
227 229 229 21/289
227 229 228 -38/555
228 229 229 10/461
228 229 228 -17/891
229 229 229 61/712
229 229 228 -81/959
204 230 230 254/969
204 230 229 29/389
205 230 230 265/994
205 230 229 1/12
206 230 230 42/155
206 230 229 76/947
207 230 230 235/854
207 230 229 89/993
208 230 230 117/419
208 230 229 63/737
209 230 230 79/279
209 230 229 46/481
210 230 230 101/352
210 230 229 35/388
211 230 230 265/912
211 230 229 81/799
212 230 230 292/993
212 230 229 69/731
213 230 230 287/965
213 230 229 79/739
214 230 230 291/968
214 230 229 97/990
215 230 230 99/326
215 230 229 43/383
216 230 230 65/212
216 230 229 91/902
217 230 230 211/682
217 230 229 117/995
218 230 230 122/391
218 230 229 83/806
219 230 230 39/124
219 230 229 103/837
220 230 230 263/830
220 230 229 80/769
221 230 230 97/304
221 230 229 127/985
222 230 230 202/629
222 230 229 17/164
223 230 230 21/65
223 230 229 112/825
224 230 230 217/668
224 230 229 9/89
225 230 230 175/536
225 230 229 85/588
226 230 230 225/686
226 230 229 88/927
227 230 230 55/167
227 230 229 84/533
228 230 230 317/959
228 230 229 27/331
229 230 230 323/974
229 230 229 106/587
230 230 230 283/851
230 230 229 51/995
197 231 231 334/971
197 231 230 402/881
198 231 231 291/839
198 231 230 173/370
199 231 231 143/409
199 231 230 165/353
200 231 231 352/999
200 231 230 308/643
201 231 231 295/831
201 231 230 281/588
202 231 231 182/509
202 231 230 97/198
203 231 231 256/711
203 231 230 317/650
204 231 231 199/549
204 231 230 500/999
205 231 231 112/307
205 231 230 78/157
206 231 231 29/79
206 231 230 403/790
207 231 231 291/788
207 231 230 145/287
208 231 231 361/972
208 231 230 253/487
209 231 231 121/324
209 231 230 497/969
210 231 231 327/871
210 231 230 353/668
211 231 231 243/644
211 231 230 197/379
212 231 231 251/662
212 231 230 225/419
213 231 231 371/974
213 231 230 397/755
214 231 231 347/907
214 231 230 452/829
215 231 231 68/177
215 231 230 249/469
216 231 231 383/993
216 231 230 462/835
217 231 231 211/545
217 231 230 521/974
218 231 231 61/157
218 231 230 462/823
219 231 231 23/59
219 231 230 179/333
220 231 231 359/918
220 231 230 535/939
221 231 231 242/617
221 231 230 533/990
222 231 231 317/806
222 231 230 315/544
223 231 231 360/913
223 231 230 168/313
224 231 231 83/210
224 231 230 376/637
225 231 231 385/972
225 231 230 436/821
226 231 231 127/320
226 231 230 519/857
227 231 231 394/991
227 231 230 329/635
228 231 231 223/560
228 231 230 201/319
229 231 231 65/163
229 231 230 166/339
230 231 231 279/712
230 231 230 425/641
231 231 231 189/544
231 231 230 293/929
186 232 232 223/564
186 232 231 32/317
187 232 232 177/443
187 232 231 15/142
188 232 232 312/773
188 232 231 14/131
189 232 232 75/184
189 232 231 80/717
190 232 232 293/712
190 232 231 35/311
191 232 232 287/691
191 232 231 19/162
192 232 232 145/346
192 232 231 90/763
193 232 232 93/220
193 232 231 48/391
194 232 232 402/943
194 232 231 106/861
195 232 232 101/235
195 232 231 117/914
196 232 232 295/681
196 232 231 117/914
197 232 232 55/126
197 232 231 29/218
198 232 232 135/307
198 232 231 128/965
199 232 232 411/928
199 232 231 133/965
200 232 232 33/74
200 232 231 87/635
201 232 232 400/891
201 232 231 89/625
202 232 232 333/737
202 232 231 126/893
203 232 232 411/904
203 232 231 102/695
204 232 232 338/739
204 232 231 111/766
205 232 232 443/963
205 232 231 147/974
206 232 232 68/147
206 232 231 118/795
207 232 232 193/415
207 232 231 125/807
208 232 232 79/169
208 232 231 37/244
209 232 232 435/926
209 232 231 63/397
210 232 232 337/714
210 232 231 104/673
211 232 232 449/947
211 232 231 131/807
212 232 232 10/21
212 232 231 30/191
213 232 232 427/893
213 232 231 34/205
214 232 232 361/752
214 232 231 57/358
215 232 232 332/689
215 232 231 75/443
216 232 232 427/883
216 232 231 149/926
217 232 232 279/575
217 232 231 52/301
218 232 232 92/189
218 232 231 41/253
219 232 232 436/893
219 232 231 167/947
220 232 232 118/241
220 232 231 162/997
221 232 232 433/882
221 232 231 53/294
222 232 232 94/191
222 232 231 137/846
223 232 232 367/744
223 232 231 179/968
224 232 232 218/441
224 232 231 149/932
225 232 232 158/319
225 232 231 149/780
226 232 232 454/915
226 232 231 149/960
227 232 232 493/992
227 232 231 181/904
228 232 232 431/866
228 232 231 81/557
229 232 232 445/893
229 232 231 193/891
230 232 232 220/441
230 232 231 111/899
231 232 232 372/745
231 232 231 184/727
232 232 232 499/999
232 232 231 34/535
165 233 233 247/775
165 233 232 129/637
166 233 233 173/540
166 233 232 141/680
167 233 233 194/601
167 233 232 142/671
168 233 233 169/521
168 233 232 209/966
169 233 233 83/254
169 233 232 71/322
170 233 233 238/725
170 233 232 138/613
171 233 233 41/124
171 233 232 129/563
172 233 233 262/789
172 233 232 25/107
173 233 233 310/927
173 233 232 138/581
174 233 233 232/691
174 233 232 15/62
175 233 233 309/914
175 233 232 199/810
176 233 233 170/501
176 233 232 1/4
177 233 233 96/281
177 233 232 88/347
178 233 233 302/881
178 233 232 239/927
179 233 233 88/255
179 233 232 214/819
180 233 233 9/26
180 233 232 241/908
181 233 233 215/617
181 233 232 154/573
182 233 233 333/953
182 233 232 272/997
183 233 233 325/924
183 233 232 268/971
184 233 233 293/831
184 233 232 236/843
185 233 233 181/510
185 233 232 272/961
186 233 233 324/911
186 233 232 173/603
187 233 233 121/338
187 233 232 20/69
188 233 233 52/145
188 233 232 291/991
189 233 233 335/928
189 233 232 193/651
190 233 233 77/213
190 233 232 154/513
191 233 233 119/327
191 233 232 136/449
192 233 233 302/829
192 233 232 271/884
193 233 233 245/668
193 233 232 213/689
194 233 233 109/297
194 233 232 299/956
195 233 233 17/46
195 233 232 238/755
196 233 233 112/303
196 233 232 300/941
197 233 233 86/231
197 233 232 273/850
198 233 233 316/849
198 233 232 151/465
199 233 233 3/8
199 233 232 224/685
200 233 233 323/862
200 233 232 119/360
201 233 233 159/421
201 233 232 192/577
202 233 233 347/920
202 233 232 75/223
203 233 233 213/560
203 233 232 22/65
204 233 233 216/569
204 233 232 339/991
205 233 233 326/851
205 233 232 306/889
206 233 233 264/691
206 233 232 223/641
207 233 233 350/907
207 233 232 335/957
208 233 233 338/879
208 233 232 316/893
209 233 233 383/985
209 233 232 349/980
210 233 233 12/31
210 233 232 251/697
211 233 233 118/301
211 233 232 219/604
212 233 233 145/372
212 233 232 354/965
213 233 233 161/407
213 233 232 139/376
214 233 233 346/881
214 233 232 338/903
215 233 233 265/663
215 233 232 371/982
216 233 233 162/409
216 233 232 193/504
217 233 233 155/383
217 233 232 360/929
218 233 233 2/5
218 233 232 286/727
219 233 233 37/90
219 233 232 399/998
220 233 233 301/743
220 233 232 24/59
221 233 233 419/998
221 233 232 359/862
222 233 233 194/471
222 233 232 258/607
223 233 233 61/141
223 233 232 160/363
224 233 233 415/984
224 233 232 136/301
225 233 233 275/607
225 233 232 153/319
226 233 233 7/16
226 233 232 427/863
227 233 233 352/719
227 233 232 527/959
228 233 233 299/642
228 233 232 258/451
229 233 233 446/851
229 233 232 222/367
230 233 233 116/241
230 233 232 387/607
231 233 233 665/998
231 233 232 331/380
232 233 233 449/760
232 233 232 126/131
233 233 233 121/224
233 233 232 293/671
124 234 234 129/992
124 234 233 25/542
125 234 234 113/855
125 234 233 42/899
126 234 234 124/923
126 234 233 23/486
127 234 234 100/733
127 234 233 47/981
128 234 234 97/700
128 234 233 47/969
129 234 234 134/953
129 234 233 8/163
130 234 234 142/995
130 234 233 37/745
131 234 234 144/995
131 234 233 45/896
132 234 234 133/906
132 234 233 19/374
133 234 234 18/121
133 234 233 19/370
134 234 234 19/126
134 234 233 42/809
135 234 234 135/884
135 234 233 47/896
136 234 234 110/711
136 234 233 22/415
137 234 234 57/364
137 234 233 31/579
138 234 234 114/719
138 234 233 45/832
139 234 234 98/611
139 234 233 51/934
140 234 234 56/345
140 234 233 37/671
141 234 234 161/981
141 234 233 34/611
142 234 234 42/253
142 234 233 56/997
143 234 234 127/757
143 234 233 48/847
144 234 234 67/395
144 234 233 39/682
145 234 234 55/321
145 234 233 50/867
146 234 234 169/976
146 234 233 58/997
147 234 234 157/898
147 234 233 20/341
148 234 234 145/821
148 234 233 54/913
149 234 234 159/892
149 234 233 58/973
150 234 234 9/50
150 234 233 25/416
151 234 234 73/402
151 234 233 31/512
152 234 234 101/551
152 234 233 31/508
153 234 234 83/449
153 234 233 26/423
154 234 234 36/193
154 234 233 34/549
155 234 234 173/920
155 234 233 57/914
156 234 234 114/601
156 234 233 49/780
157 234 234 121/633
157 234 233 16/253
158 234 234 181/939
158 234 233 57/895
159 234 234 147/757
159 234 233 5/78
160 234 234 157/802
160 234 233 63/976
161 234 234 152/771
161 234 233 5/77
162 234 234 151/760
162 234 233 57/872
163 234 234 1/5
163 234 233 24/365
164 234 234 184/913
164 234 233 9/136
165 234 234 186/917
165 234 233 39/586
166 234 234 19/93
166 234 233 61/911
167 234 234 133/647
167 234 233 27/401
168 234 234 201/971
168 234 233 17/251
169 234 234 76/365
169 234 233 51/749
170 234 234 196/935
170 234 233 68/993
171 234 234 82/389
171 234 233 53/770
172 234 234 122/575
172 234 233 67/968
173 234 234 170/797
173 234 233 53/762
174 234 234 85/396
174 234 233 10/143
175 234 234 96/445
175 234 233 30/427
176 234 234 191/880
176 234 233 69/977
177 234 234 41/188
177 234 233 21/296
178 234 234 77/351
178 234 233 40/561
179 234 234 145/658
179 234 233 55/768
180 234 234 207/934
180 234 233 48/667
181 234 234 71/319
181 234 233 37/512
182 234 234 220/983
182 234 233 57/785
183 234 234 171/761
183 234 233 60/823
184 234 234 68/301
184 234 233 26/355
185 234 234 61/269
185 234 233 5/68
186 234 234 137/601
186 234 233 63/853
187 234 234 35/153
187 234 233 43/580
188 234 234 209/909
188 234 233 72/967
189 234 234 191/828
189 234 233 21/281
190 234 234 169/729
190 234 233 71/946
191 234 234 183/787
191 234 233 47/624
192 234 234 143/612
192 234 233 68/899
193 234 234 183/781
193 234 233 40/527
194 234 234 101/429
194 234 233 33/433
195 234 234 207/877
195 234 233 66/863
196 234 234 83/350
196 234 233 42/547
197 234 234 111/467
197 234 233 47/610
198 234 234 229/959
198 234 233 55/711
199 234 234 67/280
199 234 233 17/219
200 234 234 219/911
200 234 233 77/988
201 234 234 151/627
201 234 233 75/959
202 234 234 233/963
202 234 233 53/675
203 234 234 221/912
203 234 233 45/571
204 234 234 214/879
204 234 233 47/594
205 234 234 235/964
205 234 233 17/214
206 234 234 230/939
206 234 233 67/840
207 234 234 115/469
207 234 233 60/749
208 234 234 103/418
208 234 233 51/634
209 234 234 91/369
209 234 233 27/334
210 234 234 88/355
210 234 233 60/739
211 234 234 63/254
211 234 233 65/796
212 234 234 103/413
212 234 233 58/707
213 234 234 245/982
213 234 233 67/811
214 234 234 64/255
214 234 233 45/542
215 234 234 181/721
215 234 233 81/967
216 234 234 187/740
216 234 233 55/653
217 234 234 252/997
217 234 233 49/575
218 234 234 109/428
218 234 233 71/828
219 234 234 40/157
219 234 233 82/941
220 234 234 237/922
220 234 233 61/695
221 234 234 79/307
221 234 233 38/423
222 234 234 186/715
222 234 233 83/916
223 234 234 6/23
223 234 233 75/799
224 234 234 260/983
224 234 233 50/527
225 234 234 143/537
225 234 233 71/707
226 234 234 86/317
226 234 233 101/992
227 234 234 8/29
227 234 233 81/721
228 234 234 168/593
228 234 233 104/909
229 234 234 241/814
229 234 233 35/254
230 234 234 294/953
230 234 233 113/800
231 234 234 236/715
231 234 233 45/409
232 234 234 70/157
232 234 233 106/267
233 234 234 359/770
233 234 233 191/437
234 234 234 525/893
234 234 233 76/929
