# UNIF(n=146,lo,hi): D_ren + dipoles; lines "lo hi level amplitude" for the corrected intervals
124 124 124 53/933
124 124 123 -3/778
125 125 125 37/998
125 125 124 -3/563
126 126 126 26/361
126 126 125 1/675
127 127 127 37/981
127 127 126 -9/758
128 128 128 25/282
128 128 127 3/442
129 129 129 64/643
129 129 128 45/514
130 130 130 62/577
130 130 129 7/575
131 131 131 15/127
131 131 130 98/901
130 132 132 51/509
130 132 131 1/161
132 132 132 123/949
132 132 131 17/955
131 133 133 112/921
131 133 132 44/391
133 133 133 83/598
133 133 132 28/215
132 134 134 41/649
132 134 133 -18/655
134 134 134 151/961
134 134 133 5/209
131 135 135 59/417
131 135 134 83/582
133 135 135 86/539
133 135 134 11/67
135 135 135 151/913
135 135 134 118/753
132 136 136 62/385
132 136 135 15/487
134 136 136 40/611
134 136 135 -39/970
135 136 136 8/399
135 136 135 -3/748
136 136 136 6/31
136 136 135 3/97
131 137 137 172/943
131 137 136 101/490
133 137 137 115/586
133 137 136 173/778
134 137 137 183/904
134 137 136 262/821
135 137 137 41/197
135 137 136 47/205
136 137 137 173/811
136 137 136 235/654
137 137 137 23/114
137 137 136 181/946
130 138 138 62/317
130 138 137 43/918
132 138 138 67/317
132 138 137 20/377
133 138 138 116/531
133 138 137 52/535
134 138 138 205/911
134 138 137 55/989
135 138 138 177/766
135 138 137 107/940
136 138 138 75/317
136 138 137 45/856
137 138 138 201/832
137 138 137 130/963
138 138 138 60/767
138 138 137 -11/150
129 139 139 52/677
129 139 138 -14/933
130 139 139 59/976
130 139 138 -6/895
131 139 139 73/998
131 139 138 -15/556
132 139 139 53/997
132 139 138 -14/995
133 139 139 77/293
133 139 138 297/908
134 139 139 121/453
134 139 138 107/265
135 139 139 119/439
135 139 138 297/898
136 139 139 242/881
136 139 138 433/997
137 139 139 43/573
137 139 138 -31/484
138 139 139 13/561
138 139 138 -13/796
139 139 139 19/220
139 139 138 -47/565
126 140 140 89/338
126 140 139 68/953
127 140 140 266/983
127 140 139 71/779
128 140 140 169/609
128 140 139 39/491
129 140 140 121/426
129 140 139 9/88
130 140 140 231/796
130 140 139 20/233
131 140 140 214/723
131 140 139 91/804
132 140 140 236/783
132 140 139 57/632
133 140 140 19/62
133 140 139 80/643
134 140 140 14/45
134 140 139 89/970
135 140 140 305/967
135 140 139 137/1000
136 140 140 38/119
136 140 139 43/483
137 140 140 247/765
137 140 139 125/816
138 140 140 194/595
138 140 139 23/293
139 140 140 318/967
139 140 139 161/901
140 140 140 215/649
140 140 139 45/893
121 141 141 78/229
121 141 140 312/701
122 141 141 191/553
122 141 140 96/205
123 141 141 344/983
123 141 140 368/795
124 141 141 191/539
124 141 140 481/986
125 141 141 109/304
125 141 140 282/589
126 141 141 335/924
126 141 140 491/970
127 141 141 196/535
127 141 140 365/741
128 141 141 101/273
128 141 140 322/615
129 141 141 115/308
129 141 140 436/865
130 141 141 177/470
130 141 140 516/955
131 141 141 298/785
131 141 140 241/470
132 141 141 122/319
132 141 140 44/79
133 141 141 320/831
133 141 140 317/612
134 141 141 267/689
134 141 140 497/865
135 141 141 373/957
135 141 140 57/110
136 141 141 373/952
136 141 140 253/425
137 141 141 385/978
137 141 140 151/296
138 141 141 304/769
138 141 140 98/157
139 141 141 148/373
139 141 140 473/974
140 141 141 52/133
140 141 140 203/307
141 141 141 76/219
141 141 140 179/569
115 142 142 217/549
115 142 141 71/681
116 142 142 244/607
116 142 141 86/821
117 142 142 357/874
117 142 141 93/815
118 142 142 197/475
118 142 141 109/959
119 142 142 417/991
119 142 141 48/389
120 142 142 125/293
120 142 141 77/632
121 142 142 405/937
121 142 141 44/333
122 142 142 228/521
122 142 141 34/263
123 142 142 387/874
123 142 141 137/976
124 142 142 347/775
124 142 141 115/846
125 142 142 119/263
125 142 141 145/979
126 142 142 409/895
126 142 141 91/642
127 142 142 268/581
127 142 141 137/881
128 142 142 47/101
128 142 141 39/266
129 142 142 99/211
129 142 141 67/412
130 142 142 87/184
130 142 141 117/778
131 142 142 471/989
131 142 141 75/442
132 142 142 268/559
132 142 141 11/72
133 142 142 370/767
133 142 141 173/977
134 142 142 49/101
134 142 141 40/261
135 142 142 376/771
135 142 141 59/318
136 142 142 416/849
136 142 141 131/869
137 142 142 466/947
137 142 141 107/544
138 142 142 449/909
138 142 141 142/995
139 142 142 169/341
139 142 141 211/983
140 142 142 251/505
140 142 141 107/876
141 142 142 283/568
141 142 141 191/757
142 142 142 324/649
142 142 141 39/617
103 143 143 280/863
103 143 142 163/765
104 143 143 65/199
104 143 142 155/701
105 143 143 197/595
105 143 142 49/215
106 143 143 333/1000
106 143 142 136/577
107 143 143 27/80
107 143 142 240/991
108 143 143 213/628
108 143 142 248/993
109 143 143 321/934
109 143 142 205/801
110 143 143 333/965
110 143 142 114/433
111 143 143 157/449
111 143 142 193/717
112 143 143 349/995
112 143 142 202/731
113 143 143 289/813
113 143 142 269/954
114 143 143 275/772
114 143 142 254/879
115 143 143 355/983
115 143 142 68/231
116 143 143 77/213
116 143 142 219/727
117 143 143 359/979
117 143 142 289/943
118 143 143 356/971
118 143 142 26/83
119 143 143 367/986
119 143 142 305/958
120 143 143 265/713
120 143 142 66/203
121 143 143 17/45
121 143 142 107/324
122 143 143 113/300
122 143 142 151/448
123 143 143 219/571
123 143 142 38/111
124 143 143 376/985
124 143 142 328/939
125 143 143 385/988
125 143 142 289/814
126 143 143 137/354
126 143 142 25/69
127 143 143 341/860
127 143 142 273/740
128 143 143 119/303
128 143 142 353/937
129 143 143 354/875
129 143 142 323/839
130 143 143 359/899
130 143 142 87/221
131 143 143 73/176
131 143 142 375/926
132 143 143 381/935
132 143 142 149/359
133 143 143 226/527
133 143 142 137/317
134 143 143 149/356
134 143 142 441/992
135 143 143 186/413
135 143 142 331/699
136 143 143 269/618
136 143 142 24/49
137 143 143 20/41
137 143 142 545/999
138 143 143 241/519
138 143 142 359/631
139 143 143 216/413
139 143 142 297/493
140 143 143 173/360
140 143 142 103/162
141 143 143 447/671
141 143 142 678/779
142 143 143 414/701
142 143 142 423/440
143 143 143 229/424
143 143 142 79/181
77 144 144 67/513
77 144 143 2/43
78 144 144 113/842
78 144 143 41/863
79 144 144 122/887
79 144 143 11/227
80 144 144 89/631
80 144 143 48/971
81 144 144 29/201
81 144 143 50/993
82 144 144 131/887
82 144 143 51/994
83 144 144 111/736
83 144 143 19/364
84 144 144 125/811
84 144 143 23/433
85 144 144 11/70
85 144 143 21/389
86 144 144 157/979
86 144 143 9/164
87 144 144 161/986
87 144 143 37/664
88 144 144 110/661
88 144 143 55/972
89 144 144 166/981
89 144 143 50/871
90 144 144 113/656
90 144 143 6/103
91 144 144 88/503
91 144 143 16/271
92 144 144 95/534
92 144 143 17/284
93 144 144 37/205
93 144 143 2/33
94 144 144 174/949
94 144 143 39/635
95 144 144 97/522
95 144 143 45/724
96 144 144 182/965
96 144 143 37/588
97 144 144 131/686
97 144 143 7/110
98 144 144 116/599
98 144 143 32/497
99 144 144 67/342
99 144 143 30/461
100 144 144 134/675
100 144 143 61/927
101 144 144 184/917
101 144 143 45/677
102 144 144 51/251
102 144 143 62/923
103 144 144 63/307
103 144 143 55/811
104 144 144 65/313
104 144 143 67/978
105 144 144 197/940
105 144 143 15/217
106 144 144 202/953
106 144 143 67/960
107 144 144 143/669
107 144 143 44/625
108 144 144 199/921
108 144 143 66/929
109 144 144 27/124
109 144 143 24/335
110 144 144 11/50
110 144 143 37/512
111 144 144 220/993
111 144 143 62/851
112 144 144 81/362
112 144 143 67/912
113 144 144 59/262
113 144 143 73/986
114 144 144 138/607
114 144 143 48/643
115 144 144 75/328
115 144 143 55/731
116 144 144 3/13
116 144 143 16/211
117 144 144 74/319
117 144 143 12/157
118 144 144 125/534
118 144 143 63/818
119 144 144 95/404
119 144 143 41/528
120 144 144 121/510
120 144 143 32/409
121 144 144 207/869
121 144 143 76/963
122 144 144 199/828
122 144 143 40/503
123 144 144 41/170
123 144 143 53/660
124 144 144 101/415
124 144 143 39/482
125 144 144 114/467
125 144 143 73/892
126 144 144 241/978
126 144 143 81/982
127 144 144 191/773
127 144 143 68/813
128 144 144 151/605
128 144 143 7/83
129 144 144 250/999
129 144 143 59/687
130 144 144 125/494
130 144 143 50/577
131 144 144 217/855
131 144 143 55/619
132 144 144 100/389
132 144 143 71/791
133 144 144 55/213
133 144 143 61/655
134 144 144 257/980
134 144 143 59/626
135 144 144 257/972
135 144 143 99/991
136 144 144 41/152
136 144 143 22/217
137 144 144 173/630
137 144 143 99/884
138 144 144 83/294
138 144 143 109/955
139 144 144 189/640
139 144 143 97/705
140 144 144 93/302
140 144 143 126/893
141 144 144 243/737
141 144 143 81/737
142 144 144 255/572
142 144 143 31/78
143 144 144 285/611
143 144 143 322/737
144 144 144 264/449
144 144 143 56/685
