# UNIF(n=84,lo,hi): D_ren + dipoles; lines "lo hi level amplitude" for the corrected intervals
69 69 69 34/371
69 69 68 57/937
70 70 70 85/828
70 70 69 1/1000
71 71 71 113/914
71 71 70 48/469
72 72 72 65/472
72 72 71 9/772
73 73 73 140/893
73 73 72 35/249
72 74 74 70/729
72 74 73 -13/673
74 74 74 24/133
74 74 73 8/355
73 75 75 169/942
73 75 74 158/903
75 75 75 32/163
75 75 74 129/713
74 76 76 9/43
74 76 75 33/950
76 76 76 64/761
76 76 75 -61/881
73 77 77 193/800
73 77 76 187/686
75 77 77 58/699
75 77 76 -43/867
76 77 77 26/925
76 77 76 -4/545
77 77 77 25/282
77 77 76 -67/848
72 78 78 243/914
72 78 77 53/865
73 78 78 275/986
73 78 77 77/685
74 78 78 269/925
74 78 77 34/487
75 78 78 19/63
75 78 77 89/641
76 78 78 61/196
76 78 77 62/905
77 78 78 47/147
77 78 77 93/539
78 78 78 297/908
78 78 77 47/988
69 79 79 283/837
69 79 78 247/578
70 79 79 147/424
70 79 78 160/331
71 79 79 238/671
71 79 78 373/819
72 79 79 214/591
72 79 78 270/517
73 79 79 280/759
73 79 78 365/768
74 79 79 371/989
74 79 78 543/968
75 79 79 91/239
75 79 78 103/213
76 79 79 76/197
76 79 78 211/349
77 79 79 375/961
77 79 78 466/987
78 79 79 59/152
78 79 78 599/914
79 79 79 102/295
79 79 78 175/561
66 80 80 287/727
66 80 79 11/114
67 80 80 176/433
67 80 79 66/559
68 80 80 339/812
68 80 79 1/9
69 80 80 252/589
69 80 79 41/303
70 80 80 7/16
70 80 79 101/821
71 80 80 259/580
71 80 79 136/897
72 80 80 116/255
72 80 79 124/941
73 80 80 68/147
73 80 79 80/477
74 80 80 224/477
74 80 79 65/477
75 80 80 465/977
75 80 79 138/745
76 80 80 367/762
76 80 79 28/209
77 80 80 346/711
77 80 79 181/869
78 80 80 381/776
78 80 79 68/577
79 80 80 324/655
79 80 79 249/997
80 80 80 319/641
80 80 79 48/773
59 81 81 181/546
59 81 80 185/829
60 81 81 317/949
60 81 80 211/885
61 81 81 114/331
61 81 80 243/965
62 81 81 265/766
62 81 80 141/529
63 81 81 5/14
63 81 80 245/876
64 81 81 291/814
64 81 80 197/670
65 81 81 118/319
65 81 80 71/231
66 81 81 83/225
66 81 80 91/283
67 81 81 23/60
67 81 80 313/932
68 81 81 317/833
68 81 80 83/237
69 81 81 47/118
69 81 80 321/875
70 81 81 219/557
70 81 80 296/775
71 81 81 287/689
71 81 80 65/161
72 81 81 282/691
72 81 80 169/402
73 81 81 333/754
73 81 80 277/611
74 81 81 408/953
74 81 80 221/467
75 81 81 215/446
75 81 80 520/977
76 81 81 235/511
76 81 80 143/256
77 81 81 387/745
77 81 80 539/907
78 81 81 468/979
78 81 80 63/100
79 81 81 147/221
79 81 80 585/674
80 81 81 82/139
80 81 80 454/473
81 81 81 61/113
81 81 80 309/709
45 82 82 121/900
45 82 81 46/951
46 82 82 126/895
46 82 81 39/778
47 82 82 137/936
47 82 81 10/193
48 82 82 141/925
48 82 81 13/243
49 82 82 41/260
49 82 81 7/127
50 82 82 146/893
50 82 81 35/617
51 82 82 16/95
51 82 81 19/326
52 82 82 127/730
52 82 81 53/886
53 82 82 5/28
53 82 81 49/799
54 82 82 73/397
54 82 81 53/844
55 82 82 127/675
55 82 81 16/249
56 82 82 97/502
56 82 81 57/868
57 82 82 153/776
57 82 81 41/611
58 82 82 119/589
58 82 81 51/745
59 82 82 51/248
59 82 81 55/787
60 82 82 118/561
60 82 81 64/899
61 82 82 185/866
61 82 81 17/234
62 82 82 12/55
62 82 81 17/230
63 82 82 23/104
63 82 81 4/53
64 82 82 215/953
64 82 81 53/691
65 82 82 221/968
65 82 81 4/51
66 82 82 155/666
66 82 81 74/929
67 82 82 175/744
67 82 81 46/563
68 82 82 216/901
68 82 81 37/446
69 82 82 238/983
69 82 81 69/806
70 82 82 159/644
70 82 81 85/978
71 82 82 113/453
71 82 81 77/849
72 82 82 253/993
72 82 81 33/358
73 82 82 214/829
73 82 81 16/163
74 82 82 227/858
74 82 81 99/991
75 82 82 182/673
75 82 81 89/803
76 82 82 149/534
76 82 81 113/998
77 82 82 224/765
77 82 81 59/431
78 82 82 15/49
78 82 81 62/441
79 82 82 319/971
79 82 81 38/347
80 82 82 127/285
80 82 81 69/173
81 82 82 64/137
81 82 81 415/951
82 82 82 587/998
82 82 81 23/282
