# UNIF(n=91,lo,hi): D_ren + dipoles; lines "lo hi level amplitude" for the corrected intervals
75 75 75 9/113
75 75 74 -6/961
76 76 76 59/603
76 76 75 70/949
77 77 77 39/359
77 77 76 1/264
78 78 78 41/320
78 78 77 84/751
79 79 79 121/852
79 79 78 11/802
80 80 80 145/917
80 80 79 121/840
79 81 81 89/987
79 81 80 -24/965
81 81 81 108/589
81 81 80 9/376
80 82 82 175/942
80 82 81 153/809
82 82 82 69/350
82 82 81 87/475
79 83 83 130/701
79 83 82 21/754
81 83 83 87/404
81 83 82 35/929
83 83 83 39/470
83 83 82 -50/711
80 84 84 29/117
80 84 83 233/809
81 84 84 205/797
81 84 83 113/281
82 84 84 47/582
82 84 83 -19/363
83 84 84 17/636
83 84 83 -2/221
84 84 84 58/659
84 84 83 -49/614
77 85 85 235/937
77 85 84 7/131
79 85 85 269/975
79 85 84 9/136
80 85 85 287/1000
80 85 84 91/782
81 85 85 197/663
81 85 84 67/919
82 85 85 34/111
82 85 84 71/503
83 85 85 284/903
83 85 84 42/599
84 85 85 250/777
84 85 84 139/801
85 85 85 103/314
85 85 84 45/937
76 86 86 207/596
76 86 85 446/989
77 86 86 161/454
77 86 85 337/669
78 86 86 313/866
78 86 85 26/55
79 86 86 310/843
79 86 85 497/926
80 86 86 350/937
80 86 85 265/544
81 86 86 297/784
81 86 85 336/589
82 86 86 295/769
82 86 85 27/55
83 86 86 109/281
83 86 85 463/759
84 86 86 226/577
84 86 85 424/891
85 86 86 115/296
85 86 85 629/958
86 86 86 118/923
86 86 85 -101/815
71 87 87 271/697
71 87 86 70/787
72 87 87 2/5
72 87 86 42/389
73 87 87 126/307
73 87 86 74/711
74 87 87 359/854
74 87 86 82/657
75 87 87 413/961
75 87 86 112/957
76 87 87 357/814
76 87 86 60/427
77 87 87 437/978
77 87 86 120/941
78 87 87 5/11
78 87 86 118/759
79 87 87 457/990
79 87 86 133/985
80 87 87 463/989
80 87 86 91/534
81 87 87 284/599
81 87 86 9/65
82 87 87 363/757
82 87 86 66/353
83 87 87 480/991
83 87 86 23/170
84 87 87 451/923
84 87 86 181/865
85 87 87 481/977
85 87 86 98/827
86 87 87 490/989
86 87 86 250/999
87 87 87 125/251
87 87 86 33/530
64 88 88 146/447
64 88 87 24/107
65 88 88 28/85
65 88 87 212/891
66 88 88 230/679
66 88 87 191/765
67 88 88 293/860
67 88 87 215/818
68 88 88 333/950
68 88 87 133/485
69 88 88 148/421
69 88 87 31/108
70 88 88 343/947
70 88 87 287/962
71 88 88 172/475
71 88 87 199/640
72 88 88 150/401
72 88 87 321/995
73 88 88 313/840
73 88 87 297/886
74 88 88 365/944
74 88 87 340/977
75 88 88 209/545
75 88 87 209/579
76 88 88 366/913
76 88 87 327/869
77 88 88 138/349
77 88 87 332/851
78 88 88 213/509
78 88 87 389/947
79 88 88 202/493
79 88 87 194/455
80 88 88 377/851
80 88 87 11/24
81 88 88 367/855
81 88 87 179/375
82 88 88 411/851
82 88 87 520/971
83 88 88 111/241
83 88 87 78/139
84 88 88 13/25
84 88 87 350/587
85 88 88 122/255
85 88 87 579/917
86 88 88 173/260
86 88 87 298/343
87 88 88 200/339
87 88 87 650/677
88 88 88 332/615
88 88 87 228/523
48 89 89 61/459
48 89 88 41/859
49 89 89 128/923
49 89 88 26/527
50 89 89 21/146
50 89 88 47/924
51 89 89 49/328
51 89 88 37/706
52 89 89 139/901
52 89 88 41/761
53 89 89 113/708
53 89 88 47/849
54 89 89 78/475
54 89 88 13/229
55 89 89 138/815
55 89 88 27/464
56 89 89 149/858
56 89 88 29/487
57 89 89 5/28
57 89 88 12/197
58 89 89 166/909
58 89 88 14/225
59 89 89 127/678
59 89 88 27/425
60 89 89 103/539
60 89 88 51/787
61 89 89 187/956
61 89 88 36/545
62 89 89 89/447
62 89 88 64/951
63 89 89 201/988
63 89 88 67/978
64 89 89 180/871
64 89 88 59/846
65 89 89 35/166
65 89 88 48/677
66 89 89 183/856
66 89 88 43/596
67 89 89 127/583
67 89 88 71/969
68 89 89 43/195
68 89 88 73/979
69 89 89 222/989
69 89 88 37/489
70 89 89 27/119
70 89 88 44/571
71 89 89 3/13
71 89 88 64/819
72 89 89 233/1000
72 89 88 59/740
73 89 89 59/249
73 89 88 51/631
74 89 89 65/272
74 89 88 59/713
75 89 89 35/144
75 89 88 38/453
76 89 89 210/857
76 89 88 7/81
77 89 89 111/445
77 89 88 39/445
78 89 89 192/763
78 89 88 21/230
79 89 89 193/752
79 89 88 33/356
80 89 89 107/412
80 89 88 7/71
81 89 89 88/331
81 89 88 33/329
82 89 89 177/652
82 89 88 1/9
83 89 89 218/779
83 89 88 97/855
84 89 89 76/259
84 89 88 71/518
85 89 89 233/760
85 89 88 122/867
86 89 89 316/961
86 89 88 81/739
87 89 89 406/911
87 89 88 369/926
88 89 89 191/409
88 89 88 103/236
89 89 89 377/641
89 89 88 31/380
