# UNIF(n=125,lo,hi): D_ren + dipoles; lines "lo hi level amplitude" for the corrected intervals
105 105 105 38/615
105 105 104 -3/544
106 106 106 25/612
106 106 105 -5/901
107 107 107 37/460
107 107 106 1/878
108 108 108 38/409
108 108 107 73/954
109 109 109 88/871
109 109 108 5/647
110 110 110 11/96
110 110 109 99/961
111 111 111 69/553
111 111 110 14/971
110 112 112 47/428
110 112 111 49/529
112 112 112 50/367
112 112 111 76/603
111 113 113 71/993
111 113 112 -22/967
113 113 113 116/755
113 113 112 5/233
112 114 114 134/885
112 114 113 124/825
114 114 114 161/984
114 114 113 153/995
111 115 115 16/109
111 115 114 19/924
113 115 115 47/659
113 115 114 -25/679
115 115 115 87/455
115 115 114 5/171
112 116 116 31/166
112 116 115 111/539
114 116 116 137/675
114 116 115 210/953
115 116 116 71/338
115 116 115 110/311
116 116 116 191/952
116 116 115 147/776
111 117 117 71/360
111 117 116 9/211
113 117 117 144/667
113 117 116 35/716
114 117 117 219/977
114 117 116 61/561
115 117 117 155/669
115 117 116 26/531
116 117 117 109/457
116 117 116 118/889
117 117 117 78/983
117 117 116 -67/922
110 118 118 25/319
110 118 117 -3/196
111 118 118 49/851
111 118 117 -3/715
112 118 118 72/283
112 118 117 213/682
113 118 118 259/995
113 118 117 181/462
114 118 118 93/350
114 118 117 249/775
115 118 118 95/351
115 118 117 399/934
116 118 118 46/603
116 118 117 -53/865
117 118 118 21/877
117 118 117 -13/890
118 118 118 32/369
118 118 117 -65/789
107 119 119 118/459
107 119 118 3/47
108 119 119 241/906
108 119 118 10/113
109 119 119 250/911
109 119 118 47/637
110 119 119 131/464
110 119 118 86/837
111 119 119 31/107
111 119 118 36/443
112 119 119 35/118
112 119 118 83/710
113 119 119 203/670
113 119 118 71/830
114 119 119 164/531
114 119 118 85/644
115 119 119 115/366
115 119 118 4/47
116 119 119 283/887
116 119 118 113/752
117 119 119 271/838
117 119 118 64/837
118 119 119 196/599
118 119 118 162/913
119 119 119 275/832
119 119 118 27/542
104 120 120 330/961
104 120 119 167/370
105 120 120 337/966
105 120 119 453/941
106 120 120 188/531
106 120 119 404/859
107 120 120 14/39
107 120 119 477/947
108 120 120 4/11
108 120 119 233/479
109 120 120 350/951
109 120 119 74/141
110 120 120 246/661
110 120 119 345/691
111 120 120 367/976
111 120 119 451/827
112 120 120 339/893
112 120 119 251/494
113 120 120 301/786
113 120 119 521/920
114 120 120 276/715
114 120 119 426/833
115 120 120 278/715
115 120 119 233/395
116 120 120 389/994
116 120 119 298/589
117 120 120 357/907
117 120 119 359/578
118 120 120 36/91
118 120 119 249/515
119 120 120 308/789
119 120 119 270/409
120 120 120 92/723
120 120 119 -88/703
99 121 121 357/893
99 121 120 52/521
100 121 121 405/994
100 121 120 73/653
101 121 121 241/581
101 121 120 22/199
102 121 121 413/979
102 121 120 17/138
103 121 121 3/7
103 121 120 117/973
104 121 121 124/285
104 121 120 17/127
105 121 121 184/417
105 121 120 21/163
106 121 121 317/709
106 121 120 141/980
107 121 121 263/581
107 121 120 41/301
108 121 121 234/511
108 121 120 25/163
109 121 121 449/970
109 121 120 97/682
110 121 121 461/986
110 121 120 79/486
111 121 121 445/943
111 121 120 28/191
112 121 121 386/811
112 121 120 95/553
113 121 121 473/986
113 121 120 68/457
114 121 121 445/921
114 121 120 2/11
115 121 121 409/841
115 121 120 108/731
116 121 121 407/832
116 121 120 41/211
117 121 121 119/242
117 121 120 31/220
118 121 121 452/915
118 121 120 16/75
119 121 121 489/986
119 121 120 85/701
120 121 121 207/416
120 121 120 247/981
121 121 121 237/475
121 121 120 33/524
88 122 122 275/852
88 122 121 183/847
89 122 122 202/621
89 122 121 219/971
90 122 122 93/281
90 122 121 131/561
91 122 122 333/1000
91 122 121 141/581
92 122 122 307/906
92 122 121 225/899
93 122 122 219/643
93 122 121 219/845
94 122 122 211/609
94 122 121 215/807
95 122 122 297/854
95 122 121 203/738
96 122 122 270/763
96 122 121 229/812
97 122 122 227/640
97 122 121 201/692
98 122 122 13/36
98 122 121 233/784
99 122 122 305/844
99 122 121 139/455
100 122 122 253/687
100 122 121 299/958
101 122 122 149/405
101 122 121 74/231
102 122 122 95/253
102 122 121 293/896
103 122 122 149/398
103 122 121 286/853
104 122 122 18/47
104 122 121 217/634
105 122 122 8/21
105 122 121 47/134
106 122 122 131/335
106 122 121 19/53
107 122 122 287/740
107 122 121 187/509
108 122 122 387/967
108 122 121 142/377
109 122 122 297/751
109 122 121 141/365
110 122 122 383/931
110 122 121 214/537
111 122 122 89/220
111 122 121 217/530
112 122 122 81/190
112 122 121 403/943
113 122 122 127/305
113 122 121 196/445
114 122 122 157/350
114 122 121 409/870
115 122 122 367/846
115 122 121 318/653
116 122 122 291/598
116 122 121 521/959
117 122 122 450/971
117 122 121 401/707
118 122 122 340/651
118 122 121 116/193
119 122 122 469/977
119 122 121 186/293
120 122 122 656/985
120 122 121 395/454
121 122 122 111/188
121 122 121 864/899
122 122 122 398/737
122 122 121 377/864
66 123 123 28/211
66 123 122 40/847
67 123 123 75/548
67 123 122 3/62
68 123 123 46/327
68 123 122 19/384
69 123 123 123/850
69 123 122 38/751
70 123 123 96/647
70 123 122 39/755
71 123 123 30/197
71 123 122 25/474
72 123 123 122/783
72 123 122 5/93
73 123 123 79/495
73 123 122 33/602
74 123 123 103/632
74 123 122 37/663
75 123 123 1/6
75 123 122 52/915
76 123 123 53/312
76 123 122 13/225
77 123 123 137/790
77 123 122 58/987
78 123 123 176/997
78 123 122 57/955
79 123 123 52/289
79 123 122 57/940
80 123 123 79/432
80 123 122 59/959
81 123 123 159/854
81 123 122 62/993
82 123 123 185/979
82 123 122 54/853
83 123 123 167/869
83 123 122 26/405
84 123 123 15/77
84 123 122 37/569
85 123 123 189/955
85 123 122 45/683
86 123 123 102/509
86 123 122 1/15
87 123 123 12/59
87 123 122 58/859
88 123 123 187/909
88 123 122 39/571
89 123 123 121/580
89 123 122 17/246
90 123 123 82/389
90 123 122 67/959
91 123 123 135/632
91 123 122 58/821
92 123 123 149/691
92 123 122 1/14
93 123 123 157/719
93 123 122 57/790
94 123 123 98/445
94 123 122 71/974
95 123 123 187/839
95 123 122 31/421
96 123 123 179/797
96 123 122 9/121
97 123 123 142/625
97 123 122 54/719
98 123 123 218/953
98 123 122 39/514
99 123 123 96/415
99 123 122 71/927
100 123 123 165/709
100 123 122 37/478
101 123 123 4/17
101 123 122 5/64
102 123 123 224/947
102 123 122 61/772
103 123 123 11/46
103 123 122 24/301
104 123 123 197/820
104 123 122 76/941
105 123 123 60/247
105 123 122 67/822
106 123 123 241/988
106 123 122 73/882
107 123 123 19/77
107 123 122 65/778
108 123 123 27/109
108 123 122 77/904
109 123 123 79/315
109 123 122 77/895
110 123 123 103/409
110 123 122 37/419
111 123 123 155/607
111 123 122 5/56
112 123 123 181/705
112 123 122 79/852
113 123 123 95/364
113 123 122 77/820
114 123 123 217/824
114 123 122 76/763
115 123 123 253/941
115 123 122 71/702
116 123 123 106/387
116 123 122 109/975
117 123 123 173/614
117 123 122 75/658
118 123 123 179/607
118 123 122 113/822
119 123 123 307/998
119 123 122 131/929
120 123 123 115/349
120 123 122 67/610
121 123 123 411/922
121 123 122 307/772
122 123 123 335/718
122 123 122 425/973
123 123 123 157/267
123 123 122 67/820
