# UNIF(n=65,lo,hi): D_ren + dipoles; lines "lo hi level amplitude" for the corrected intervals
52 52 52 45/436
52 52 51 50/733
53 53 53 99/838
53 53 52 -1/426
54 54 54 131/893
54 54 53 115/927
55 55 55 97/580
55 55 54 11/851
56 56 56 184/969
56 56 55 103/605
55 57 57 2/11
55 57 56 4/281
57 57 57 37/409
57 57 56 -47/717
56 58 58 53/590
56 58 57 -33/974
58 58 58 30/331
58 58 57 -7/94
55 59 59 38/145
55 59 58 35/736
57 59 59 293/989
57 59 58 39/685
58 59 59 59/190
58 59 58 155/937
59 59 59 278/861
59 59 58 44/993
54 60 60 231/664
54 60 59 391/893
55 60 60 153/427
55 60 59 77/145
56 60 60 57/155
56 60 59 157/341
57 60 60 319/848
57 60 59 460/783
58 60 60 89/232
58 60 59 459/997
59 60 60 5/13
59 60 59 583/898
60 60 60 127/984
60 60 59 -29/239
51 61 61 219/554
51 61 60 44/501
52 61 61 126/307
52 61 60 113/930
53 61 61 73/172
53 61 60 102/959
54 61 61 401/917
54 61 60 61/416
55 61 61 379/844
55 61 60 61/512
56 61 61 325/707
56 61 60 154/897
57 61 61 160/341
57 61 60 56/453
58 61 61 32/67
58 61 60 53/264
59 61 61 417/860
59 61 60 68/603
60 61 61 466/949
60 61 60 19/77
61 61 61 443/893
61 61 60 53/872
46 62 62 291/859
46 62 61 169/678
47 62 62 223/654
47 62 61 211/783
48 62 62 347/968
48 62 61 288/995
49 62 62 341/951
49 62 61 158/511
50 62 62 365/963
50 62 61 271/819
51 62 62 329/874
51 62 61 229/653
52 62 62 187/465
52 62 61 176/467
53 62 62 289/730
53 62 61 200/503
54 62 62 129/299
54 62 61 162/373
55 62 62 34/81
55 62 61 448/979
56 62 62 376/791
56 62 61 145/279
57 62 62 396/871
57 62 61 281/512
58 62 62 454/881
58 62 61 78/133
59 62 62 391/823
59 62 61 567/908
60 62 62 263/396
60 62 61 862/995
61 62 62 493/837
61 62 61 435/454
62 62 62 383/710
62 62 61 275/632
35 63 63 27/193
35 63 62 48/949
36 63 63 5/34
36 63 62 40/757
37 63 63 145/936
37 63 62 29/527
38 63 63 142/879
38 63 62 25/437
39 63 63 12/71
39 63 62 38/641
40 63 63 38/217
40 63 62 7/114
41 63 63 170/933
41 63 62 59/931
42 63 63 40/213
42 63 62 11/168
43 63 63 57/293
43 63 62 46/683
44 63 63 107/536
44 63 62 51/734
45 63 63 61/296
45 63 62 67/940
46 63 63 67/318
46 63 62 5/68
47 63 63 41/189
47 63 62 7/93
48 63 63 67/303
48 63 62 62/797
49 63 63 5/22
49 63 62 69/868
50 63 63 46/199
50 63 62 80/969
51 63 63 61/257
51 63 62 37/439
52 63 63 55/228
52 63 62 74/837
53 63 63 28/113
53 63 62 85/942
54 63 63 111/440
54 63 62 64/663
55 63 63 227/874
55 63 62 92/933
56 63 63 117/439
56 63 62 107/975
57 63 63 117/424
57 63 62 10/89
58 63 63 271/933
58 63 62 50/367
59 63 63 214/703
59 63 62 124/885
60 63 63 203/620
60 63 62 80/733
61 63 63 351/788
61 63 62 399/997
62 63 63 342/731
62 63 62 61/140
63 63 63 193/328
63 63 62 57/701
