# UNIF(n=181,lo,hi): D_ren + dipoles; lines "lo hi level amplitude" for the corrected intervals
156 156 156 19/598
156 156 155 -1/433
157 157 157 53/933
157 157 156 -1/1000
158 158 158 13/406
158 158 157 -5/697
159 159 159 11/160
159 159 158 3/926
160 160 160 29/884
160 160 159 -10/821
161 161 161 9/110
161 161 160 2/273
162 162 162 25/277
162 162 161 8/99
163 163 163 61/632
163 163 162 11/956
162 164 164 49/611
162 164 163 19/305
164 164 164 104/991
164 164 163 66/677
163 165 165 59/666
163 165 164 4/755
165 165 165 66/581
165 165 164 1/63
164 166 166 51/487
164 166 165 44/459
166 166 166 86/711
166 166 165 113/990
165 167 167 54/469
165 167 166 7/458
167 167 167 107/797
167 167 166 2/97
164 168 168 79/679
164 168 167 107/946
166 168 168 61/459
166 168 167 39/292
168 168 168 132/937
168 168 167 31/231
165 169 169 83/637
165 169 168 13/599
167 169 169 34/609
167 169 168 -14/429
169 169 169 82/511
169 169 168 2/77
164 170 170 92/647
164 170 169 142/929
166 170 170 61/392
166 170 169 139/821
168 170 170 122/729
168 170 169 163/911
169 170 170 165/956
169 170 169 273/940
170 170 170 166/995
170 170 169 85/533
163 171 171 109/744
163 171 170 15/512
165 171 171 57/353
165 171 170 35/981
167 171 171 69/395
167 171 170 24/611
168 171 171 69/382
168 171 170 37/405
169 171 171 53/879
169 171 170 -33/752
170 171 171 14/835
170 171 170 -5/788
171 171 171 103/526
171 171 170 14/433
164 172 172 8/43
164 172 171 199/902
166 172 172 161/820
166 172 171 189/811
167 172 172 40/199
167 172 171 169/554
168 172 172 146/711
168 172 171 125/521
169 172 172 161/769
169 172 171 267/803
170 172 172 62/291
170 172 171 16/67
171 172 172 187/864
171 172 171 194/531
172 172 172 61/301
172 172 171 129/668
161 173 173 42/221
161 173 172 40/847
163 173 173 161/793
163 173 172 13/241
164 173 173 181/866
164 173 172 72/883
165 173 173 129/601
165 173 172 41/696
166 173 173 139/632
166 173 172 43/465
167 173 173 103/458
167 173 172 48/779
168 173 173 14/61
168 173 172 82/787
169 173 173 18/77
169 173 172 59/965
170 173 173 29/122
170 173 172 55/466
171 173 173 90/373
171 173 172 1/18
172 173 173 123/503
172 173 172 75/548
173 173 173 19/246
173 173 172 -73/986
160 174 174 23/307
160 174 173 -10/941
161 174 174 31/485
161 174 173 -1/163
162 174 174 54/755
162 174 173 -6/301
163 174 174 42/715
163 174 173 -9/691
164 174 174 35/508
164 174 173 -5/174
165 174 174 3/56
165 174 173 -13/697
166 174 174 47/699
166 174 173 -34/913
167 174 174 17/353
167 174 173 -16/703
168 174 174 13/48
168 174 173 199/580
169 174 174 194/709
169 174 173 328/787
170 174 174 253/916
170 174 173 134/393
171 174 174 261/937
171 174 173 141/319
172 174 174 50/679
172 174 173 -51/767
173 174 174 20/897
173 174 173 -1/56
174 174 174 41/477
174 174 173 -25/298
157 175 175 190/713
157 175 174 68/913
158 175 175 227/834
158 175 174 76/857
159 175 175 231/832
159 175 174 80/983
160 175 175 269/951
160 175 174 95/977
161 175 175 97/337
161 175 174 71/813
162 175 175 122/417
162 175 174 85/806
163 175 175 232/781
163 175 174 73/792
164 175 175 185/614
164 175 174 110/969
165 175 175 305/999
165 175 174 31/324
166 175 175 242/783
166 175 174 97/797
167 175 175 226/723
167 175 174 27/277
168 175 175 229/725
168 175 174 97/743
169 175 175 265/831
169 175 174 64/661
170 175 175 313/973
170 175 174 57/404
171 175 175 95/293
171 175 174 83/900
172 175 175 16/49
172 175 174 152/977
173 175 175 162/493
173 175 174 40/499
174 175 175 227/687
174 175 174 163/907
175 175 175 83/250
175 175 174 50/983
151 176 176 323/939
151 176 175 461/990
152 176 176 145/417
152 176 175 409/882
153 176 176 345/982
153 176 175 465/967
154 176 176 347/978
154 176 175 353/740
155 176 176 173/483
155 176 175 52/105
156 176 176 236/653
156 176 175 248/507
157 176 176 113/310
157 176 175 375/737
158 176 176 104/283
158 176 175 1/2
159 176 176 367/991
159 176 175 469/899
160 176 176 169/453
160 176 175 481/944
161 176 176 352/937
161 176 175 503/942
162 176 176 256/677
162 176 175 59/114
163 176 176 347/912
163 176 175 482/883
164 176 176 323/844
164 176 175 11/21
165 176 176 167/434
165 176 175 29/52
166 176 176 292/755
166 176 175 388/735
167 176 176 293/754
167 176 175 452/793
168 176 176 153/392
168 176 175 255/482
169 176 176 29/74
169 176 175 491/841
170 176 176 201/511
170 176 175 51/97
171 176 176 341/864
171 176 175 175/291
172 176 176 173/437
172 176 175 451/876
173 176 176 235/592
173 176 175 322/513
174 176 176 343/862
174 176 175 285/584
175 176 176 375/958
175 176 175 349/527
176 176 176 67/528
176 176 175 -121/961
142 177 177 252/643
142 177 176 77/780
143 177 177 277/697
143 177 176 100/999
144 177 177 29/72
144 177 176 63/589
145 177 177 51/125
145 177 176 76/705
146 177 177 316/765
146 177 176 38/331
147 177 177 130/311
147 177 176 42/365
148 177 177 115/272
148 177 176 39/319
149 177 177 162/379
149 177 176 39/320
150 177 177 311/720
150 177 176 101/781
151 177 177 137/314
151 177 176 5/39
152 177 177 337/765
152 177 176 71/522
153 177 177 321/722
153 177 176 124/925
154 177 177 61/136
154 177 176 40/281
155 177 177 351/776
155 177 176 23/165
156 177 177 409/897
156 177 176 27/182
157 177 177 17/37
157 177 176 107/742
158 177 177 442/955
158 177 176 116/753
159 177 177 350/751
159 177 176 19/128
160 177 177 319/680
160 177 176 89/558
161 177 177 76/161
161 177 176 123/809
162 177 177 217/457
162 177 176 29/176
163 177 177 53/111
163 177 176 112/723
164 177 177 12/25
164 177 176 162/953
165 177 177 478/991
165 177 176 123/784
166 177 177 455/939
166 177 176 131/747
167 177 177 91/187
167 177 176 126/799
168 177 177 299/612
168 177 176 31/171
169 177 177 127/259
169 177 176 114/727
170 177 177 338/687
170 177 176 36/191
171 177 177 493/999
171 177 176 134/875
172 177 177 481/972
172 177 176 197/992
173 177 177 442/891
173 177 176 47/326
174 177 177 87/175
174 177 176 206/955
175 177 177 129/259
175 177 176 43/350
176 177 177 218/437
176 177 176 185/732
177 177 177 499/999
177 177 176 31/489
127 178 178 253/794
127 178 177 91/436
128 178 178 267/829
128 178 177 3/14
129 178 178 314/969
129 178 177 204/925
130 178 178 167/510
130 178 177 185/819
131 178 178 27/82
131 178 177 74/319
132 178 178 325/977
132 178 177 216/911
133 178 178 114/341
133 178 177 218/897
134 178 178 233/690
134 178 177 151/609
135 178 178 329/970
135 178 177 239/942
136 178 178 223/651
136 178 177 23/89
137 178 178 87/253
137 178 177 47/178
138 178 178 241/694
138 178 177 181/674
139 178 178 185/531
139 178 177 191/697
140 178 178 279/793
140 178 177 140/503
141 178 178 351/995
141 178 177 40/141
142 178 178 316/887
142 178 177 158/549
143 178 178 156/437
143 178 177 257/877
144 178 178 128/355
144 178 177 49/165
145 178 178 165/457
145 178 177 71/235
146 178 178 147/403
146 178 177 301/984
147 178 178 342/937
147 178 177 292/939
148 178 178 83/225
148 178 177 291/925
149 178 178 142/385
149 178 177 70/219
150 178 178 229/614
150 178 177 275/851
151 178 178 212/569
151 178 177 191/582
152 178 178 371/984
152 178 177 65/196
153 178 178 330/877
153 178 177 100/297
154 178 178 162/425
154 178 177 282/829
155 178 178 353/929
155 178 177 307/889
156 178 178 281/729
156 178 177 306/877
157 178 178 269/701
157 178 177 175/494
158 178 178 133/341
158 178 177 337/941
159 178 178 333/859
159 178 177 307/844
160 178 178 273/691
160 178 177 317/861
161 178 178 368/939
161 178 177 241/644
162 178 178 346/863
162 178 177 153/403
163 178 178 48/121
163 178 177 17/44
164 178 178 373/914
164 178 177 61/155
165 178 178 394/979
165 178 177 388/967
166 178 178 415/994
166 178 177 156/379
167 178 178 266/649
167 178 177 93/221
168 178 178 293/680
168 178 177 379/867
169 178 178 311/740
169 178 177 197/439
170 178 178 436/965
170 178 177 291/610
171 178 178 79/181
171 178 177 269/546
172 178 178 326/667
172 178 177 418/763
173 178 178 453/974
173 178 177 238/417
174 178 178 455/869
174 178 177 282/467
175 178 178 455/946
175 178 177 128/201
176 178 178 665/998
176 178 177 155/178
177 178 178 241/408
177 178 177 426/443
178 178 178 397/735
178 178 177 413/946
95 179 179 97/741
95 179 178 40/861
96 179 179 118/883
96 179 178 23/487
97 179 179 119/872
97 179 178 29/604
98 179 179 16/115
98 179 178 47/964
99 179 179 106/747
99 179 178 16/323
100 179 179 63/436
100 179 178 47/935
101 179 179 121/822
101 179 178 5/98
102 179 179 28/187
102 179 178 49/947
103 179 179 16/105
103 179 178 52/991
104 179 179 24/155
104 179 178 47/884
105 179 179 88/559
105 179 178 52/965
106 179 179 136/851
106 179 178 46/843
107 179 179 25/154
107 179 178 32/579
108 179 179 41/249
108 179 178 25/447
109 179 179 121/724
109 179 178 56/989
110 179 179 125/738
110 179 178 28/489
111 179 179 151/879
111 179 178 19/328
112 179 179 147/845
112 179 178 51/871
113 179 179 67/380
113 179 178 55/929
114 179 179 43/241
114 179 178 39/652
115 179 179 178/985
115 179 178 59/976
116 179 179 53/290
116 179 178 55/901
117 179 179 175/946
117 179 178 23/373
118 179 179 152/813
118 179 178 59/948
119 179 179 94/497
119 179 178 23/366
120 179 179 179/937
120 179 178 53/836
121 179 179 175/906
121 179 178 43/672
122 179 179 171/877
122 179 178 2/31
123 179 179 187/949
123 179 178 61/937
124 179 179 166/835
124 179 178 21/320
125 179 179 148/737
125 179 178 64/967
126 179 179 146/721
126 179 178 1/15
127 179 179 156/763
127 179 178 63/937
128 179 179 197/956
128 179 178 64/945
129 179 179 120/577
129 179 178 63/923
130 179 179 119/568
130 179 178 51/742
131 179 179 93/440
131 179 178 59/852
132 179 179 156/733
132 179 178 29/416
133 179 179 44/205
133 179 178 62/883
134 179 179 89/412
134 179 178 33/467
135 179 179 169/776
135 179 178 37/520
136 179 179 140/639
136 179 178 63/880
137 179 179 157/711
137 179 178 8/111
138 179 179 139/626
138 179 178 34/469
139 179 179 66/295
139 179 178 17/233
140 179 179 47/209
140 179 178 43/586
141 179 179 193/852
141 179 178 46/623
142 179 179 127/558
142 179 178 32/431
143 179 179 102/445
143 179 178 49/656
144 179 179 157/682
144 179 178 73/972
145 179 179 191/824
145 179 178 59/781
146 179 179 37/159
146 179 178 6/79
147 179 179 190/811
147 179 178 11/144
148 179 179 71/302
148 179 178 49/638
149 179 179 71/300
149 179 178 19/246
150 179 179 212/893
150 179 178 8/103
151 179 179 233/975
151 179 178 56/717
152 179 179 231/964
152 179 178 37/471
153 179 179 151/626
153 179 178 41/519
154 179 179 125/517
154 179 178 69/868
155 179 179 203/834
155 179 178 59/738
156 179 179 239/980
156 179 178 19/236
157 179 179 236/961
157 179 178 63/778
158 179 179 245/996
158 179 178 4/49
159 179 179 139/561
159 179 178 40/487
160 179 179 33/133
160 179 178 73/880
161 179 179 1/4
161 179 178 44/527
162 179 179 170/679
162 179 178 52/615
163 179 179 25/99
163 179 178 39/458
164 179 179 243/961
164 179 178 86/993
165 179 179 143/560
165 179 178 11/126
166 179 179 208/813
166 179 178 60/671
167 179 179 139/537
167 179 178 25/277
168 179 179 20/77
168 179 178 45/481
169 179 179 107/406
169 179 178 72/761
170 179 179 227/855
170 179 178 49/489
171 179 179 200/739
171 179 178 81/797
172 179 179 269/977
172 179 178 23/205
173 179 179 243/859
173 179 178 4/35
174 179 179 181/612
174 179 178 107/777
175 179 179 41/133
175 179 178 133/942
176 179 179 290/879
176 179 178 43/391
177 179 179 391/877
177 179 178 141/355
178 179 179 367/787
178 179 178 215/492
179 179 179 575/978
179 179 178 79/966
