# UNIF(n=151,lo,hi): D_ren + dipoles; lines "lo hi level amplitude" for the corrected intervals
129 129 129 49/830
129 129 128 -2/679
130 130 130 35/971
130 130 129 -5/784
131 131 131 61/826
131 131 130 1/449
132 132 132 9/244
132 132 131 -9/707
133 133 133 83/921
133 133 132 5/677
134 134 134 14/139
134 134 133 21/233
135 135 135 24/221
135 135 134 10/791
134 136 136 79/857
134 136 135 69/935
136 136 136 70/591
136 136 135 107/975
135 137 137 69/670
135 137 136 1/136
137 137 137 119/912
137 137 136 13/716
136 138 138 12/97
136 138 137 70/597
138 138 138 26/187
138 138 137 11/84
135 139 139 98/857
135 139 138 7/626
137 139 139 26/419
137 139 138 -27/941
139 139 139 59/374
139 139 138 14/579
136 140 140 114/791
136 140 139 11/74
138 140 140 147/913
138 140 139 131/782
140 140 140 74/447
140 140 139 36/229
135 141 141 143/989
135 141 140 24/985
137 141 141 115/703
137 141 140 5/157
139 141 141 13/201
139 141 140 -37/901
140 141 141 13/665
140 141 140 -3/658
141 141 141 187/964
141 141 140 20/643
136 142 142 180/973
136 142 141 121/570
138 142 142 77/389
138 142 141 127/561
139 142 142 175/859
139 142 141 183/568
140 142 142 208/995
140 142 141 131/566
141 142 142 197/921
141 142 141 347/962
142 142 142 196/971
142 142 141 101/527
135 143 143 139/698
135 143 142 47/973
137 143 143 114/533
137 143 142 43/795
138 143 143 187/848
138 143 142 5/51
139 143 143 216/953
139 143 142 48/853
140 143 143 174/749
140 143 142 63/551
141 143 143 199/838
141 143 142 28/529
142 143 143 77/318
142 143 142 124/917
143 143 143 26/333
143 143 142 -38/517
132 144 144 30/379
132 144 143 -1/202
134 144 144 47/628
134 144 143 -7/410
135 144 144 41/698
135 144 143 -7/823
136 144 144 41/572
136 144 143 -17/596
137 144 144 42/809
137 144 143 -1/65
138 144 144 171/647
138 144 143 309/934
139 144 144 216/805
139 144 143 227/558
140 144 144 247/908
140 144 143 333/1000
141 144 144 84/305
141 144 143 273/626
142 144 144 67/897
142 144 143 -21/326
143 144 144 16/697
143 144 143 -13/785
144 144 144 86/997
144 144 143 -1/12
131 145 145 161/601
131 145 144 35/478
132 145 145 203/739
132 145 144 31/334
133 145 145 88/313
133 145 144 67/828
134 145 145 239/832
134 145 144 81/782
135 145 145 235/802
135 145 144 87/1000
136 145 145 57/191
136 145 144 62/543
137 145 145 200/659
137 145 144 63/692
138 145 145 233/756
138 145 144 117/935
139 145 145 301/963
139 145 144 76/823
140 145 145 296/935
140 145 144 73/531
141 145 145 261/815
141 145 144 70/783
142 145 145 309/955
142 145 144 31/202
143 145 145 16/49
143 145 144 65/826
144 145 145 131/398
144 145 144 27/151
145 145 145 115/347
145 145 144 17/337
126 146 146 247/717
126 146 145 305/669
127 146 146 67/192
127 146 145 11/23
128 146 146 278/787
128 146 145 312/661
129 146 146 129/361
129 146 145 450/907
130 146 146 332/919
130 146 145 427/878
131 146 146 73/200
131 146 145 138/269
132 146 146 293/795
132 146 145 387/776
133 146 146 363/976
133 146 145 173/327
134 146 146 374/997
134 146 145 486/955
135 146 146 121/320
135 146 145 397/729
136 146 146 8/21
136 146 145 47/91
137 146 146 173/451
137 146 145 419/748
138 146 146 227/588
138 146 145 390/749
139 146 146 233/600
139 146 145 533/924
140 146 146 155/397
140 146 145 454/873
141 146 146 82/209
141 146 145 595/997
142 146 146 266/675
142 146 145 317/620
143 146 146 199/503
143 146 145 5/8
144 146 146 264/665
144 146 145 335/689
145 146 146 235/601
145 146 145 545/824
146 146 146 39/307
146 146 145 -76/605
119 147 147 163/412
119 147 146 82/837
120 147 147 267/664
120 147 146 79/739
121 147 147 341/835
121 147 146 95/886
122 147 147 109/263
122 147 146 39/335
123 147 147 327/778
123 147 146 96/829
124 147 147 210/493
124 147 146 40/319
125 147 147 412/955
125 147 146 106/857
126 147 147 162/371
126 147 146 70/523
127 147 147 125/283
127 147 146 123/940
128 147 147 238/533
128 147 146 77/543
129 147 147 351/778
129 147 146 7/51
130 147 147 441/968
130 147 146 122/817
131 147 147 223/485
131 147 146 1/7
132 147 147 378/815
132 147 146 64/409
133 147 147 397/849
133 147 146 141/956
134 147 147 401/851
134 147 146 25/153
135 147 147 327/689
135 147 146 134/887
136 147 147 441/923
136 147 146 102/599
137 147 147 25/52
137 147 146 149/972
138 147 147 338/699
138 147 146 169/952
139 147 147 473/973
139 147 146 55/358
140 147 147 403/825
140 147 146 176/947
141 147 147 367/748
141 147 146 151/1000
142 147 147 366/743
142 147 146 38/193
143 147 147 437/884
143 147 146 1/7
144 147 147 422/851
144 147 146 195/908
145 147 147 179/360
145 147 146 11/90
146 147 147 303/608
146 147 146 241/955
147 147 147 347/695
147 147 146 38/601
106 148 148 263/821
106 148 147 181/859
107 148 148 171/530
107 148 147 109/499
108 148 148 189/578
108 148 147 9/40
109 148 148 77/234
109 148 147 209/899
110 148 148 1/3
110 148 147 53/222
111 148 148 59/176
111 148 147 185/752
112 148 148 181/533
112 148 147 159/631
113 148 148 189/554
113 148 147 229/884
114 148 148 292/845
114 148 147 193/729
115 148 148 248/715
115 148 147 179/659
116 148 148 13/37
116 148 147 215/776
117 148 148 309/877
117 148 147 271/955
118 148 148 287/804
118 148 147 215/744
119 148 148 319/892
119 148 147 206/697
120 148 148 361/996
120 148 147 162/539
121 148 148 329/907
121 148 147 284/925
122 148 148 167/454
122 148 147 218/699
123 148 148 82/223
123 148 147 141/443
124 148 148 365/978
124 148 147 199/616
125 148 148 329/883
125 148 147 227/689
126 148 148 39/103
126 148 147 241/721
127 148 148 77/204
127 148 147 337/989
128 148 148 83/216
128 148 147 158/457
129 148 148 330/863
129 148 147 314/891
130 148 148 281/720
130 148 147 107/299
131 148 148 193/498
131 148 147 347/951
132 148 148 106/267
132 148 147 209/563
133 148 148 392/997
133 148 147 361/953
134 148 148 375/926
134 148 147 364/941
135 148 148 249/623
135 148 147 319/807
136 148 148 413/995
136 148 147 89/219
137 148 148 263/645
137 148 147 271/651
138 148 148 369/860
138 148 147 331/764
139 148 148 389/929
139 148 147 347/779
140 148 148 214/475
140 148 147 83/175
141 148 148 91/209
141 148 147 409/834
142 148 148 343/703
142 148 147 528/967
143 148 148 431/928
143 148 147 464/815
144 148 148 499/954
144 148 147 44/73
145 148 148 384/799
145 148 147 166/261
146 148 148 479/719
146 148 147 410/471
147 148 148 577/977
147 148 147 274/285
148 148 148 229/424
148 148 147 134/307
79 149 149 22/169
79 149 148 40/863
80 149 149 77/577
80 149 148 33/698
81 149 149 75/548
81 149 148 34/705
82 149 149 85/607
82 149 148 31/631
83 149 149 122/851
83 149 148 48/959
84 149 149 117/799
84 149 148 11/216
85 149 149 91/608
85 149 148 17/328
86 149 149 127/832
86 149 148 52/987
87 149 149 43/276
87 149 148 52/971
88 149 149 43/271
88 149 148 18/331
89 149 149 104/643
89 149 148 19/344
90 149 149 51/310
90 149 148 13/232
91 149 149 67/400
91 149 148 46/809
92 149 149 97/570
92 149 148 20/347
93 149 149 9/52
93 149 148 9/154
94 149 149 88/501
94 149 148 47/794
95 149 149 121/678
95 149 148 49/817
96 149 149 131/724
96 149 148 19/313
97 149 149 9/49
97 149 148 37/602
98 149 149 8/43
98 149 148 35/563
99 149 149 147/779
99 149 148 39/620
100 149 149 55/288
100 149 148 11/173
101 149 149 6/31
101 149 148 29/451
102 149 149 137/700
102 149 148 33/508
103 149 149 89/449
103 149 148 13/198
104 149 149 143/714
104 149 148 47/709
105 149 149 15/74
105 149 148 15/224
106 149 149 79/386
106 149 148 64/947
107 149 149 171/826
107 149 148 29/425
108 149 149 146/699
108 149 148 36/523
109 149 149 193/914
109 149 148 38/547
110 149 149 33/155
110 149 148 69/985
111 149 149 128/595
111 149 148 20/283
112 149 149 75/346
112 149 148 53/744
113 149 149 192/877
113 149 148 63/877
114 149 149 166/753
114 149 148 59/815
115 149 149 144/647
115 149 148 37/507
116 149 149 170/759
116 149 148 5/68
117 149 149 92/407
117 149 148 73/985
118 149 149 143/629
118 149 148 53/710
119 149 149 114/497
119 149 148 71/944
120 149 149 86/373
120 149 148 71/937
121 149 149 10/43
121 149 148 49/642
122 149 149 232/993
122 149 148 1/13
123 149 149 41/174
123 149 148 34/439
124 149 149 172/727
124 149 148 69/884
125 149 149 183/767
125 149 148 43/547
126 149 149 17/71
126 149 148 70/883
127 149 149 85/352
127 149 148 59/739
128 149 149 109/450
128 149 148 76/943
129 149 149 237/970
129 149 148 22/271
130 149 149 61/249
130 149 148 82/999
131 149 149 133/538
131 149 148 76/919
132 149 149 169/682
132 149 148 69/823
133 149 149 250/999
133 149 148 6/71
134 149 149 232/925
134 149 148 53/616
135 149 149 179/706
135 149 148 71/818
136 149 149 254/999
136 149 148 46/517
137 149 149 95/369
137 149 148 47/523
138 149 149 121/468
138 149 148 11/118
139 149 149 241/918
139 149 148 93/986
140 149 149 122/461
140 149 148 1/10
141 149 149 193/715
141 149 148 99/976
142 149 149 86/313
142 149 148 94/839
143 149 149 246/871
143 149 148 112/981
144 149 149 148/501
144 149 148 15/109
145 149 149 73/237
145 149 148 139/985
146 149 149 123/373
146 149 148 41/373
147 149 149 181/406
147 149 148 333/838
148 149 149 257/551
148 149 148 419/959
149 149 149 518/881
149 149 148 69/844
