# UNIF(n=116,lo,hi): D_ren + dipoles; lines "lo hi level amplitude" for the corrected intervals
97 97 97 14/323
97 97 96 -2/859
98 98 98 4/53
98 98 97 -1/723
99 99 99 85/956
99 99 98 37/540
100 100 100 58/597
100 100 99 5/869
101 101 101 57/511
101 101 100 53/547
102 102 102 29/238
102 102 101 12/929
103 103 103 103/762
103 103 102 97/785
102 104 104 73/964
102 104 103 -5/262
104 104 104 147/970
104 104 103 11/540
103 105 105 98/669
103 105 104 57/407
105 105 105 151/927
105 105 104 137/901
104 106 106 61/821
104 106 105 -13/380
106 106 106 26/137
106 106 105 11/386
103 107 107 181/1000
103 107 106 128/661
105 107 107 199/996
105 107 106 25/117
106 107 107 36/173
106 107 106 101/289
107 107 107 200/999
107 107 106 184/977
102 108 108 10/53
102 108 107 33/865
104 108 108 142/675
104 108 107 4/87
105 108 108 119/541
105 108 107 31/291
106 108 108 43/188
106 108 107 31/654
107 108 108 195/824
107 108 107 100/759
108 108 108 43/538
108 108 107 -71/984
101 109 109 76/919
101 109 108 -9/955
103 109 109 96/385
103 109 108 245/814
104 109 109 176/687
104 109 108 259/677
105 109 109 142/541
105 109 108 38/121
106 109 109 173/645
106 109 108 97/230
107 109 109 76/983
107 109 108 -37/618
108 109 109 3/122
108 109 108 -11/801
109 109 109 61/701
109 109 108 -81/988
100 110 110 218/823
100 110 109 25/364
101 110 110 242/883
101 110 109 53/539
102 110 110 225/796
102 110 109 21/271
103 110 110 193/664
103 110 109 92/809
104 110 110 293/983
104 110 109 33/398
105 110 110 293/961
105 110 109 10/77
106 110 110 14/45
106 110 109 56/671
107 110 110 299/944
107 110 109 100/671
108 110 110 297/923
108 110 109 22/291
109 110 110 260/797
109 110 109 167/944
110 110 110 135/409
110 110 109 29/585
97 111 111 235/678
97 111 110 326/721
98 111 111 68/193
98 111 110 370/759
99 111 111 337/942
99 111 110 397/841
100 111 111 127/350
100 111 110 21/41
101 111 111 357/971
101 111 110 229/469
102 111 111 342/919
102 111 110 127/237
103 111 111 178/473
103 111 110 1/2
104 111 111 119/313
104 111 110 155/277
105 111 111 307/800
105 111 110 474/937
106 111 111 387/1000
106 111 110 507/866
107 111 111 62/159
107 111 110 399/794
108 111 111 391/996
108 111 110 253/409
109 111 111 201/509
109 111 110 449/932
110 111 111 341/874
110 111 110 432/655
111 111 111 26/75
111 111 110 311/991
92 112 112 239/596
92 112 111 10/97
93 112 112 151/369
93 112 111 116/997
94 112 112 259/621
94 112 111 57/500
95 112 112 349/822
95 112 111 121/944
96 112 112 117/271
96 112 111 59/477
97 112 112 289/659
97 112 111 138/991
98 112 112 441/991
98 112 111 7/53
99 112 112 263/583
99 112 111 97/648
100 112 112 196/429
100 112 111 128/921
101 112 112 190/411
101 112 111 88/551
102 112 112 365/781
102 112 111 129/895
103 112 112 169/358
103 112 111 103/607
104 112 112 283/594
104 112 111 116/789
105 112 112 86/179
105 112 111 169/937
106 112 112 259/535
106 112 111 142/969
107 112 112 349/716
107 112 111 35/181
108 112 112 383/781
108 112 111 15/107
109 112 112 353/716
109 112 111 123/578
110 112 112 473/955
110 112 111 59/488
111 112 112 89/179
111 112 111 40/159
112 112 112 204/409
112 112 111 51/811
81 113 113 257/795
81 113 112 169/810
82 113 113 29/89
82 113 112 203/926
83 113 113 84/253
83 113 112 183/802
84 113 113 133/398
84 113 112 113/474
85 113 113 335/984
85 113 112 201/814
86 113 113 311/909
86 113 112 113/440
87 113 113 236/677
87 113 112 146/551
88 113 113 78/223
88 113 112 81/295
89 113 113 210/589
89 113 112 135/478
90 113 113 5/14
90 113 112 260/891
91 113 113 321/881
91 113 112 277/925
92 113 113 349/958
92 113 112 71/230
93 113 113 182/489
93 113 112 285/901
94 113 113 267/719
94 113 112 111/341
95 113 113 100/263
95 113 112 1/3
96 113 113 316/835
96 113 112 171/499
97 113 113 229/589
97 113 112 72/205
98 113 113 370/959
98 113 112 83/230
99 113 113 251/630
99 113 112 313/844
100 113 113 219/556
100 113 112 332/871
101 113 113 41/100
101 113 112 171/434
102 113 113 290/719
102 113 112 367/905
103 113 113 387/910
103 113 112 53/125
104 113 113 150/361
104 113 112 277/633
105 113 113 176/393
105 113 112 442/945
106 113 113 107/247
106 113 112 81/167
107 113 113 263/541
107 113 112 539/995
108 113 113 445/961
108 113 112 429/758
109 113 113 95/182
109 113 112 3/5
110 113 113 440/917
110 113 112 26/41
111 113 113 564/847
111 113 112 754/867
112 113 113 467/791
112 113 112 959/998
113 113 113 533/987
113 113 112 291/667
62 114 114 42/313
62 114 113 47/985
63 114 114 97/701
63 114 113 25/511
64 114 114 1/7
64 114 113 16/319
65 114 114 132/899
65 114 113 33/643
66 114 114 128/847
66 114 113 24/457
67 114 114 53/342
67 114 113 14/261
68 114 114 130/817
68 114 113 4/73
69 114 114 7/43
69 114 113 29/519
70 114 114 166/995
70 114 113 53/930
71 114 114 164/963
71 114 113 13/224
72 114 114 89/511
72 114 113 12/203
73 114 114 112/631
73 114 113 30/499
74 114 114 56/309
74 114 113 54/883
75 114 114 144/781
75 114 113 52/837
76 114 114 147/782
76 114 113 44/697
77 114 114 38/199
77 114 113 23/359
78 114 114 188/967
78 114 113 61/938
79 114 114 128/649
79 114 113 61/925
80 114 114 139/693
80 114 113 65/972
81 114 114 89/438
81 114 113 54/797
82 114 114 77/373
82 114 113 53/772
83 114 114 113/541
83 114 113 13/187
84 114 114 113/533
84 114 113 29/412
85 114 114 3/14
85 114 113 53/744
86 114 114 211/971
86 114 113 63/874
87 114 114 197/898
87 114 113 45/617
88 114 114 213/958
88 114 113 43/583
89 114 114 211/941
89 114 113 5/67
90 114 114 221/973
90 114 113 31/411
91 114 114 119/520
91 114 113 69/904
92 114 114 225/971
92 114 113 29/376
93 114 114 101/433
93 114 113 56/717
94 114 114 183/775
94 114 113 46/583
95 114 114 233/981
95 114 113 2/25
96 114 114 44/183
96 114 113 67/829
97 114 114 189/782
97 114 113 23/280
98 114 114 128/523
98 114 113 81/976
99 114 114 196/797
99 114 113 21/248
100 114 114 79/317
100 114 113 60/701
101 114 114 141/563
101 114 113 83/944
102 114 114 46/181
102 114 113 33/371
103 114 114 247/966
103 114 113 83/898
104 114 114 103/396
104 114 113 31/331
105 114 114 125/476
105 114 113 83/835
106 114 114 147/548
106 114 113 73/723
107 114 114 257/940
107 114 113 68/609
108 114 114 74/263
108 114 113 55/483
109 114 114 109/370
109 114 113 61/444
110 114 114 265/862
110 114 113 74/525
111 114 114 194/589
111 114 113 37/337
112 114 114 152/341
112 114 113 331/832
113 114 114 7/15
113 114 113 183/419
114 114 114 511/869
114 114 113 79/967
