# UNIF(n=180,lo,hi): D_ren + dipoles; lines "lo hi level amplitude" for the corrected intervals
155 155 155 7/218
155 155 154 -1/432
156 156 156 56/991
156 156 155 -1/1000
157 157 157 23/712
157 157 156 -3/418
158 158 158 67/978
158 158 157 1/298
159 159 159 15/454
159 159 158 -12/985
160 160 160 79/968
160 160 159 7/943
161 161 161 89/988
161 161 160 36/449
162 162 162 37/384
162 162 161 11/950
161 163 163 58/727
161 163 162 44/725
163 163 163 23/219
163 163 162 48/493
162 164 164 47/533
162 164 163 4/727
164 164 164 107/943
164 164 163 11/690
163 165 165 64/613
163 165 164 79/835
165 165 165 118/975
165 165 164 95/833
164 166 166 103/897
164 166 165 4/259
166 166 166 130/969
166 166 165 13/629
163 167 167 107/923
163 167 166 79/709
165 167 167 132/995
165 167 166 124/935
167 167 167 73/518
167 167 166 101/753
164 168 168 83/639
164 168 167 21/958
166 168 168 35/627
166 168 167 -28/865
168 168 168 64/399
168 168 167 20/769
163 169 169 128/903
163 169 168 143/947
165 169 169 73/470
165 169 168 79/470
167 169 169 160/957
167 169 168 59/331
168 169 169 153/887
168 169 168 29/100
169 169 169 147/881
169 169 168 11/69
164 170 170 148/919
164 170 169 6/167
166 170 170 109/625
166 170 169 31/786
167 170 170 35/194
167 170 169 29/317
168 170 170 29/481
168 170 169 -35/801
169 170 170 14/835
169 170 169 -5/803
170 170 170 176/899
170 170 169 31/958
163 171 171 163/878
163 171 170 79/361
165 171 171 149/760
165 171 170 89/384
166 171 171 157/782
166 171 170 273/898
167 171 171 191/931
167 171 170 137/573
168 171 171 59/282
168 171 170 151/455
169 171 171 194/911
169 171 170 179/751
170 171 171 193/892
170 171 170 349/956
171 171 171 166/819
171 171 170 162/839
160 172 172 82/433
160 172 171 47/986
162 172 172 178/879
162 172 171 40/737
163 172 172 122/585
163 172 171 77/941
164 172 172 214/999
164 172 171 21/355
165 172 172 121/551
165 172 171 19/205
166 172 172 115/512
166 172 171 60/971
167 172 172 224/977
167 172 171 77/738
168 172 172 121/518
168 172 171 43/702
169 172 172 234/985
169 172 171 15/127
170 172 172 89/369
170 172 171 55/989
171 172 172 188/769
171 172 171 128/935
172 172 172 19/246
172 172 171 -49/662
159 173 173 75/991
159 173 172 -3/281
160 173 173 48/743
160 173 172 -6/971
161 173 173 51/707
161 173 172 -13/651
162 173 173 38/641
162 173 172 -5/383
163 173 173 41/591
163 173 172 -17/591
164 173 173 44/815
164 173 172 -11/589
165 173 173 34/503
165 173 172 -25/671
166 173 173 11/227
166 173 172 -21/922
167 173 173 226/835
167 173 172 331/967
168 173 173 163/596
168 173 172 315/757
169 173 173 82/297
169 173 172 287/843
170 173 173 269/966
170 173 172 382/865
171 173 173 62/841
171 173 172 -53/797
172 173 173 19/850
172 173 172 -1/56
173 173 173 65/756
173 173 172 -25/298
156 174 174 38/143
156 174 173 73/973
157 174 174 161/593
157 174 173 47/527
158 174 174 264/953
158 174 173 78/953
159 174 174 59/209
159 174 173 79/809
160 174 174 229/797
160 174 173 87/992
161 174 174 137/469
161 174 173 95/898
162 174 174 62/209
162 174 173 27/292
163 174 174 223/741
163 174 173 90/791
164 174 174 226/741
164 174 173 68/709
165 174 174 172/557
165 174 173 64/525
166 174 174 134/429
166 174 173 29/297
167 174 174 268/849
167 174 173 109/834
168 174 174 131/411
168 174 173 92/949
169 174 174 91/283
169 174 173 133/942
170 174 174 317/978
170 174 173 91/986
171 174 174 301/922
171 174 173 47/302
172 174 174 206/627
172 174 173 32/399
173 174 174 187/566
173 174 173 149/829
174 174 174 82/247
174 174 173 38/747
150 175 175 137/399
150 175 174 358/775
151 175 175 285/821
151 175 174 110/239
152 175 175 288/821
152 175 174 267/559
153 175 175 349/985
153 175 174 429/905
154 175 175 225/629
154 175 174 98/199
155 175 175 74/205
155 175 174 127/261
156 175 175 343/942
156 175 174 431/851
157 175 175 344/937
157 175 174 349/701
158 175 175 306/827
158 175 174 224/431
159 175 175 167/448
159 175 174 426/839
160 175 175 119/317
160 175 174 255/479
161 175 175 359/950
161 175 174 481/932
162 175 175 316/831
162 175 174 336/617
163 175 175 363/949
163 175 174 496/949
164 175 175 5/13
164 175 174 221/397
165 175 175 179/463
165 175 174 439/833
166 175 175 357/919
166 175 174 37/65
167 175 175 199/510
167 175 174 400/757
168 175 175 172/439
168 175 174 578/991
169 175 175 339/862
169 175 174 508/967
170 175 175 88/223
170 175 174 589/980
171 175 175 19/48
171 175 174 53/103
172 175 175 129/325
172 175 174 443/706
173 175 175 113/284
173 175 174 342/701
174 175 175 321/820
174 175 174 398/601
175 175 175 341/982
175 175 174 241/765
142 176 176 170/429
142 176 175 41/405
143 176 176 190/473
143 176 175 59/546
144 176 176 374/919
144 176 175 101/928
145 176 176 361/876
145 176 175 11/95
146 176 176 410/983
146 176 175 95/819
147 176 176 354/839
147 176 175 115/934
148 176 176 157/368
148 176 175 113/921
149 176 176 401/930
149 176 175 115/884
150 176 176 257/590
150 176 175 78/605
151 176 176 373/848
151 176 175 136/995
152 176 176 424/955
152 176 175 40/297
153 176 176 241/538
153 176 175 143/1000
154 176 176 253/560
154 176 175 41/293
155 176 176 179/393
155 176 175 71/477
156 176 176 28/61
156 176 175 126/871
157 176 176 326/705
157 176 175 19/123
158 176 176 217/466
158 176 175 139/934
159 176 176 458/977
159 176 175 125/782
160 176 176 459/973
160 176 175 55/361
161 176 176 401/845
161 176 175 154/933
162 176 176 262/549
162 176 175 155/999
163 176 176 320/667
163 176 175 8/47
164 176 176 27/56
164 176 175 41/261
165 176 176 481/993
165 176 175 145/826
166 176 176 18/37
166 176 175 155/982
167 176 176 359/735
167 176 175 41/226
168 176 176 427/871
168 176 175 110/701
169 176 176 243/494
169 176 175 33/175
170 176 176 75/152
170 176 175 131/855
171 176 176 428/865
171 176 175 88/443
172 176 176 312/629
172 176 175 91/631
173 176 176 86/173
173 176 175 85/394
174 176 176 383/769
174 176 175 29/236
175 176 176 431/864
175 176 175 23/91
176 176 176 494/989
176 176 175 53/836
126 177 177 163/510
126 177 176 177/862
127 177 177 73/226
127 177 176 134/635
128 177 177 142/437
128 177 176 5/23
129 177 177 109/332
129 177 176 191/857
130 177 177 34/103
130 177 176 219/956
131 177 177 1/3
131 177 176 71/303
132 177 177 321/958
132 177 176 106/441
133 177 177 111/328
133 177 176 133/542
134 177 177 225/662
134 177 176 99/394
135 177 177 81/236
135 177 176 158/617
136 177 177 113/328
136 177 176 255/974
137 177 177 303/871
137 177 176 203/762
138 177 177 223/639
138 177 176 201/739
139 177 177 37/105
139 177 176 55/199
140 177 177 59/167
140 177 176 135/479
141 177 177 335/939
141 177 176 127/444
142 177 177 163/456
142 177 176 206/707
143 177 177 213/590
143 177 176 96/325
144 177 177 244/675
144 177 176 144/479
145 177 177 65/178
145 177 176 109/358
146 177 177 19/52
146 177 176 196/633
147 177 177 329/891
147 177 176 47/150
148 177 177 285/772
148 177 176 271/851
149 177 177 299/801
149 177 176 19/59
150 177 177 22/59
150 177 176 88/269
151 177 177 346/917
151 177 176 289/874
152 177 177 61/162
152 177 176 91/271
153 177 177 275/721
153 177 176 283/834
154 177 177 265/697
154 177 176 256/743
155 177 177 113/293
155 177 176 203/583
156 177 177 43/112
156 177 176 291/823
157 177 177 231/592
157 177 176 271/758
158 177 177 121/312
158 177 176 73/201
159 177 177 149/377
159 177 176 257/699
160 177 177 187/477
160 177 176 151/404
161 177 177 383/955
161 177 176 369/973
162 177 177 273/688
162 177 176 347/899
163 177 177 289/708
163 177 176 116/295
164 177 177 159/395
164 177 176 338/843
165 177 177 38/91
165 177 176 355/863
166 177 177 380/927
166 177 176 241/573
167 177 177 78/181
167 177 176 395/904
168 177 177 240/571
168 177 176 349/778
169 177 177 61/135
169 177 176 475/996
170 177 177 244/559
170 177 176 298/605
171 177 177 305/624
171 177 176 304/555
172 177 177 20/43
172 177 176 323/566
173 177 177 122/233
173 177 176 349/578
174 177 177 215/447
174 177 176 419/658
175 177 177 665/998
175 177 176 741/851
176 177 177 127/215
176 177 176 426/443
177 177 177 471/872
177 177 176 413/946
95 178 178 93/710
95 178 177 45/968
96 178 178 130/971
96 178 177 7/148
97 178 178 103/754
97 178 177 36/749
98 178 178 99/710
98 178 177 17/348
99 178 178 132/929
99 178 177 31/625
100 178 178 31/214
100 178 177 41/814
101 178 178 147/997
101 178 177 51/998
102 178 178 50/333
102 178 177 7/135
103 178 178 109/714
103 178 177 41/780
104 178 178 139/895
104 178 177 21/394
105 178 178 115/729
105 178 177 48/889
106 178 178 135/842
106 178 177 18/329
107 178 178 89/547
107 178 177 55/993
108 178 178 153/926
108 178 177 41/731
109 178 178 162/967
109 178 177 53/934
110 178 178 145/853
110 178 177 46/801
111 178 178 31/180
111 178 177 50/861
112 178 178 172/985
112 178 177 39/664
113 178 178 169/956
113 178 177 59/994
114 178 178 175/977
114 178 177 3/50
115 178 178 27/149
115 178 177 2/33
116 178 178 20/109
116 178 177 58/947
117 178 178 151/814
117 178 177 29/469
118 178 178 52/277
118 178 177 62/993
119 178 178 180/949
119 178 177 53/841
120 178 178 47/245
120 178 177 39/613
121 178 178 80/413
121 178 177 12/187
122 178 178 131/669
122 178 177 43/664
123 178 178 182/921
123 178 177 19/291
124 178 178 119/596
124 178 177 60/911
125 178 178 29/144
125 178 177 31/467
126 178 178 12/59
126 178 177 33/493
127 178 178 57/278
127 178 177 64/949
128 178 178 172/831
128 178 177 31/456
129 178 178 39/187
129 178 177 38/555
130 178 178 141/670
130 178 177 69/1000
131 178 178 181/854
131 178 177 43/619
132 178 178 31/145
132 178 177 69/986
133 178 178 133/618
133 178 177 66/937
134 178 178 74/341
134 178 177 31/437
135 178 178 188/861
135 178 177 71/995
136 178 178 208/945
136 178 177 58/807
137 178 178 201/908
137 178 177 53/733
138 178 178 201/901
138 178 177 50/687
139 178 178 61/272
139 178 177 50/683
140 178 178 54/239
140 178 177 68/923
141 178 178 89/392
141 178 177 2/27
142 178 178 228/997
142 178 177 70/939
143 178 178 116/505
143 178 177 50/667
144 178 178 161/696
144 178 177 73/968
145 178 178 229/986
145 178 177 69/910
146 178 178 105/449
146 178 177 9/118
147 178 178 234/997
147 178 177 51/665
148 178 178 181/766
148 178 177 28/363
149 178 178 119/502
149 178 177 37/477
150 178 178 226/947
150 178 177 11/141
151 178 178 28/117
151 178 177 39/497
152 178 178 239/992
152 178 177 73/925
153 178 178 185/766
153 178 177 22/277
154 178 178 231/950
154 178 177 52/651
155 178 178 221/907
155 178 177 58/721
156 178 178 225/917
156 178 177 67/828
157 178 178 73/297
157 178 177 35/429
158 178 178 103/416
158 178 177 11/134
159 178 178 91/367
159 178 177 65/784
160 178 178 1/4
160 178 177 59/707
161 178 178 250/999
161 178 177 83/982
162 178 178 131/519
162 178 177 83/975
163 178 178 229/906
163 178 177 20/231
164 178 178 206/807
164 178 177 83/951
165 178 178 111/434
165 178 177 43/481
166 178 178 59/228
166 178 177 85/942
167 178 178 114/439
167 178 177 55/588
168 178 178 205/778
168 178 177 7/74
169 178 178 73/275
169 178 177 52/519
170 178 178 266/983
170 178 177 94/925
171 178 178 68/247
171 178 177 81/722
172 178 178 241/852
172 178 177 4/35
173 178 178 97/328
173 178 177 42/305
174 178 178 295/957
174 178 177 12/85
175 178 178 225/682
175 178 177 75/682
176 178 178 391/877
176 178 177 396/997
177 178 178 277/594
177 178 177 163/373
178 178 178 575/978
178 178 177 22/269
