# UNIF(n=112,lo,hi): D_ren + dipoles; lines "lo hi level amplitude" for the corrected intervals
94 94 94 29/398
94 94 93 -1/334
95 95 95 73/841
95 95 94 61/942
96 96 96 76/799
96 96 95 1/223
97 97 97 95/864
97 97 96 11/117
98 98 98 77/640
98 98 97 11/920
99 99 99 16/119
99 99 98 89/728
98 100 100 33/422
98 100 99 -5/287
100 100 100 88/585
100 100 99 19/966
99 101 101 137/952
99 101 100 79/584
101 101 101 146/899
101 101 100 107/708
100 102 102 53/697
100 102 101 -32/969
102 102 102 169/894
102 102 101 16/571
99 103 103 131/736
99 103 102 178/947
101 103 103 155/782
101 103 102 167/793
103 103 103 199/996
103 103 102 49/261
98 104 104 184/999
98 104 103 33/937
100 104 104 161/776
100 104 103 16/363
102 104 104 102/449
102 104 103 34/733
103 104 104 218/925
103 104 103 67/511
104 104 104 37/461
104 104 103 -31/431
97 105 105 73/863
97 105 104 -5/838
99 105 105 56/227
99 105 104 205/693
100 105 105 63/248
100 105 104 14/37
101 105 105 248/951
101 105 104 188/605
102 105 105 197/738
102 105 104 392/935
103 105 105 71/913
103 105 104 -31/525
104 105 105 14/563
104 105 104 -11/832
105 105 105 59/677
105 105 104 -77/942
96 106 106 46/177
96 106 105 16/245
97 106 106 263/975
97 106 105 27/283
98 106 106 118/423
98 106 105 3/40
99 106 106 157/546
99 106 105 49/439
100 106 106 164/555
100 106 105 69/850
101 106 106 248/819
101 106 105 88/685
102 106 106 199/643
102 106 105 78/947
103 106 106 254/805
103 106 105 87/587
104 106 106 302/941
104 106 105 58/773
105 106 106 313/961
105 106 105 122/691
106 106 106 220/667
106 106 105 21/425
93 107 107 329/960
93 107 106 163/367
94 107 107 337/966
94 107 106 403/839
95 107 107 327/922
95 107 106 360/773
96 107 107 300/833
96 107 106 421/831
97 107 107 301/824
97 107 106 452/935
98 107 107 104/281
98 107 106 151/284
99 107 107 115/307
99 107 106 283/570
100 107 107 253/668
100 107 106 536/963
101 107 107 373/975
101 107 106 366/727
102 107 107 310/803
102 107 106 290/497
103 107 107 137/352
103 107 106 248/495
104 107 107 305/778
104 107 106 502/813
105 107 107 144/365
105 107 106 329/684
106 107 107 39/100
106 107 106 648/983
107 107 107 61/176
107 107 106 117/373
88 108 108 367/932
88 108 107 81/827
89 108 108 343/852
89 108 107 24/215
90 108 108 321/781
90 108 107 94/857
91 108 108 189/451
91 108 107 104/837
92 108 108 67/157
92 108 107 105/874
93 108 108 260/599
93 108 107 20/147
94 108 108 411/932
94 108 107 119/921
95 108 108 401/896
95 108 107 49/333
96 108 108 353/778
96 108 107 67/490
97 108 108 335/729
97 108 107 56/355
98 108 108 73/157
98 108 107 49/344
99 108 108 196/417
99 108 107 161/957
100 108 108 122/257
100 108 107 78/535
101 108 108 468/977
101 108 107 33/184
102 108 108 85/176
102 108 107 80/549
103 108 108 469/964
103 108 107 164/851
104 108 108 404/825
104 108 107 107/766
105 108 108 230/467
105 108 107 181/852
106 108 108 489/988
106 108 107 59/489
107 108 108 497/1000
107 108 107 44/175
108 108 108 190/381
108 108 107 61/971
79 109 109 92/281
79 109 108 62/285
80 109 109 251/761
80 109 108 37/162
81 109 109 332/987
81 109 108 62/261
82 109 109 113/334
82 109 108 63/254
83 109 109 285/826
83 109 108 256/997
84 109 109 44/127
84 109 108 67/251
85 109 109 322/911
85 109 108 193/701
86 109 109 62/175
86 109 108 247/866
87 109 109 361/998
87 109 108 208/709
88 109 109 93/257
88 109 108 167/551
89 109 109 165/446
89 109 108 117/376
90 109 109 219/593
90 109 108 111/346
91 109 109 14/37
91 109 108 155/471
92 109 109 107/284
92 109 108 289/853
93 109 109 347/896
93 109 108 145/417
94 109 109 381/991
94 109 108 347/970
95 109 109 369/929
95 109 108 53/144
96 109 109 317/807
96 109 108 64/169
97 109 109 407/995
97 109 108 221/564
98 109 109 351/872
98 109 108 266/659
99 109 109 273/643
99 109 108 419/992
100 109 109 395/952
100 109 108 171/392
101 109 109 378/845
101 109 108 377/808
102 109 109 293/677
102 109 108 289/597
103 109 109 428/881
103 109 108 535/989
104 109 109 423/914
104 109 108 467/826
105 109 109 515/987
105 109 108 316/527
106 109 109 425/886
106 109 108 45/71
107 109 109 263/395
107 109 108 853/981
108 109 109 49/83
108 109 108 785/817
109 109 109 27/50
109 109 108 65/149
60 110 110 43/319
60 110 109 22/459
61 110 110 101/726
61 110 109 3/61
62 110 110 24/167
62 110 109 50/991
63 110 110 55/372
63 110 109 45/871
64 110 110 143/939
64 110 109 21/397
65 110 110 5/32
65 110 109 2/37
66 110 110 61/380
66 110 109 10/181
67 110 110 104/633
67 110 109 50/887
68 110 110 159/944
68 110 109 44/765
69 110 110 134/779
69 110 109 46/785
70 110 110 22/125
70 110 109 4/67
71 110 110 155/864
71 110 109 54/889
72 110 110 129/704
72 110 109 28/453
73 110 110 11/59
73 110 109 25/398
74 110 110 166/873
74 110 109 62/971
75 110 110 181/937
75 110 109 7/108
76 110 110 193/981
76 110 109 56/851
77 110 110 92/461
77 110 109 56/839
78 110 110 27/133
78 110 109 61/901
79 110 110 51/248
79 110 109 68/991
80 110 110 177/847
80 110 109 29/417
81 110 110 100/473
81 110 109 41/582
82 110 110 44/205
82 110 109 59/827
83 110 110 149/687
83 110 109 70/969
84 110 110 211/959
84 110 109 59/807
85 110 110 163/734
85 110 109 51/689
86 110 110 43/191
86 110 109 73/975
87 110 110 37/163
87 110 109 58/765
88 110 110 210/913
88 110 109 65/848
89 110 110 174/751
89 110 109 8/103
90 110 110 23/98
90 110 109 42/535
91 110 110 137/580
91 110 109 9/113
92 110 110 167/698
92 110 109 59/733
93 110 110 186/773
93 110 109 55/672
94 110 110 49/201
94 110 109 34/411
95 110 110 236/963
95 110 109 19/225
96 110 110 201/809
96 110 109 59/691
97 110 110 249/997
97 110 109 83/946
98 110 110 160/631
98 110 109 19/214
99 110 110 221/866
99 110 109 91/986
100 110 110 208/801
100 110 109 55/588
101 110 110 91/347
101 110 109 71/715
102 110 110 97/362
102 110 109 91/902
103 110 110 227/831
103 110 109 77/690
104 110 110 257/914
104 110 109 14/123
105 110 110 260/883
105 110 109 57/415
106 110 110 63/205
106 110 109 52/369
107 110 110 109/331
107 110 109 109/993
108 110 110 115/258
108 110 109 191/480
109 110 110 7/15
109 110 109 176/403
110 110 110 364/619
110 110 109 33/404
