# UNIF(n=150,lo,hi): D_ren + dipoles; lines "lo hi level amplitude" for the corrected intervals
128 128 128 49/836
128 128 127 -1/364
129 129 129 16/439
129 129 128 -3/470
130 130 130 38/517
130 130 129 2/835
131 131 131 31/833
131 131 130 -11/864
132 132 132 61/679
132 132 131 7/930
133 133 133 41/408
133 133 132 54/605
134 134 134 97/895
134 134 133 12/941
133 135 135 81/884
133 135 134 25/349
135 135 135 23/194
135 135 134 103/940
134 136 136 46/449
134 136 135 7/918
136 136 136 95/729
136 136 135 11/603
135 137 137 82/665
135 137 136 37/320
137 137 137 133/956
137 137 136 129/986
136 138 138 17/274
136 138 137 -12/425
138 138 138 32/203
138 138 137 4/165
135 139 139 27/188
135 139 138 91/621
137 139 139 158/983
137 139 138 89/535
139 139 139 105/634
139 139 138 129/821
134 140 140 125/869
134 140 139 22/887
136 140 140 137/840
136 140 139 8/249
138 140 140 54/835
138 140 139 -11/270
139 140 140 6/307
139 140 139 -4/919
140 140 140 159/820
140 140 139 29/931
135 141 141 119/645
135 141 140 171/814
137 141 141 83/420
137 141 140 193/858
138 141 141 199/978
138 141 140 236/735
139 141 141 179/857
139 141 140 173/750
140 141 141 183/856
140 141 140 67/186
141 141 141 85/421
141 141 140 73/381
134 142 142 103/519
134 142 141 25/513
136 142 142 86/403
136 142 141 13/239
137 142 142 186/845
137 142 141 98/997
138 142 142 122/539
138 142 141 24/425
139 142 142 178/767
139 142 141 49/428
140 142 142 229/965
140 142 141 48/905
141 142 142 205/847
141 142 141 120/887
142 142 142 73/935
142 142 141 -60/817
131 143 143 77/960
131 143 142 -3/599
133 143 143 60/793
133 143 142 -17/993
134 143 143 50/841
134 143 142 -1/117
135 143 143 6/83
135 143 142 -1/35
136 143 143 14/267
136 143 142 -9/584
137 143 143 212/803
137 143 142 310/941
138 143 143 226/843
138 143 142 286/705
139 143 143 28/103
139 143 142 302/909
140 143 143 128/465
140 143 142 263/604
141 143 143 58/775
141 143 142 -23/357
142 143 143 23/998
142 143 142 -11/664
143 143 143 63/730
143 143 142 -1/12
130 144 144 208/779
130 144 143 67/907
131 144 144 169/617
131 144 143 41/439
132 144 144 274/977
132 144 143 25/307
133 144 144 221/771
133 144 143 67/644
134 144 144 105/359
134 144 143 79/904
135 144 144 73/245
135 144 143 41/358
136 144 144 157/518
136 144 143 39/427
137 144 144 137/445
137 144 143 41/327
138 144 144 183/586
138 144 143 41/443
139 144 144 118/373
139 144 143 132/959
140 144 144 185/578
140 144 143 59/659
141 144 144 283/875
141 144 143 125/814
142 144 144 142/435
142 144 143 33/419
143 144 144 155/471
143 144 143 137/766
144 144 144 284/857
144 144 143 49/971
125 145 145 11/32
125 145 144 107/237
126 145 145 272/781
126 145 144 101/213
127 145 145 317/899
127 145 144 251/536
128 145 145 137/384
128 145 144 475/964
129 145 145 136/377
129 145 144 274/567
130 145 145 335/919
130 145 144 499/978
131 145 145 67/182
131 145 144 196/395
132 145 145 175/471
132 145 144 167/317
133 145 145 214/571
133 145 144 403/795
134 145 145 317/839
134 145 144 526/969
135 145 145 351/922
135 145 144 327/635
136 145 145 166/433
136 145 144 546/977
137 145 145 71/184
137 145 144 345/664
138 145 145 151/389
138 145 144 459/797
139 145 145 169/433
139 145 144 377/726
140 145 145 91/232
140 145 144 499/837
141 145 145 210/533
141 145 144 425/832
142 145 145 339/857
142 145 144 541/866
143 145 145 391/985
143 145 144 485/998
144 145 145 341/872
144 145 144 543/821
145 145 145 337/971
145 145 144 73/232
118 146 146 41/104
118 146 145 97/976
119 146 146 101/252
119 146 145 25/231
120 146 146 353/867
120 146 145 41/378
121 146 146 317/767
121 146 145 101/859
122 146 146 353/842
122 146 145 9/77
123 146 146 371/873
123 146 145 34/269
124 146 146 96/223
124 146 145 81/650
125 146 146 370/849
125 146 145 59/438
126 146 146 347/787
126 146 145 57/433
127 146 146 181/406
127 146 145 62/435
128 146 146 314/697
128 146 145 4/29
129 146 146 379/833
129 146 145 103/687
130 146 146 417/908
130 146 145 79/551
131 146 146 120/259
131 146 145 143/911
132 146 146 306/655
132 146 145 25/169
133 146 146 355/754
133 146 145 161/983
134 146 146 433/913
134 146 145 91/601
135 146 146 297/622
135 146 145 167/979
136 146 146 37/77
136 146 145 121/788
137 146 146 29/60
137 146 145 107/602
138 146 146 449/924
138 146 145 2/13
139 146 146 272/557
139 146 145 101/543
140 146 146 388/791
140 146 145 47/311
141 146 146 361/733
141 146 145 131/665
142 146 146 345/698
142 146 145 143/1000
143 146 146 119/240
143 146 145 29/135
144 146 146 265/533
144 146 145 106/867
145 146 146 299/600
145 146 145 239/947
146 146 146 342/685
146 146 145 59/933
105 147 147 154/479
105 147 146 149/721
106 147 147 214/661
106 147 146 56/261
107 147 147 269/820
107 147 146 79/357
108 147 147 236/715
108 147 146 155/677
109 147 147 325/972
109 147 146 173/735
110 147 147 319/949
110 147 146 76/313
111 147 147 223/655
111 147 146 176/707
112 147 147 145/424
112 147 146 239/933
113 147 147 275/794
113 147 146 60/229
114 147 147 65/187
114 147 146 258/959
115 147 147 232/659
115 147 146 53/193
116 147 147 353/1000
116 147 146 123/437
117 147 147 172/481
117 147 146 113/394
118 147 147 24/67
118 147 146 113/385
119 147 147 155/427
119 147 146 175/586
120 147 147 344/947
120 147 146 181/593
121 147 147 200/543
121 147 146 143/461
122 147 147 74/201
122 147 146 197/622
123 147 147 34/91
123 147 146 201/625
124 147 147 323/866
124 147 146 314/957
125 147 147 83/219
125 147 146 333/1000
126 147 147 17/45
126 147 146 289/851
127 147 147 383/996
127 147 146 81/235
128 147 147 181/473
128 147 146 97/276
129 147 147 371/950
129 147 146 317/888
130 147 147 368/949
130 147 146 75/206
131 147 147 313/788
131 147 146 196/529
132 147 147 83/211
132 147 146 374/989
133 147 147 79/195
133 147 146 236/611
134 147 147 399/998
134 147 146 212/537
135 147 147 71/171
135 147 146 382/941
136 147 147 166/407
136 147 146 361/868
137 147 147 415/967
137 147 146 413/954
138 147 147 374/893
138 147 146 69/155
139 147 147 114/253
139 147 146 338/713
140 147 147 334/767
140 147 146 476/971
141 147 147 81/166
141 147 146 363/665
142 147 147 268/577
142 147 146 329/578
143 147 147 453/866
143 147 146 593/984
144 147 147 62/129
144 147 146 283/445
145 147 147 473/710
145 147 146 853/980
146 147 147 88/149
146 147 146 274/285
147 147 147 532/985
147 147 146 134/307
79 148 148 127/975
79 148 147 9/194
80 148 148 21/157
80 148 147 44/929
81 148 148 124/905
81 148 147 24/497
82 148 148 124/883
82 148 147 42/853
83 148 148 28/195
83 148 147 18/359
84 148 148 88/599
84 148 147 12/235
85 148 148 148/987
85 148 147 51/982
86 148 148 55/359
86 148 147 41/776
87 148 148 109/698
87 148 147 35/652
88 148 148 101/634
88 148 147 52/953
89 148 148 6/37
89 148 147 52/939
90 148 148 19/115
90 148 147 51/907
91 148 148 43/256
91 148 147 41/719
92 148 148 20/117
92 148 147 7/121
93 148 148 117/674
93 148 147 17/290
94 148 148 3/17
94 148 147 35/589
95 148 148 99/553
95 148 147 21/349
96 148 148 2/11
96 148 147 59/968
97 148 148 171/928
97 148 147 14/227
98 148 148 23/123
98 148 147 54/865
99 148 148 188/993
99 148 147 63/998
100 148 148 43/224
100 148 147 44/689
101 148 148 87/448
101 148 147 63/976
102 148 148 85/432
102 148 147 46/705
103 148 148 71/357
103 148 147 23/349
104 148 148 59/293
104 148 147 60/901
105 148 148 12/59
105 148 147 8/119
106 148 148 135/656
106 148 147 59/869
107 148 148 205/987
107 148 147 57/832
108 148 148 205/976
108 148 147 37/535
109 148 148 68/321
109 148 147 68/975
110 148 148 179/836
110 148 147 29/412
111 148 148 112/519
111 148 147 11/155
112 148 148 213/977
112 148 147 33/461
113 148 148 74/337
113 148 147 57/790
114 148 148 206/929
114 148 147 55/756
115 148 148 177/793
115 148 147 64/873
116 148 148 162/719
116 148 147 62/839
117 148 148 216/953
117 148 147 72/967
118 148 148 207/905
118 148 147 58/773
119 148 148 195/848
119 148 147 57/754
120 148 148 29/125
120 148 147 54/709
121 148 148 169/725
121 148 147 67/873
122 148 148 87/370
122 148 147 77/996
123 148 148 183/775
123 148 147 6/77
124 148 148 161/676
124 148 147 77/981
125 148 148 60/251
125 148 147 68/859
126 148 148 156/647
126 148 147 61/765
127 148 148 82/339
127 148 147 45/559
128 148 148 194/795
128 148 147 3/37
129 148 148 231/944
129 148 147 36/439
130 148 148 203/822
130 148 147 49/593
131 148 148 51/206
131 148 147 63/752
132 148 148 1/4
132 148 147 69/817
133 148 148 199/794
133 148 147 27/314
134 148 148 75/296
134 148 147 55/634
135 148 148 232/913
135 148 147 41/461
136 148 148 79/307
136 148 147 38/423
137 148 148 222/859
137 148 147 89/955
138 148 148 153/583
138 148 147 48/509
139 148 148 168/635
139 148 147 99/991
140 148 148 163/604
140 148 147 93/917
141 148 148 214/779
141 148 147 41/366
142 148 148 146/517
142 148 147 104/911
143 148 148 262/887
143 148 147 131/952
144 148 148 235/763
144 148 147 127/900
145 148 148 245/743
145 148 147 51/464
146 148 148 399/895
146 148 147 122/307
147 148 148 132/283
147 148 147 142/325
148 148 148 518/881
148 148 147 69/844
