# UNIF(n=121,lo,hi): D_ren + dipoles; lines "lo hi level amplitude" for the corrected intervals
102 102 102 41/983
102 102 101 -4/997
103 103 103 46/587
103 103 102 0
104 104 104 76/833
104 104 103 65/883
105 105 105 17/171
105 105 104 5/749
106 106 106 40/353
106 106 105 63/625
107 107 107 107/866
107 107 106 7/514
106 108 108 89/833
106 108 107 83/950
108 108 108 94/693
108 108 107 1/8
107 109 109 68/925
107 109 108 -7/326
109 109 109 152/995
109 109 108 11/527
108 110 110 128/857
108 110 109 50/341
110 110 110 55/337
110 110 109 58/379
107 111 111 121/845
107 111 110 9/496
109 111 111 71/976
109 111 110 -13/362
111 111 111 65/341
111 111 110 28/971
108 112 112 139/754
108 112 111 128/635
110 112 112 97/481
110 112 111 177/812
111 112 112 77/368
111 112 111 56/159
112 112 112 109/544
112 112 111 154/815
107 113 113 171/883
107 113 112 8/199
109 113 113 22/103
109 113 112 7/148
110 113 113 135/607
110 113 112 107/995
111 113 113 56/243
111 113 112 37/769
112 113 113 63/265
112 113 112 101/764
113 113 113 77/967
113 113 112 -39/538
106 114 114 47/589
106 114 113 -7/561
108 114 114 82/325
108 114 113 247/801
109 114 114 128/495
109 114 113 333/857
110 114 114 23/87
110 114 113 124/389
111 114 114 127/471
111 114 113 37/87
112 114 114 59/770
112 114 113 -2/33
113 114 114 23/952
113 114 113 -2/141
114 114 114 27/311
114 114 113 -6/73
105 115 115 248/917
105 115 114 32/451
106 115 115 70/251
106 115 114 34/339
107 115 115 269/938
107 115 114 65/821
108 115 115 5/17
108 115 114 54/469
109 115 115 257/854
109 115 114 28/333
110 115 115 239/778
110 115 114 45/344
111 115 115 235/751
111 115 114 49/582
112 115 115 153/481
112 115 114 89/595
113 115 115 233/722
113 115 114 56/737
114 115 115 50/153
114 115 114 31/175
115 115 115 147/445
115 115 114 39/785
101 116 116 229/663
101 116 115 281/592
102 116 116 259/738
102 116 115 461/993
103 116 116 353/991
103 116 115 146/293
104 116 116 281/778
104 116 115 459/953
105 116 116 356/973
105 116 115 442/849
106 116 116 157/424
106 116 115 395/797
107 116 116 79/211
107 116 115 437/806
108 116 116 233/616
108 116 115 467/924
109 116 116 365/956
109 116 115 317/562
110 116 116 325/844
110 116 115 453/889
111 116 116 26/67
111 116 115 213/362
112 116 116 93/238
112 116 115 368/729
113 116 116 265/674
113 116 115 606/977
114 116 116 219/554
114 116 115 212/439
115 116 116 375/961
115 116 115 324/491
116 116 116 118/927
116 116 115 -125/999
95 117 117 90/229
95 117 116 41/433
96 117 117 337/840
96 117 116 47/439
97 117 117 407/995
97 117 116 12/113
98 117 117 412/989
98 117 116 95/797
99 117 117 89/210
99 117 116 59/506
100 117 117 317/736
100 117 116 53/406
101 117 117 251/574
101 117 116 113/898
102 117 117 381/859
102 117 116 12/85
103 117 117 427/950
103 117 116 116/867
104 117 117 76/167
104 117 116 142/939
105 117 117 459/997
105 117 116 135/962
106 117 117 450/967
106 117 116 144/895
107 117 117 47/100
107 117 116 9/62
108 117 117 268/565
108 117 116 73/428
109 117 117 243/508
109 117 116 99/670
110 117 117 161/334
110 117 116 137/757
111 117 117 449/925
111 117 116 146/993
112 117 117 423/866
112 117 116 118/609
113 117 117 167/340
113 117 116 110/783
114 117 117 423/857
114 117 116 193/906
115 117 117 229/462
115 117 116 111/917
116 117 117 97/195
116 117 116 227/902
117 117 117 222/445
117 117 116 37/588
85 118 118 312/973
85 118 117 206/955
86 118 118 113/346
86 118 117 163/727
87 118 118 277/842
87 118 117 149/637
88 118 118 137/409
88 118 117 197/814
89 118 118 218/647
89 118 117 224/891
90 118 118 106/309
90 118 117 149/575
91 118 118 92/267
91 118 117 125/466
92 118 118 20/57
92 118 117 43/156
93 118 118 297/844
93 118 117 239/840
94 118 118 356/993
94 118 117 7/24
95 118 118 14/39
95 118 117 240/799
96 118 118 235/642
96 118 117 75/244
97 118 118 15/41
97 118 117 249/788
98 118 118 337/902
98 118 117 73/226
99 118 118 139/373
99 118 117 65/196
100 118 118 275/721
100 118 117 141/416
101 118 118 63/166
101 118 117 161/463
102 118 118 99/254
102 118 117 37/104
103 118 118 215/556
103 118 117 177/485
104 118 118 196/491
104 118 117 91/243
105 118 118 247/626
105 118 117 128/333
106 118 118 62/151
106 118 117 25/63
107 118 118 397/983
107 118 117 348/853
108 118 118 235/552
108 118 117 271/636
109 118 118 403/969
109 118 117 424/965
110 118 118 376/839
110 118 117 465/991
111 118 118 114/263
111 118 117 336/691
112 118 118 285/586
112 118 117 89/164
113 118 118 233/503
113 118 117 310/547
114 118 118 248/475
114 118 117 534/889
115 118 118 227/473
115 118 117 191/301
116 118 118 307/461
116 118 117 689/792
117 118 118 467/791
117 118 117 887/923
118 118 118 533/987
118 118 117 161/369
64 119 119 69/518
64 119 118 21/443
65 119 119 11/80
65 119 118 45/926
66 119 119 141/997
66 119 118 9/181
67 119 119 145/996
67 119 118 26/511
68 119 119 23/154
68 119 118 29/558
69 119 119 152/991
69 119 118 49/923
70 119 119 46/293
70 119 118 32/591
71 119 119 144/895
71 119 118 47/851
72 119 119 71/432
72 119 118 9/160
73 119 119 77/458
73 119 118 11/192
74 119 119 6/35
74 119 118 25/429
75 119 119 125/714
75 119 118 15/253
76 119 119 18/101
76 119 118 58/963
77 119 119 181/996
77 119 118 59/964
78 119 119 162/877
78 119 118 52/837
79 119 119 19/101
79 119 118 62/983
80 119 119 173/906
80 119 118 11/172
81 119 119 101/520
81 119 118 12/185
82 119 119 127/645
82 119 118 60/913
83 119 119 1/5
83 119 118 66/991
84 119 119 173/854
84 119 118 65/964
85 119 119 175/851
85 119 118 48/703
86 119 119 99/476
86 119 118 40/579
87 119 119 131/621
87 119 118 23/329
88 119 119 211/990
88 119 118 69/976
89 119 119 197/912
89 119 118 71/993
90 119 119 167/766
90 119 118 67/927
91 119 119 157/711
91 119 118 16/219
92 119 119 169/759
92 119 118 24/325
93 119 119 197/874
93 119 118 52/697
94 119 119 213/938
94 119 118 23/305
95 119 119 71/309
95 119 118 23/302
96 119 119 207/895
96 119 118 70/909
97 119 119 62/265
97 119 118 65/836
98 119 119 4/17
98 119 118 69/877
99 119 119 144/605
99 119 118 61/768
100 119 119 211/882
100 119 118 73/907
101 119 119 189/781
101 119 118 13/160
102 119 119 229/942
102 119 118 43/521
103 119 119 77/313
103 119 118 1/12
104 119 119 230/931
104 119 118 64/753
105 119 119 250/999
105 119 118 79/920
106 119 119 143/569
106 119 118 73/828
107 119 119 13/51
107 119 118 88/987
108 119 119 111/433
108 119 118 84/907
109 119 119 214/821
109 119 118 50/533
110 119 119 166/631
110 119 118 85/854
111 119 119 191/711
111 119 118 47/465
112 119 119 176/643
112 119 118 39/349
113 119 119 265/941
113 119 118 85/746
114 119 119 209/709
114 119 118 29/211
115 119 119 179/582
115 119 118 97/688
116 119 119 312/947
116 119 118 104/947
117 119 119 300/673
117 119 118 35/88
118 119 119 461/988
118 119 118 297/680
119 119 119 324/551
119 119 118 25/306
