# UNIF(n=34,lo,hi): D_ren + dipoles; lines "lo hi level amplitude" for the corrected intervals
26 26 26 109/846
26 26 25 -19/521
27 27 27 3/28
27 27 26 -40/847
28 28 28 261/886
28 28 27 25/942
27 29 29 19/56
27 29 28 249/685
29 29 29 283/841
29 29 28 170/583
26 30 30 365/946
26 30 29 65/941
27 30 30 231/554
27 30 29 77/478
28 30 30 301/678
28 30 29 62/721
29 30 30 260/557
29 30 29 151/654
30 30 30 284/585
30 30 29 40/743
24 31 31 373/995
24 31 30 177/517
25 31 31 186/427
25 31 30 199/475
26 31 31 311/729
26 31 30 113/237
27 31 31 431/874
27 31 30 133/251
28 31 31 429/934
28 31 30 111/190
29 31 31 562/855
29 31 30 629/742
30 31 31 425/726
30 31 30 567/598
31 31 31 78/145
31 31 30 103/239
19 32 32 35/234
19 32 31 36/601
20 32 32 83/499
20 32 31 53/821
21 32 32 83/461
21 32 31 1/14
22 32 32 155/792
22 32 31 71/937
23 32 32 185/887
23 32 31 20/237
24 32 32 189/845
24 32 31 52/587
25 32 32 221/931
25 32 31 80/787
26 32 32 232/917
26 32 31 23/217
27 32 32 98/359
27 32 31 18/137
28 32 32 7/24
28 32 31 59/432
29 32 32 15/47
29 32 31 5/47
30 32 32 413/930
30 32 31 319/778
31 32 32 216/457
31 32 31 263/608
32 32 32 450/763
32 32 31 36/449
