# UNIF(n=131,lo,hi): D_ren + dipoles; lines "lo hi level amplitude" for the corrected intervals
111 111 111 3/46
111 111 110 -1/302
112 112 112 23/579
112 112 111 -3/395
113 113 113 49/589
113 113 112 2/685
114 114 114 84/883
114 114 113 66/821
115 115 115 68/659
115 115 114 9/986
116 116 116 109/942
116 116 115 99/943
117 117 117 79/625
117 117 116 12/775
116 118 118 19/167
116 118 117 27/271
118 118 118 37/270
118 118 117 85/667
117 119 119 58/843
117 119 118 -13/532
119 119 119 37/239
119 119 118 1/45
118 120 120 80/519
118 120 119 106/683
120 120 120 164/999
120 120 119 119/769
117 121 121 87/574
117 121 120 19/799
119 121 121 62/893
119 121 120 -37/973
121 121 121 24/125
121 121 120 22/739
116 122 122 100/579
116 122 121 86/453
118 122 122 83/437
118 122 121 173/817
120 122 122 157/767
120 122 121 116/519
121 122 122 178/843
121 122 121 297/835
122 122 122 41/204
122 122 121 88/463
117 123 123 144/713
117 123 122 32/697
119 123 123 67/306
119 123 122 49/961
120 123 123 77/340
120 123 122 63/571
121 123 123 7/30
121 123 122 27/539
122 123 123 63/263
122 123 122 81/607
123 123 123 47/595
123 123 122 -67/919
116 124 124 13/170
116 124 123 -7/367
117 124 124 15/268
117 124 123 -2/271
118 124 124 169/657
118 124 123 168/529
119 124 124 193/735
119 124 123 381/962
120 124 124 233/871
120 124 123 212/653
121 124 124 241/886
121 124 123 266/619
122 124 124 75/989
122 124 123 -35/563
123 124 124 23/972
123 124 123 -15/989
124 124 124 82/947
124 124 123 -10/121
113 125 125 90/341
113 125 124 9/131
114 125 125 256/941
114 125 124 85/916
115 125 125 273/976
115 125 124 67/864
116 125 125 274/955
116 125 124 30/283
117 125 125 254/865
117 125 124 39/464
118 125 125 299/997
118 125 124 57/478
119 125 125 273/893
119 125 124 58/663
120 125 125 228/733
120 125 124 121/906
121 125 125 248/785
121 125 124 12/139
122 125 125 115/359
122 125 124 109/721
123 125 125 203/626
123 125 124 34/441
124 125 125 255/778
124 125 124 77/433
125 125 125 216/653
125 125 124 1/20
110 126 126 23/66
110 126 125 435/943
111 126 126 41/116
111 126 125 51/104
112 126 126 322/899
112 126 125 343/717
113 126 126 169/466
113 126 125 164/321
114 126 126 51/139
114 126 125 343/696
115 126 126 283/763
115 126 125 514/969
116 126 126 139/371
116 126 125 121/240
117 126 126 357/944
117 126 125 499/908
118 126 126 362/949
118 126 125 241/471
119 126 126 223/580
119 126 125 382/671
120 126 126 359/927
120 126 125 241/469
121 126 126 375/962
121 126 125 29/49
122 126 126 209/533
122 126 125 34/67
123 126 126 149/378
123 126 125 28/45
124 126 126 99/250
124 126 125 354/731
125 126 126 248/635
125 126 125 393/595
126 126 126 109/857
126 126 125 -103/822
103 127 127 171/434
103 127 126 69/719
104 127 127 367/914
104 127 126 43/402
105 127 127 298/729
105 127 126 29/272
106 127 127 190/457
106 127 126 113/957
107 127 127 365/864
107 127 126 47/404
108 127 127 196/457
108 127 126 124/965
109 127 127 221/508
109 127 126 125/999
110 127 127 403/914
110 127 126 99/716
111 127 127 405/907
111 127 126 87/655
112 127 127 413/914
112 127 126 105/712
113 127 127 175/383
113 127 126 122/875
114 127 127 211/457
114 127 126 152/973
115 127 127 421/903
115 127 126 142/981
116 127 127 215/457
116 127 126 158/959
117 127 127 269/567
117 127 126 139/936
118 127 127 437/914
118 127 126 77/444
119 127 127 326/677
119 127 126 129/859
120 127 127 443/914
120 127 126 43/235
121 127 127 333/683
121 127 126 95/639
122 127 127 224/457
122 127 126 134/687
123 127 127 491/997
123 127 126 131/926
124 127 127 226/457
124 127 126 28/131
125 127 127 336/677
125 127 126 92/757
126 127 127 455/914
126 127 126 97/385
127 127 127 261/523
127 127 126 43/682
92 128 128 235/731
92 128 127 119/558
93 128 128 219/676
93 128 127 221/994
94 128 128 27/82
94 128 127 143/622
95 128 128 58/175
95 128 127 226/947
96 128 128 98/291
96 128 127 15/61
97 128 128 43/127
97 128 127 160/629
98 128 128 204/593
98 128 127 191/731
99 128 128 19/55
99 128 127 252/935
100 128 128 291/829
100 128 127 214/775
101 128 128 69/196
101 128 127 52/183
102 128 128 253/707
102 128 127 199/685
103 128 128 224/625
103 128 127 239/801
104 128 128 253/694
104 128 127 67/220
105 128 128 319/875
105 128 127 104/333
106 128 128 258/695
106 128 127 64/201
107 128 128 328/885
107 128 127 227/696
108 128 128 79/209
108 128 127 111/334
109 128 128 142/377
109 128 127 299/879
110 128 128 67/174
110 128 127 121/349
111 128 128 312/815
111 128 127 160/451
112 128 128 368/937
112 128 127 281/776
113 128 128 322/827
113 128 127 361/974
114 128 128 257/640
114 128 127 219/577
115 128 128 286/721
115 128 127 383/985
116 128 128 252/611
116 128 127 319/796
117 128 128 401/989
117 128 127 253/615
118 128 128 290/679
118 128 127 133/310
119 128 128 88/211
119 128 127 19/43
120 128 128 309/688
120 128 127 427/906
121 128 128 109/251
121 128 127 466/955
122 128 128 131/269
122 128 127 247/454
123 128 128 147/317
123 128 127 67/118
124 128 128 209/400
124 128 127 317/527
125 128 128 97/202
125 128 127 477/751
126 128 128 361/542
126 128 127 563/647
127 128 128 545/923
127 128 127 99/103
128 128 128 236/437
128 128 127 415/951
69 129 129 95/719
69 129 128 40/851
70 129 129 36/265
70 129 128 46/957
71 129 129 84/601
71 129 128 35/712
72 129 129 41/286
72 129 128 40/797
73 129 129 127/863
73 129 128 33/644
74 129 129 97/644
74 129 128 7/134
75 129 129 77/499
75 129 128 31/582
76 129 129 32/203
76 129 128 25/461
77 129 129 133/825
77 129 128 46/833
78 129 129 85/517
78 129 128 26/463
79 129 129 139/828
79 129 128 57/998
80 129 129 20/117
80 129 128 17/293
81 129 129 80/459
81 129 128 27/458
82 129 129 14/79
82 129 128 53/886
83 129 129 146/809
83 129 128 47/774
84 129 129 173/944
84 129 128 37/601
85 129 129 96/515
85 129 128 62/993
86 129 129 83/439
86 129 128 58/917
87 129 129 112/583
87 129 128 63/983
88 129 129 29/149
88 129 128 46/709
89 129 129 114/577
89 129 128 9/137
90 129 129 1/5
90 129 128 21/316
91 129 129 159/784
91 129 128 31/461
92 129 129 203/990
92 129 128 31/456
93 129 129 165/794
93 129 128 11/160
94 129 129 161/767
94 129 128 48/691
95 129 129 125/588
95 129 128 37/527
96 129 129 59/275
96 129 128 68/959
97 129 129 38/175
97 129 128 51/712
98 129 129 97/443
98 129 128 29/401
99 129 129 101/456
99 129 128 36/493
100 129 129 79/354
100 129 128 30/407
101 129 129 213/944
101 129 128 34/457
102 129 129 189/832
102 129 128 60/799
103 129 129 211/919
103 129 128 71/937
104 129 129 167/723
104 129 128 55/719
105 129 129 137/587
105 129 128 49/635
106 129 129 229/976
106 129 128 71/911
107 129 129 183/772
107 129 128 61/776
108 129 129 201/844
108 129 128 77/969
109 129 129 237/985
109 129 128 44/549
110 129 129 79/327
110 129 128 37/456
111 129 129 229/938
111 129 128 78/953
112 129 129 234/955
112 129 128 79/951
113 129 129 219/884
113 129 128 43/513
114 129 129 221/889
114 129 128 75/878
115 129 129 239/950
115 129 128 69/800
116 129 129 251/994
116 129 128 10/113
117 129 129 43/168
117 129 128 39/436
118 129 129 204/793
118 129 128 82/883
119 129 129 143/547
119 129 128 85/904
120 129 129 149/565
120 129 128 69/692
121 129 129 165/613
121 129 128 91/899
122 129 129 88/321
122 129 128 33/295
123 129 129 214/759
123 129 128 13/114
124 129 129 113/383
124 129 128 136/989
125 129 129 305/991
125 129 128 122/865
126 129 129 293/889
126 129 128 88/801
127 129 129 37/83
127 129 128 33/83
128 129 129 230/493
128 129 128 325/744
129 129 129 147/250
129 129 128 38/465
