# UNIF(n=54,lo,hi): D_ren + dipoles; lines "lo hi level amplitude" for the corrected intervals
43 43 43 86/653
43 43 42 46/493
44 44 44 16/105
44 44 43 2/411
45 45 45 76/411
45 45 44 73/460
46 46 46 14/145
46 46 45 -7/116
45 47 47 75/748
45 47 46 -17/897
47 47 47 87/929
47 47 46 -67/955
46 48 48 147/526
46 48 47 47/989
47 48 48 163/543
47 48 47 155/971
48 48 48 314/987
48 48 47 1/24
45 49 49 244/691
45 49 48 255/599
46 49 49 19/52
46 49 48 495/881
47 49 49 354/941
47 49 48 205/463
48 49 49 367/960
48 49 48 9/14
49 49 49 222/647
49 49 48 34/111
42 50 50 364/933
42 50 49 65/749
43 50 50 397/971
43 50 49 121/928
44 50 50 394/925
44 50 49 66/623
45 50 50 113/256
45 50 49 104/645
46 50 50 178/391
46 50 49 17/147
47 50 50 438/937
47 50 49 85/436
48 50 50 446/933
48 50 49 91/836
49 50 50 187/384
49 50 49 11/45
50 50 50 347/702
50 50 49 15/251
38 51 51 189/554
38 51 50 10/39
39 51 51 291/800
39 51 50 183/643
40 51 51 69/190
40 51 50 249/802
41 51 51 245/627
41 51 50 216/631
42 51 51 297/769
42 51 50 295/801
43 51 51 417/985
43 51 50 259/632
44 51 51 397/961
44 51 50 7/16
45 51 51 345/734
45 51 50 281/558
46 51 51 314/697
46 51 50 281/524
47 51 51 404/789
47 51 50 425/737
48 51 51 269/569
48 51 50 431/698
49 51 51 482/727
49 51 50 383/444
50 51 51 93/158
50 51 50 771/806
51 51 51 103/191
51 51 50 242/557
29 52 52 77/569
29 52 51 43/854
30 52 52 31/213
30 52 51 5/94
31 52 52 43/279
31 52 51 11/196
32 52 52 149/910
32 52 51 58/987
33 52 52 35/204
33 52 51 19/308
34 52 52 153/847
34 52 51 54/841
35 52 52 150/799
35 52 51 55/819
36 52 52 182/927
36 52 51 29/417
37 52 52 147/725
37 52 51 70/963
38 52 52 119/564
38 52 51 74/987
39 52 52 18/83
39 52 51 76/967
40 52 52 204/907
40 52 51 78/965
41 52 52 139/603
41 52 51 44/515
42 52 52 179/750
42 52 51 82/935
43 52 52 125/511
43 52 51 27/286
44 52 52 130/513
44 52 51 43/444
45 52 52 229/876
45 52 51 13/120
46 52 52 31/114
46 52 51 89/800
47 52 52 73/254
47 52 51 101/746
48 52 52 236/781
48 52 51 77/552
49 52 52 310/951
49 52 51 59/543
50 52 52 329/739
50 52 51 297/739
51 52 52 172/367
51 52 51 37/85
52 52 52 176/299
52 52 51 81/998
