# UNIF(n=195,lo,hi): D_ren + dipoles; lines "lo hi level amplitude" for the corrected intervals
168 168 168 16/529
168 168 167 -1/1000
169 169 169 49/981
169 169 168 -2/911
170 170 170 1/33
170 170 169 -1/203
171 171 171 47/777
171 171 170 1/665
172 172 172 29/942
172 172 171 -5/533
173 173 173 64/891
173 173 172 2/385
174 174 174 15/472
174 174 173 -14/999
175 175 175 83/984
175 175 174 8/895
176 176 176 53/574
176 176 175 32/379
175 177 177 57/800
175 177 176 0
177 177 177 88/893
177 177 176 9/703
176 178 178 69/808
176 178 177 71/995
178 178 178 62/585
178 178 177 71/715
177 179 179 81/865
177 179 178 5/584
179 179 179 22/191
179 179 178 6/355
178 180 180 5/46
178 180 179 18/175
180 180 180 89/731
180 180 179 90/779
177 181 181 92/917
177 181 180 10/947
179 181 181 89/748
179 181 180 14/787
181 181 181 128/945
181 181 180 19/888
178 182 182 119/979
178 182 181 29/237
180 182 182 11/81
180 182 181 24/173
182 182 182 101/714
182 182 181 81/599
177 183 183 11/92
177 183 182 9/476
179 183 183 121/894
179 183 182 25/999
181 183 183 30/557
181 183 182 -33/974
183 183 183 131/812
183 183 182 22/829
178 184 184 48/325
178 184 183 104/639
180 184 184 93/584
180 184 183 118/671
182 184 184 157/927
182 184 183 23/126
183 184 184 173/995
183 184 183 149/509
184 184 184 101/604
184 184 183 33/206
177 185 185 143/929
177 185 184 21/613
179 185 185 166/995
179 185 184 19/484
180 185 185 167/967
180 185 184 35/439
181 185 185 85/477
181 185 184 41/985
182 185 185 178/971
182 185 184 83/891
183 185 185 40/679
183 185 184 -3/67
184 185 185 15/944
184 185 184 -3/434
185 185 185 109/555
185 185 184 16/489
176 186 186 23/127
176 186 185 35/162
178 186 186 137/717
178 186 185 168/731
179 186 186 9/46
179 186 185 183/637
180 186 186 1/5
180 186 185 52/217
181 186 186 31/152
181 186 185 199/641
182 186 186 200/963
182 186 185 169/692
183 186 186 197/933
183 186 185 321/956
184 186 186 212/989
184 186 185 34/141
185 186 186 184/847
185 186 185 157/428
186 186 186 195/961
186 186 185 193/997
175 187 187 170/857
175 187 186 41/775
176 187 187 199/975
176 187 186 71/937
177 187 187 180/859
177 187 186 8/137
178 187 187 187/871
178 187 186 75/878
179 187 187 146/665
179 187 186 16/257
180 187 187 132/589
180 187 186 55/577
181 187 187 66/289
181 187 186 8/125
182 187 187 102/439
182 187 186 45/424
183 187 187 38/161
183 187 186 45/718
184 187 187 113/472
184 187 186 100/839
185 187 187 202/833
185 187 186 27/479
186 187 187 13/53
186 187 186 43/313
187 187 187 77/1000
187 187 186 -53/714
172 188 188 25/332
172 188 187 -2/253
173 188 188 29/440
173 188 187 -3/643
174 188 188 65/904
174 188 187 -15/907
175 188 188 59/964
175 188 187 -8/699
176 188 188 53/767
176 188 187 -15/608
177 188 188 3/53
177 188 187 -16/929
178 188 188 64/955
178 188 187 -31/956
179 188 188 47/905
179 188 187 -4/183
180 188 188 21/319
180 188 187 -1/25
181 188 188 41/873
181 188 187 -20/797
182 188 188 152/557
182 188 187 127/366
183 188 188 68/247
183 188 187 375/893
184 188 188 179/645
184 188 187 181/527
185 188 188 220/787
185 188 187 87/196
186 188 188 14/191
186 188 187 -65/968
187 188 188 11/498
187 188 187 -17/931
188 188 188 17/198
188 188 187 -75/892
169 189 189 13/49
169 189 188 57/766
170 189 189 259/957
170 189 188 83/956
171 189 189 91/330
171 189 188 38/469
172 189 189 151/538
172 189 188 16/169
173 189 189 119/417
173 189 188 33/380
174 189 189 289/997
174 189 188 75/734
175 189 189 293/996
175 189 188 19/207
176 189 189 235/788
176 189 188 22/201
177 189 189 274/907
177 189 188 47/491
178 189 189 133/435
178 189 188 110/943
179 189 189 269/870
179 189 188 25/254
180 189 189 299/957
180 189 188 118/951
181 189 189 153/485
181 189 188 81/814
182 189 189 275/864
182 189 188 107/809
183 189 189 43/134
183 189 188 39/397
184 189 189 290/897
184 189 188 97/682
185 189 189 180/553
185 189 188 73/784
186 189 189 317/968
186 189 188 5/32
187 189 189 323/981
187 189 188 62/769
188 189 189 44/133
188 189 188 9/50
189 189 189 289/870
189 189 188 49/961
162 190 190 337/987
162 190 189 128/283
163 190 190 148/429
163 190 189 446/955
164 190 190 277/795
164 190 189 332/713
165 190 190 70/199
165 190 189 379/788
166 190 190 82/231
166 190 189 413/864
167 190 190 352/983
167 190 189 339/686
168 190 190 360/997
168 190 189 484/989
169 190 190 289/794
169 190 189 38/75
170 190 190 245/668
170 190 189 499/999
171 190 190 191/517
171 190 189 14/27
172 190 190 295/793
172 190 189 200/393
173 190 190 173/462
173 190 189 489/923
174 190 190 26/69
174 190 189 413/799
175 190 190 246/649
175 190 189 173/320
176 190 190 247/648
176 190 189 345/659
177 190 190 269/702
177 190 189 436/791
178 190 190 305/792
178 190 189 389/736
179 190 190 65/168
179 190 189 427/760
180 190 190 293/754
180 190 189 447/841
181 190 190 286/733
181 190 189 537/937
182 190 190 197/503
182 190 189 411/773
183 190 190 90/229
183 190 189 126/215
184 190 190 289/733
184 190 189 325/616
185 190 190 138/349
185 190 189 554/919
186 190 190 67/169
186 190 189 307/595
187 190 190 91/229
187 190 189 604/961
188 190 190 221/555
188 190 189 107/219
189 190 190 251/641
189 190 189 53/80
190 190 190 60/473
190 190 189 -110/873
153 191 191 263/671
153 191 190 92/955
154 191 191 27/68
154 191 190 78/761
155 191 191 314/781
155 191 190 25/241
156 191 191 365/897
156 191 190 53/482
157 191 191 219/532
157 191 190 101/912
158 191 191 87/209
158 191 190 24/205
159 191 191 77/183
159 191 190 25/213
160 191 191 389/915
160 191 190 94/759
161 191 191 377/878
161 191 190 11/89
162 191 191 414/955
162 191 190 114/875
163 191 191 7/16
163 191 190 128/989
164 191 191 305/691
164 191 190 136/997
165 191 191 353/793
165 191 190 12/89
166 191 191 403/898
166 191 190 31/218
167 191 191 346/765
167 191 190 46/329
168 191 191 257/564
168 191 190 135/914
169 191 191 95/207
169 191 190 124/859
170 191 191 396/857
170 191 190 141/922
171 191 191 453/974
171 191 190 61/411
172 191 191 402/859
172 191 190 3/19
173 191 191 330/701
173 191 190 81/533
174 191 191 89/188
174 191 190 48/295
175 191 191 346/727
175 191 190 130/839
176 191 191 309/646
176 191 190 116/693
177 191 191 285/593
177 191 190 103/655
178 191 191 14/29
178 191 190 122/709
179 191 191 271/559
179 191 190 10/63
180 191 191 183/376
180 191 190 103/582
181 191 191 297/608
181 191 190 7/44
182 191 191 423/863
182 191 190 177/970
183 191 191 355/722
183 191 190 101/640
184 191 191 143/290
184 191 190 163/861
185 191 191 353/714
185 191 190 2/13
186 191 191 447/902
186 191 190 136/683
187 191 191 220/443
187 191 190 12/83
188 191 191 101/203
188 191 190 27/125
189 191 191 150/301
189 191 190 103/837
190 191 191 253/507
190 191 190 133/526
191 191 191 499/999
191 191 190 21/331
137 192 192 155/486
137 192 191 190/909
138 192 192 276/857
138 192 191 127/593
139 192 192 172/531
139 192 191 64/291
140 192 192 224/685
140 192 191 197/876
141 192 192 191/581
141 192 191 198/859
142 192 192 145/437
142 192 191 4/17
143 192 192 1/3
143 192 191 13/54
144 192 192 251/746
144 192 191 144/587
145 192 192 49/145
145 192 191 193/770
146 192 192 134/393
146 192 191 253/992
147 192 192 242/707
147 192 191 197/757
148 192 192 259/750
148 192 191 119/450
149 192 192 114/329
149 192 191 252/935
150 192 192 280/801
150 192 191 61/223
151 192 192 61/174
151 192 191 171/614
152 192 192 29/82
152 192 191 24/85
153 192 192 240/677
153 192 191 83/289
154 192 192 152/425
154 192 191 153/526
155 192 192 287/801
155 192 191 115/389
156 192 192 295/816
156 192 191 35/117
157 192 192 198/547
157 192 191 199/655
158 192 192 80/219
158 192 191 278/905
159 192 192 140/383
159 192 191 275/882
160 192 192 369/1000
160 192 191 281/892
161 192 192 238/645
161 192 191 31/97
162 192 192 357/958
162 192 191 314/973
163 192 192 124/333
163 192 191 18/55
164 192 192 330/877
164 192 191 182/551
165 192 192 68/181
165 192 191 72/215
166 192 192 269/708
166 192 191 321/950
167 192 192 285/752
167 192 191 335/978
168 192 192 287/748
168 192 191 310/897
169 192 192 255/667
169 192 191 295/842
170 192 192 169/436
170 192 191 233/659
171 192 192 373/967
171 192 191 166/463
172 192 192 125/319
172 192 191 353/975
173 192 192 197/506
173 192 191 353/961
174 192 192 163/411
174 192 191 367/988
175 192 192 269/684
175 192 191 367/973
176 192 192 372/925
176 192 191 372/973
177 192 192 290/729
177 192 191 311/800
178 192 192 9/22
178 192 191 55/139
179 192 192 267/662
179 192 191 129/320
180 192 192 412/985
180 192 191 81/196
181 192 192 39/95
181 192 191 315/746
182 192 192 406/941
182 192 191 345/787
183 192 192 223/530
183 192 191 439/976
184 192 192 265/586
184 192 191 433/906
185 192 192 349/799
185 192 191 112/227
186 192 192 245/501
186 192 191 538/981
187 192 192 114/245
187 192 191 345/604
188 192 192 441/842
188 192 191 287/475
189 192 192 318/661
189 192 191 574/901
190 192 192 665/998
190 192 191 661/759
191 192 192 573/970
191 192 191 477/496
192 192 192 491/909
192 192 191 365/836
103 193 193 103/777
103 193 192 46/981
104 193 193 129/955
104 193 192 1/21
105 193 193 118/857
105 193 192 36/745
106 193 193 37/264
106 193 192 5/102
107 193 193 136/953
107 193 192 9/181
108 193 193 46/317
108 193 192 25/496
109 193 193 102/691
109 193 192 51/998
110 193 193 148/987
110 193 192 25/483
111 193 193 57/374
111 193 192 29/553
112 193 193 127/821
112 193 192 49/923
113 193 193 41/261
113 193 192 53/986
114 193 193 65/408
114 193 192 49/901
115 193 193 113/699
115 193 192 53/963
116 193 193 125/763
116 193 192 32/575
117 193 193 152/915
117 193 192 47/835
118 193 193 18/107
118 193 192 45/791
119 193 193 127/745
119 193 192 49/852
120 193 193 172/997
120 193 192 47/809
121 193 193 105/601
121 193 192 29/494
122 193 193 138/781
122 193 192 31/523
123 193 193 169/945
123 193 192 27/451
124 193 193 109/603
124 193 192 20/331
125 193 193 177/968
125 193 192 28/459
126 193 193 162/877
126 193 192 4/65
127 193 193 110/589
127 193 192 59/950
128 193 193 155/822
128 193 192 59/942
129 193 193 113/593
129 193 192 52/823
130 193 193 5/26
130 193 192 10/157
131 193 193 27/139
131 193 192 44/685
132 193 193 125/638
132 193 192 20/309
133 193 193 127/642
133 193 192 40/613
134 193 193 71/356
134 193 192 61/928
135 193 193 94/467
135 193 192 21/317
136 193 193 157/774
136 193 192 66/989
137 193 193 185/904
137 193 192 41/610
138 193 193 47/228
138 193 192 59/872
139 193 193 179/861
139 193 192 49/719
140 193 193 184/879
140 193 192 50/729
141 193 193 172/815
141 193 192 48/695
142 193 193 202/951
142 193 192 64/921
143 193 193 149/696
143 193 192 44/629
144 193 193 14/65
144 193 192 52/739
145 193 193 199/917
145 193 192 58/819
146 193 193 122/559
146 193 192 24/337
147 193 193 82/373
147 193 192 67/935
148 193 193 101/457
148 193 192 58/805
149 193 193 217/975
149 193 192 64/883
150 193 193 155/693
150 193 192 40/549
151 193 193 211/937
151 193 192 48/655
152 193 193 88/389
152 193 192 26/353
153 193 193 189/830
153 193 192 2/27
154 193 193 126/551
154 193 192 23/309
155 193 193 197/856
155 193 192 58/775
156 193 193 204/883
156 193 192 47/625
157 193 193 199/856
157 193 192 22/291
158 193 193 199/853
158 193 192 73/961
159 193 193 169/720
159 193 192 31/406
160 193 193 158/671
160 193 192 29/378
161 193 193 140/591
161 193 192 31/402
162 193 193 148/623
162 193 192 53/684
163 193 193 103/431
163 193 192 69/886
164 193 193 224/935
164 193 192 76/971
165 193 193 221/917
165 193 192 59/750
166 193 193 57/236
166 193 192 76/961
167 193 193 225/926
167 193 192 50/629
168 193 193 37/152
168 193 192 67/838
169 193 193 157/641
169 193 192 61/759
170 193 193 235/958
170 193 192 36/445
171 193 193 79/320
171 193 192 17/209
172 193 193 219/886
172 193 192 5/61
173 193 193 219/880
173 193 192 23/279
174 193 193 70/281
174 193 192 67/805
175 193 193 131/522
175 193 192 17/203
176 193 193 213/848
176 193 192 44/519
177 193 193 136/537
177 193 192 81/949
178 193 193 18/71
178 193 192 67/772
179 193 193 248/969
179 193 192 83/949
180 193 193 212/827
180 193 192 6/67
181 193 193 258/995
181 193 192 77/852
182 193 193 212/815
182 193 192 65/694
183 193 193 195/739
183 193 192 84/887
184 193 193 257/967
184 193 192 36/359
185 193 193 211/779
185 193 192 6/59
186 193 193 27/98
186 193 192 11/98
187 193 193 272/961
187 193 192 67/586
188 193 193 50/169
188 193 192 123/893
189 193 193 181/587
189 193 192 110/779
190 193 193 229/694
190 193 192 109/991
191 193 193 424/951
191 193 192 276/695
192 193 193 422/905
192 193 192 170/389
193 193 193 224/381
193 193 192 53/648
