# UNIF(n=85,lo,hi): D_ren + dipoles; lines "lo hi level amplitude" for the corrected intervals
70 70 70 54/583
70 70 69 41/634
71 71 71 23/222
71 71 70 0
72 72 72 71/571
72 72 71 91/865
73 73 73 31/224
73 73 72 7/620
74 74 74 33/211
74 74 73 131/929
73 75 75 83/864
73 75 74 -4/189
75 75 75 91/503
75 75 74 10/449
74 76 76 35/194
74 76 75 68/379
76 76 76 129/658
76 76 75 133/734
73 77 77 161/915
73 77 76 21/988
75 77 77 160/761
75 77 76 27/791
77 77 77 9/107
77 77 76 -19/273
74 78 78 228/941
74 78 77 153/551
76 78 78 23/280
76 78 77 -11/222
77 78 78 25/906
77 78 77 -5/684
78 78 78 74/837
78 78 77 -44/557
73 79 79 249/931
73 79 78 11/183
74 79 79 181/646
74 79 78 104/933
75 79 79 253/867
75 79 78 61/883
76 79 79 13/43
76 79 78 13/94
77 79 79 77/247
77 79 78 28/411
78 79 79 281/878
78 79 78 56/325
79 79 79 197/602
79 79 78 44/927
70 80 80 236/695
70 80 79 126/289
71 80 80 119/342
71 80 79 241/491
72 80 80 349/981
72 80 79 157/340
73 80 80 102/281
73 80 79 249/472
74 80 80 319/863
74 80 79 341/711
75 80 80 198/527
75 80 79 346/613
76 80 80 215/564
76 80 79 230/473
77 80 80 217/562
77 80 79 572/943
78 80 80 221/566
78 80 79 277/585
79 80 80 45/116
79 80 79 78/119
80 80 80 37/289
80 80 79 -116/939
67 81 81 375/944
67 81 80 36/383
68 81 81 349/854
68 81 80 87/751
69 81 81 367/875
69 81 80 61/559
70 81 81 253/589
70 81 80 33/247
71 81 81 439/1000
71 81 80 57/469
72 81 81 429/958
72 81 80 109/725
73 81 81 409/897
73 81 80 106/811
74 81 81 222/479
74 81 80 166/995
75 81 81 404/859
75 81 80 98/723
76 81 81 416/873
76 81 80 118/639
77 81 81 309/641
77 81 80 88/659
78 81 81 56/115
78 81 80 167/803
79 81 81 251/511
79 81 80 2/17
80 81 81 237/479
80 81 80 173/693
81 81 81 109/219
81 81 80 59/951
60 82 82 199/604
60 82 81 172/747
61 82 82 95/286
61 82 81 97/396
62 82 82 61/178
62 82 81 33/128
63 82 82 322/935
63 82 81 105/386
64 82 82 191/537
64 82 81 39/137
65 82 82 296/831
65 82 81 289/968
66 82 82 243/659
66 82 81 128/411
67 82 82 302/821
67 82 81 307/944
68 82 82 239/625
68 82 81 157/463
69 82 82 251/661
69 82 81 143/405
70 82 82 394/991
70 82 81 263/712
71 82 82 137/349
71 82 81 121/315
72 82 82 369/887
72 82 81 376/927
73 82 82 64/157
73 82 81 165/391
74 82 82 154/349
74 82 81 281/618
75 82 82 80/187
75 82 81 425/896
76 82 82 437/907
76 82 81 169/317
77 82 82 382/831
77 82 81 217/388
78 82 82 390/751
78 82 81 477/802
79 82 82 249/521
79 82 81 162/257
80 82 82 151/227
80 82 81 33/38
81 82 82 371/629
81 82 81 836/871
82 82 82 536/993
82 82 81 146/335
45 83 83 83/618
45 83 82 23/477
46 83 83 41/293
46 83 82 47/942
47 83 83 20/137
47 83 82 18/349
48 83 83 87/575
48 83 82 51/959
49 83 83 63/401
49 83 82 4/73
50 83 83 160/987
50 83 82 4/71
51 83 83 28/167
51 83 82 29/501
52 83 83 91/528
52 83 82 51/859
53 83 83 35/197
53 83 82 53/871
54 83 83 152/835
54 83 82 55/883
55 83 83 93/497
55 83 82 63/989
56 83 83 13/68
56 83 82 36/553
57 83 83 149/760
57 83 82 62/933
58 83 83 192/961
58 83 82 66/973
59 83 83 64/313
59 83 82 43/622
60 83 83 100/481
60 83 82 11/156
61 83 83 154/725
61 83 82 61/850
62 83 83 136/631
62 83 82 3/41
63 83 83 53/241
63 83 82 34/457
64 83 83 143/642
64 83 82 63/830
65 83 83 225/991
65 83 82 67/869
66 83 83 197/858
66 83 82 13/165
67 83 83 69/295
67 83 82 79/988
68 83 83 159/673
68 83 82 51/622
69 83 83 148/615
69 83 82 59/709
70 83 83 103/424
70 83 82 63/734
71 83 83 103/416
71 83 82 44/505
72 83 83 1/4
72 83 82 1/11
73 83 83 253/991
73 83 82 89/964
74 83 83 98/379
74 83 82 40/407
75 83 83 71/268
75 83 82 1/10
76 83 83 49/181
76 83 82 62/559
77 83 83 179/641
77 83 82 110/971
78 83 83 167/570
78 83 82 119/869
79 83 83 49/160
79 83 82 9/64
80 83 83 116/353
80 83 82 85/776
81 83 83 377/846
81 83 82 254/637
82 83 83 341/730
82 83 82 257/589
83 83 83 587/998
83 83 82 72/883
