# UNIF(n=176,lo,hi): D_ren + dipoles; lines "lo hi level amplitude" for the corrected intervals
151 151 151 32/981
151 151 150 -1/689
152 152 152 54/977
152 152 151 -1/688
153 153 153 29/886
153 153 152 -1/155
154 154 154 67/993
154 154 153 1/368
155 155 155 18/539
155 155 154 -11/950
156 156 156 21/260
156 156 155 1/145
157 157 157 16/179
157 157 156 3/38
158 158 158 73/763
158 158 157 11/986
159 159 159 67/640
159 159 158 95/982
158 160 160 71/821
158 160 159 3/676
160 160 160 103/912
160 160 159 15/961
159 161 161 47/456
159 161 160 77/835
161 161 161 82/679
161 161 160 46/405
160 162 162 26/229
160 162 161 11/752
162 162 162 21/157
162 162 161 1/49
159 163 163 91/797
159 163 162 101/933
161 163 163 32/243
161 163 162 123/940
163 163 163 19/135
163 163 162 59/441
160 164 164 5/39
160 164 163 1/48
162 164 164 24/425
162 164 163 -29/908
164 164 164 57/356
164 164 163 18/697
159 165 165 115/822
159 165 164 111/752
161 165 165 47/305
161 165 164 100/603
163 165 165 166/997
163 165 164 174/983
164 165 165 101/587
164 165 164 225/778
165 165 165 1/6
165 165 164 149/936
160 166 166 93/584
160 166 165 17/489
162 166 166 163/941
162 166 165 7/181
163 166 166 177/986
163 166 165 1/11
164 166 166 13/214
164 166 165 -41/945
165 166 166 11/645
165 166 165 -6/995
166 166 166 168/859
166 166 165 32/993
159 167 167 39/212
159 167 166 212/983
161 167 167 121/621
161 167 166 14/61
162 167 167 180/901
162 167 166 281/930
163 167 167 131/641
163 167 166 235/989
164 167 167 121/580
164 167 166 298/901
165 167 167 173/814
165 167 166 62/261
166 167 167 51/236
166 167 166 144/395
167 167 167 140/691
167 167 166 131/679
158 168 168 128/639
158 168 167 43/814
159 168 168 137/663
159 168 167 80/993
160 168 168 27/127
160 168 167 9/155
161 168 168 211/967
161 168 167 59/643
162 168 168 204/913
162 168 167 49/803
163 168 168 129/565
163 168 167 14/135
164 168 168 78/335
164 168 167 50/823
165 168 168 214/903
165 168 167 81/688
166 168 168 98/407
166 168 167 14/253
167 168 168 169/692
167 168 167 118/863
168 168 168 15/194
168 168 167 -71/960
155 169 169 61/795
155 169 168 -5/573
156 169 169 39/595
156 169 168 -1/226
157 169 169 64/877
157 169 168 -3/163
158 169 169 41/683
158 169 168 -10/857
159 169 169 68/971
159 169 168 -10/363
160 169 169 52/953
160 169 168 -17/965
161 169 169 16/235
161 169 168 -35/963
162 169 169 13/266
162 169 168 -16/727
163 169 169 240/889
163 169 168 164/481
164 169 169 125/458
164 169 168 232/559
165 169 169 223/809
165 169 168 217/639
166 169 169 173/622
166 169 168 127/288
167 169 169 46/623
167 169 168 -23/347
168 169 169 5/223
168 169 168 -7/395
169 169 169 83/965
169 169 168 -14/167
152 170 170 255/971
152 170 169 39/535
153 170 170 18/67
153 170 169 67/768
154 170 170 250/911
154 170 169 43/537
155 170 170 194/693
155 170 169 17/177
156 170 170 160/561
156 170 169 86/997
157 170 170 83/286
157 170 169 86/823
158 170 170 269/912
158 170 169 41/449
159 170 170 109/364
159 170 169 38/337
160 170 170 140/461
160 170 169 82/863
161 170 170 4/13
161 170 169 47/388
162 170 170 175/562
162 170 169 74/763
163 170 170 159/505
163 170 169 19/146
164 170 170 118/371
164 170 169 96/995
165 170 170 165/514
165 170 169 128/909
166 170 170 213/658
166 170 169 61/663
167 170 170 121/371
167 170 169 122/785
168 170 170 328/999
168 170 169 67/837
169 170 170 143/433
169 170 169 30/167
170 170 170 235/708
170 170 169 43/846
147 171 171 283/821
147 171 170 443/973
148 171 171 283/812
148 171 170 263/556
149 171 171 311/883
149 171 170 295/628
150 171 171 349/981
150 171 170 276/565
151 171 171 315/877
151 171 170 99/205
152 171 171 253/698
152 171 170 406/807
153 171 171 336/919
153 171 170 379/766
154 171 171 275/746
154 171 170 107/207
155 171 171 253/681
155 171 170 389/770
156 171 171 253/676
156 171 170 97/183
157 171 171 176/467
157 171 170 55/107
158 171 171 294/775
158 171 170 451/831
159 171 171 292/765
159 171 170 471/904
160 171 171 210/547
160 171 170 191/344
161 171 171 259/671
161 171 170 296/563
162 171 171 45/116
162 171 170 396/697
163 171 171 76/195
163 171 170 499/946
164 171 171 146/373
164 171 170 60/103
165 171 171 134/341
165 171 170 223/425
166 171 171 28/71
166 171 170 233/388
167 171 171 345/872
167 171 170 399/776
168 171 171 148/373
168 171 170 609/971
169 171 171 72/181
169 171 170 376/771
170 171 171 146/373
170 171 170 439/663
171 171 171 333/959
171 171 170 292/927
138 172 172 92/235
138 172 171 84/859
139 172 172 56/141
139 172 171 35/334
140 172 172 391/971
140 172 171 46/435
141 172 172 71/174
141 172 171 93/824
142 172 172 81/196
142 172 171 65/574
143 172 172 251/600
143 172 171 118/979
144 172 172 284/671
144 172 171 19/158
145 172 172 327/764
145 172 171 57/446
146 172 172 61/141
146 172 171 71/560
147 172 172 66/151
147 172 171 73/542
148 172 172 177/401
148 172 171 121/911
149 172 172 401/900
149 172 171 134/949
150 172 172 361/803
150 172 171 131/947
151 172 172 73/161
151 172 171 14/95
152 172 172 453/991
152 172 171 139/970
153 172 172 41/89
153 172 171 150/979
154 172 172 407/877
154 172 171 35/237
155 172 172 422/903
155 172 171 64/403
156 172 172 358/761
156 172 171 139/918
157 172 172 329/695
157 172 171 78/475
158 172 172 10/21
158 172 171 149/965
159 172 172 147/307
159 172 171 108/637
160 172 172 335/696
160 172 171 100/639
161 172 172 459/949
161 172 171 171/977
162 172 172 481/990
162 172 171 150/953
163 172 172 121/248
163 172 171 21/116
164 172 172 24/49
164 172 171 57/364
165 172 172 29/59
165 172 171 161/855
166 172 172 215/436
166 172 171 125/817
167 172 172 318/643
167 172 171 26/131
168 172 172 298/601
168 172 171 67/465
169 172 172 493/992
169 172 171 91/422
170 172 172 122/245
170 172 171 7/57
171 172 172 206/413
171 172 171 70/277
172 172 172 472/945
172 172 171 9/142
124 173 173 216/671
124 173 172 4/19
125 173 173 41/126
125 173 172 197/911
126 173 173 307/938
126 173 172 202/907
127 173 173 299/904
127 173 172 144/631
128 173 173 263/791
128 173 172 121/516
129 173 173 43/128
129 173 172 41/171
130 173 173 27/80
130 173 172 179/728
131 173 173 179/525
131 173 172 68/271
132 173 173 38/111
132 173 172 28/109
133 173 173 342/989
133 173 172 151/577
134 173 173 110/317
134 173 172 107/400
135 173 173 245/699
135 173 172 237/871
136 173 173 316/899
136 173 172 5/18
137 173 173 158/445
137 173 172 193/684
138 173 173 195/548
138 173 172 269/935
139 173 173 307/854
139 173 172 256/877
140 173 173 355/986
140 173 172 245/824
141 173 173 203/558
141 173 172 289/959
142 173 173 296/813
142 173 172 142/463
143 173 173 99/269
143 173 172 241/776
144 173 173 244/663
144 173 172 289/915
145 173 173 150/403
145 173 172 318/995
146 173 173 312/839
146 173 172 166/511
147 173 173 376/999
147 173 172 319/971
148 173 173 352/937
148 173 172 236/707
149 173 173 365/959
149 173 172 190/563
150 173 173 96/253
150 173 172 337/983
151 173 173 251/652
151 173 172 87/251
152 173 173 133/347
152 173 172 306/869
153 173 173 30/77
153 173 172 317/890
154 173 173 67/173
154 173 172 59/163
155 173 173 15/38
155 173 172 217/592
156 173 173 121/309
156 173 172 249/668
157 173 173 373/931
157 173 172 199/526
158 173 173 379/956
158 173 172 161/418
159 173 173 228/559
159 173 172 387/986
160 173 173 286/711
160 173 172 263/657
161 173 173 366/877
161 173 172 373/908
162 173 173 211/515
162 173 172 163/388
163 173 173 367/852
163 173 172 337/772
164 173 173 371/883
164 173 172 329/734
165 173 173 276/611
165 173 172 214/449
166 173 173 343/786
166 173 172 481/977
167 173 173 389/796
167 173 172 190/347
168 173 173 326/701
168 173 172 538/943
169 173 173 289/552
169 173 172 131/217
170 173 173 366/761
170 173 172 524/823
171 173 173 651/977
171 173 172 431/495
172 173 173 241/408
172 173 172 576/599
173 173 173 471/872
173 173 172 117/268
93 174 174 60/457
93 174 173 43/923
94 174 174 127/946
94 174 173 43/907
95 174 174 131/956
95 174 173 4/83
96 174 174 109/779
96 174 173 22/449
97 174 174 89/624
97 174 173 21/422
98 174 174 8/55
98 174 173 23/455
99 174 174 93/628
99 174 173 2/39
100 174 174 62/411
100 174 173 24/461
101 174 174 27/176
101 174 173 35/663
102 174 174 69/442
102 174 173 28/523
103 174 174 131/826
103 174 173 23/424
104 174 174 84/521
104 174 173 37/673
105 174 174 9/55
105 174 173 28/503
106 174 174 121/728
106 174 173 19/337
107 174 174 164/973
107 174 173 53/929
108 174 174 13/76
108 174 173 41/710
109 174 174 139/802
109 174 173 8/137
110 174 174 29/165
110 174 173 55/931
111 174 174 92/517
111 174 173 4/67
112 174 174 11/61
112 174 173 23/381
113 174 174 106/581
113 174 173 58/951
114 174 174 97/525
114 174 173 53/860
115 174 174 167/894
115 174 173 14/225
116 174 174 159/841
116 174 173 45/716
117 174 174 183/958
117 174 173 47/741
118 174 174 57/295
118 174 173 13/203
119 174 174 191/979
119 174 173 52/805
120 174 174 43/218
120 174 173 56/859
121 174 174 42/211
121 174 173 47/715
122 174 174 106/527
122 174 173 25/377
123 174 174 99/488
123 174 173 26/389
124 174 174 159/776
124 174 173 55/816
125 174 174 183/886
125 174 173 40/589
126 174 174 93/446
126 174 173 28/409
127 174 174 204/971
127 174 173 2/29
128 174 174 60/283
128 174 173 23/331
129 174 174 98/459
129 174 173 41/586
130 174 174 14/65
130 174 173 16/227
131 174 174 204/941
131 174 173 53/747
132 174 174 148/677
132 174 173 1/14
133 174 174 75/341
133 174 173 32/445
134 174 174 49/221
134 174 173 53/732
135 174 174 200/897
135 174 173 11/151
136 174 174 211/939
136 174 173 11/150
137 174 174 117/518
137 174 173 70/949
138 174 174 104/457
138 174 173 66/889
139 174 174 174/761
139 174 173 51/683
140 174 174 199/864
140 174 173 42/559
141 174 174 164/709
141 174 173 47/622
142 174 174 147/631
142 174 173 13/171
143 174 174 221/945
143 174 173 38/497
144 174 174 199/845
144 174 173 1/13
145 174 174 82/347
145 174 173 27/349
146 174 174 79/332
146 174 173 67/861
147 174 174 79/331
147 174 173 22/281
148 174 174 149/620
148 174 173 63/800
149 174 174 233/967
149 174 173 73/921
150 174 174 173/713
150 174 173 24/301
151 174 174 205/843
151 174 173 31/386
152 174 174 205/837
152 174 173 61/755
153 174 174 93/379
153 174 173 62/761
154 174 174 89/360
154 174 173 81/988
155 174 174 26/105
155 174 173 40/483
156 174 174 157/629
156 174 173 1/12
157 174 174 1/4
157 174 173 70/829
158 174 174 175/694
158 174 173 33/388
159 174 174 224/887
159 174 173 77/890
160 174 174 151/592
160 174 173 43/493
161 174 174 183/716
161 174 173 26/291
162 174 174 15/58
162 174 173 80/887
163 174 174 197/759
163 174 173 59/631
164 174 174 123/467
164 174 173 47/497
165 174 174 203/765
165 174 173 60/599
166 174 174 145/536
166 174 173 89/876
167 174 174 199/723
167 174 173 106/945
168 174 174 209/739
168 174 173 4/35
169 174 174 55/186
169 174 173 80/581
170 174 174 266/863
170 174 173 12/85
171 174 174 32/97
171 174 173 32/291
172 174 174 107/240
172 174 173 371/934
173 174 174 381/817
173 174 173 267/611
174 174 174 117/199
174 174 173 79/966
