# UNIF(n=252,lo,hi): D_ren + dipoles; lines "lo hi level amplitude" for the corrected intervals
220 220 220 20/529
220 220 219 -2/647
221 221 221 25/588
221 221 220 16/589
222 222 222 39/866
222 222 221 0
223 223 223 1/39
223 223 222 -5/978
224 224 224 1/19
224 224 223 2/931
225 225 225 16/615
225 225 224 -8/969
226 226 226 56/921
226 226 225 3/629
227 227 227 13/487
227 227 226 -6/521
228 228 228 65/933
228 228 227 3/404
229 229 229 24/865
229 229 228 -10/669
230 230 230 19/239
230 230 229 5/492
229 231 231 29/814
229 231 230 -1/454
231 231 231 6/205
231 231 230 -14/751
230 232 232 21/298
230 232 231 1/248
232 232 232 30/331
232 232 231 4/307
231 233 233 27/754
231 233 232 -4/473
233 233 233 18/187
233 233 232 40/439
232 234 234 24/275
232 234 233 9/877
234 234 234 49/473
234 234 233 10/621
231 235 235 16/393
231 235 234 -1/466
233 235 235 6/61
233 235 234 92/981
235 235 235 39/359
235 235 234 87/838
232 236 236 89/969
232 236 235 11/940
234 236 236 97/913
234 236 235 16/949
236 236 236 71/596
236 236 235 7/359
233 237 237 38/927
233 237 236 -6/557
235 237 237 44/371
235 237 236 64/533
237 237 237 101/816
237 237 236 72/605
232 238 238 70/667
232 238 237 3/172
234 238 238 91/775
234 238 237 20/913
236 238 238 121/941
236 238 237 23/952
238 238 238 58/419
238 238 237 14/599
233 239 239 1/8
233 239 238 133/991
235 239 239 30/223
235 239 238 100/689
237 239 239 103/720
237 239 238 73/482
238 239 239 31/211
238 239 238 224/907
239 239 239 143/1000
239 239 238 35/254
232 240 240 103/805
232 240 239 25/898
234 240 240 59/426
234 240 239 11/348
236 240 240 129/872
236 240 239 8/239
237 240 240 109/716
237 240 239 49/617
238 240 240 31/634
238 240 239 -16/433
239 240 240 4/25
239 240 239 89/968
240 240 240 111/679
240 240 239 27/965
231 241 241 126/869
231 241 240 166/997
233 241 241 55/358
233 241 240 155/869
235 241 241 133/824
235 241 240 90/481
236 241 241 146/885
236 241 240 53/210
237 241 241 17/101
237 241 240 43/224
238 241 241 167/974
238 241 240 211/771
239 241 241 117/671
239 241 240 67/350
240 241 241 105/593
240 241 240 168/563
241 241 241 89/529
241 241 240 75/463
230 242 242 52/337
230 242 241 3/76
232 242 242 125/763
232 242 241 41/936
233 242 242 124/737
233 242 241 69/988
234 242 242 169/980
234 242 241 3/64
235 242 242 175/992
235 242 241 43/550
236 242 242 69/383
236 242 241 16/331
237 242 242 9/49
237 242 241 77/883
238 242 242 152/813
238 242 241 1/21
239 242 242 179/942
239 242 241 73/747
240 242 242 45/812
240 242 241 -41/873
241 242 242 13/951
241 242 241 -7/843
242 242 242 147/743
242 242 241 3/89
229 243 243 79/430
229 243 242 7/31
231 243 243 17/89
231 243 242 158/667
232 243 243 125/643
232 243 242 184/669
233 243 243 167/845
233 243 242 239/972
234 243 243 173/862
234 243 242 84/289
235 243 243 34/167
235 243 242 26/103
236 243 243 137/664
236 243 242 275/897
237 243 243 202/967
237 243 242 11/43
238 243 243 116/549
238 243 242 258/797
239 243 243 161/754
239 243 242 187/734
240 243 243 47/218
240 243 242 175/509
241 243 243 169/777
241 243 242 216/875
242 243 243 139/634
242 243 242 203/548
243 243 243 80/393
243 243 242 37/190
226 244 244 83/426
226 244 243 25/456
228 244 244 157/771
228 244 243 26/435
229 244 244 107/515
229 244 243 22/291
230 244 244 65/307
230 244 243 27/422
231 244 244 214/993
231 244 243 62/755
232 244 244 149/680
232 244 243 13/193
233 244 244 152/683
233 244 243 7/79
234 244 244 7/31
234 244 243 32/459
235 244 244 84/367
235 244 243 67/703
236 244 244 35/151
236 244 243 70/989
237 244 244 53/226
237 244 243 4/39
238 244 244 55/232
238 244 243 29/414
239 244 244 17/71
239 244 243 1/9
240 244 244 159/658
240 244 243 56/841
241 244 244 125/513
241 244 243 59/483
242 244 244 219/892
242 244 243 29/496
243 244 244 241/975
243 244 243 81/584
244 244 244 75/983
244 244 243 -71/951
223 245 245 32/433
223 245 244 -3/371
224 245 245 55/812
224 245 244 -1/152
225 245 245 14/197
225 245 244 -7/486
226 245 245 47/731
226 245 244 -9/752
227 245 245 22/321
227 245 244 -14/687
228 245 245 58/951
228 245 244 -5/297
229 245 245 55/829
229 245 244 -22/845
230 245 245 42/727
230 245 244 -10/473
231 245 245 63/976
231 245 244 -27/859
232 245 245 41/751
232 245 244 -11/443
233 245 245 17/269
233 245 244 -23/628
234 245 245 49/954
234 245 244 -21/755
235 245 245 48/769
235 245 244 -27/647
236 245 245 36/751
236 245 244 -18/601
237 245 245 38/609
237 245 244 -43/916
238 245 245 33/749
238 245 244 -25/807
239 245 245 233/838
239 245 244 210/589
240 245 245 109/390
240 245 244 343/802
241 245 245 221/787
241 245 244 273/781
242 245 245 262/929
242 245 244 396/883
243 245 245 54/745
243 245 244 -58/843
244 245 245 3/139
244 245 244 -19/985
245 245 245 53/619
245 245 244 -23/272
218 246 246 109/415
218 246 245 67/891
219 246 246 103/386
219 246 245 61/734
220 246 246 256/945
220 246 245 63/782
221 246 246 213/775
221 246 245 29/326
222 246 246 124/445
222 246 245 75/877
223 246 246 227/804
223 246 245 45/476
224 246 246 221/773
224 246 245 19/211
225 246 246 274/947
225 246 245 78/781
226 246 246 211/721
226 246 245 93/988
227 246 246 263/889
227 246 245 40/381
228 246 246 217/726
228 246 245 81/829
229 246 246 115/381
229 246 245 83/755
230 246 246 177/581
230 246 245 95/943
231 246 246 264/859
231 246 245 80/697
232 246 246 216/697
232 246 245 82/795
233 246 246 119/381
233 246 245 89/744
234 246 246 174/553
234 246 245 68/649
235 246 246 32/101
235 246 245 89/714
236 246 246 81/254
236 246 245 72/683
237 246 246 77/240
237 246 245 19/146
238 246 246 312/967
238 246 245 38/363
239 246 246 12/37
239 246 245 72/527
240 246 246 263/807
240 246 245 83/815
241 246 246 291/889
241 246 245 100/689
242 246 246 187/569
242 246 245 31/325
243 246 246 220/667
243 246 245 157/994
244 246 246 181/547
244 246 245 58/709
245 246 246 295/889
245 246 245 15/83
246 246 246 323/971
246 246 245 33/643
210 247 247 333/971
210 247 246 62/135
211 247 247 187/541
211 247 246 23/50
212 247 247 256/735
212 247 246 459/976
213 247 247 20/57
213 247 246 269/572
214 247 247 323/914
214 247 246 301/626
215 247 247 195/548
215 247 246 12/25
216 247 247 355/991
216 247 246 485/988
217 247 247 349/968
217 247 246 472/965
218 247 247 78/215
218 247 246 500/999
219 247 247 173/474
219 247 246 319/641
220 247 247 366/997
220 247 246 344/675
221 247 247 292/791
221 247 246 407/805
222 247 247 301/811
222 247 246 212/409
223 247 247 363/973
223 247 246 378/737
224 247 247 373/995
224 247 246 257/488
225 247 247 327/868
225 247 246 479/922
226 247 247 260/687
226 247 246 201/376
227 247 247 371/976
227 247 246 413/786
228 247 247 71/186
228 247 246 257/474
229 247 247 325/848
229 247 246 529/997
230 247 247 272/707
230 247 246 460/837
231 247 247 373/966
231 247 246 514/961
232 247 247 303/782
232 247 246 475/853
233 247 247 145/373
233 247 246 233/433
234 247 247 225/577
234 247 246 123/218
235 247 247 79/202
235 247 246 438/811
236 247 247 20/51
236 247 246 437/764
237 247 247 219/557
237 247 246 375/694
238 247 247 322/817
238 247 246 536/923
239 247 247 348/881
239 247 246 416/773
240 247 247 378/955
240 247 246 540/913
241 247 247 324/817
241 247 246 465/874
242 247 247 29/73
242 247 246 57/94
243 247 247 150/377
243 247 246 97/187
244 247 247 51/128
244 247 246 128/203
245 247 247 148/371
245 247 246 269/549
246 247 247 359/916
246 247 246 63/95
247 247 247 41/118
247 247 246 247/783
198 248 248 134/341
198 248 247 92/927
199 248 248 256/645
199 248 247 85/821
200 248 248 313/781
200 248 247 71/677
201 248 248 142/351
201 248 247 25/229
202 248 248 365/894
202 248 247 104/943
203 248 248 152/369
203 248 247 73/637
204 248 248 59/142
204 248 247 97/840
205 248 248 75/179
205 248 247 55/459
206 248 248 49/116
206 248 247 109/905
207 248 248 347/815
207 248 247 100/801
208 248 248 387/902
208 248 247 87/695
209 248 248 319/738
209 248 247 80/617
210 248 248 411/944
210 248 247 38/293
211 248 248 381/869
211 248 247 38/283
212 248 248 162/367
212 248 247 125/933
213 248 248 415/934
213 248 247 100/721
214 248 248 402/899
214 248 247 53/384
215 248 248 292/649
215 248 247 1/7
216 248 248 234/517
216 248 247 79/557
217 248 248 61/134
217 248 247 87/592
218 248 248 168/367
218 248 247 139/956
219 248 248 434/943
219 248 247 65/431
220 248 248 229/495
220 248 247 127/854
221 248 248 126/271
221 248 247 55/356
222 248 248 178/381
222 248 247 73/481
223 248 248 406/865
223 248 247 70/443
224 248 248 190/403
224 248 247 17/110
225 248 248 384/811
225 248 247 107/663
226 248 248 271/570
226 248 247 144/917
227 248 248 242/507
227 248 247 149/905
228 248 248 459/958
228 248 247 103/647
229 248 248 113/235
229 248 247 74/441
230 248 248 469/972
230 248 247 71/441
231 248 248 350/723
231 248 247 154/901
232 248 248 371/764
232 248 247 101/622
233 248 248 357/733
233 248 247 137/787
234 248 248 400/819
234 248 247 127/778
235 248 248 95/194
235 248 247 124/699
236 248 248 27/55
236 248 247 151/924
237 248 248 464/943
237 248 247 67/370
238 248 248 179/363
238 248 247 101/621
239 248 248 461/933
239 248 247 146/787
240 248 248 249/503
240 248 247 17/106
241 248 248 481/970
241 248 247 94/491
242 248 248 445/896
242 248 247 7/45
243 248 248 469/943
243 248 247 163/813
244 248 248 123/247
244 248 247 15/103
245 248 248 169/339
245 248 247 194/895
246 248 248 251/503
246 248 247 119/963
247 248 248 424/849
247 248 247 241/952
248 248 248 499/999
248 248 247 59/928
177 249 249 169/528
177 249 248 50/243
178 249 249 174/541
178 249 248 152/723
179 249 249 262/809
179 249 248 172/803
180 249 249 312/959
180 249 248 193/883
181 249 249 132/403
181 249 248 127/571
182 249 249 326/991
182 249 248 90/397
183 249 249 201/607
183 249 248 103/447
184 249 249 259/779
184 249 248 61/260
185 249 249 171/511
185 249 248 177/743
186 249 249 87/259
186 249 248 71/293
187 249 249 263/778
187 249 248 44/179
188 249 249 134/395
188 249 248 249/997
189 249 249 85/249
189 249 248 119/470
190 249 249 337/984
190 249 248 253/984
191 249 249 51/148
191 249 248 113/434
192 249 249 328/949
192 249 248 93/352
193 249 249 330/949
193 249 248 158/591
194 249 249 53/152
194 249 248 106/391
195 249 249 67/191
195 249 248 233/850
196 249 249 32/91
196 249 248 5/18
197 249 249 306/865
197 249 248 16/57
198 249 249 223/629
198 249 248 259/911
199 249 249 51/143
199 249 248 149/519
200 249 249 283/792
200 249 248 93/320
201 249 249 344/957
201 249 248 105/358
202 249 249 355/986
202 249 248 211/711
203 249 249 251/693
203 249 248 267/892
204 249 249 202/557
204 249 248 155/512
205 249 249 27/74
205 249 248 159/521
206 249 249 317/868
206 249 248 112/363
207 249 249 201/547
207 249 248 60/193
208 249 249 157/427
208 249 248 301/958
209 249 249 37/100
209 249 248 206/651
210 249 249 292/789
210 249 248 180/563
211 249 249 279/749
211 249 248 187/581
212 249 249 127/341
212 249 248 277/852
213 249 249 3/8
213 249 248 177/541
214 249 249 341/910
214 249 248 227/687
215 249 249 257/681
215 249 248 119/358
216 249 249 167/443
216 249 248 48/143
217 249 249 286/753
217 249 248 53/157
218 249 249 113/298
218 249 248 226/663
219 249 249 362/947
219 249 248 97/283
220 249 249 283/742
220 249 248 298/861
221 249 249 207/538
221 249 248 277/796
222 249 249 328/855
222 249 248 343/976
223 249 249 337/870
223 249 248 347/982
224 249 249 301/780
224 249 248 131/367
225 249 249 71/182
225 249 248 359/1000
226 249 249 377/971
226 249 248 267/736
227 249 249 274/697
227 249 248 142/389
228 249 249 263/673
228 249 248 86/233
229 249 249 385/971
229 249 248 358/963
230 249 249 331/841
230 249 248 313/832
231 249 249 344/859
231 249 248 63/166
232 249 249 148/373
232 249 248 263/684
233 249 249 137/338
233 249 248 387/995
234 249 249 125/312
234 249 248 281/712
235 249 249 156/379
235 249 248 338/843
236 249 249 73/180
236 249 248 283/694
237 249 249 403/959
237 249 248 409/980
238 249 249 209/507
238 249 248 373/876
239 249 249 242/559
239 249 248 211/478
240 249 249 165/391
240 249 248 19/42
241 249 249 223/492
241 249 248 446/929
242 249 249 186/425
242 249 248 461/931
243 249 249 214/437
243 249 248 502/913
244 249 249 75/161
244 249 248 376/657
245 249 249 206/393
245 249 248 547/904
246 249 249 375/779
246 249 248 609/955
247 249 249 2/3
247 249 248 811/931
248 249 249 257/435
248 249 248 782/813
249 249 249 289/535
249 249 248 431/987
133 250 250 21/160
133 250 249 17/366
134 250 250 133/998
134 250 249 41/872
135 250 250 117/865
135 250 249 43/904
136 250 250 123/896
136 250 249 9/187
137 250 250 136/977
137 250 249 31/637
138 250 250 133/942
138 250 249 22/447
139 250 250 93/650
139 250 249 49/985
140 250 250 105/724
140 250 249 35/696
141 250 250 73/497
141 250 249 22/433
142 250 250 118/793
142 250 249 44/857
143 250 250 97/644
143 250 249 7/135
144 250 250 149/977
144 250 249 43/821
145 250 250 133/862
145 250 249 34/643
146 250 250 47/301
146 250 249 48/899
147 250 250 3/19
147 250 249 43/798
148 250 250 23/144
148 250 249 44/809
149 250 250 36/223
149 250 249 49/893
150 250 250 79/484
150 250 249 33/596
151 250 250 109/661
151 250 249 54/967
152 250 250 1/6
152 250 249 4/71
153 250 250 120/713
153 250 249 28/493
154 250 250 59/347
154 250 249 50/873
155 250 250 167/973
155 250 249 31/537
156 250 250 13/75
156 250 249 11/189
157 250 250 131/749
157 250 249 19/324
158 250 250 110/623
158 250 249 37/626
159 250 250 135/758
159 250 249 44/739
160 250 250 94/523
160 250 249 3/50
161 250 250 141/778
161 250 249 49/811
162 250 250 164/897
162 250 249 58/953
163 250 250 169/917
163 250 249 47/767
164 250 250 121/651
164 250 249 54/875
165 250 250 171/913
165 250 249 41/660
166 250 250 186/985
166 250 249 62/991
167 250 250 179/941
167 250 249 53/842
168 250 250 167/871
168 250 249 55/868
169 250 250 67/347
169 250 249 35/549
170 250 250 136/699
170 250 249 41/639
171 250 250 19/97
171 250 249 63/976
172 250 250 133/674
172 250 249 63/970
173 250 250 143/720
173 250 249 45/689
174 250 250 1/5
174 250 249 32/487
175 250 250 95/472
175 250 249 22/333
176 250 250 198/977
176 250 249 62/933
177 250 250 116/569
177 250 249 65/973
178 250 250 55/268
178 250 249 61/908
179 250 250 71/344
179 250 249 21/311
180 250 250 199/958
180 250 249 48/707
181 250 250 184/881
181 250 249 35/513
182 250 250 91/433
182 250 249 50/729
183 250 250 184/871
183 250 249 43/624
184 250 250 95/447
184 250 249 16/231
185 250 250 173/810
185 250 249 43/618
186 250 250 197/917
186 250 249 10/143
187 250 250 188/871
187 250 249 21/299
188 250 250 145/668
188 250 249 59/836
189 250 250 29/133
189 250 249 64/903
190 250 250 98/447
190 250 249 68/955
191 250 250 203/922
191 250 249 71/993
192 250 250 197/890
192 250 249 66/919
193 250 250 2/9
193 250 249 23/319
194 250 250 191/855
194 250 249 47/649
195 250 250 37/165
195 250 249 37/509
196 250 250 167/741
196 250 249 43/589
197 250 250 19/84
197 250 249 54/737
198 250 250 5/22
198 250 249 22/299
199 250 250 226/991
199 250 249 46/623
200 250 250 217/947
200 250 249 43/580
201 250 250 217/944
201 250 249 61/820
202 250 250 209/905
202 250 249 18/241
203 250 250 104/449
203 250 249 55/734
204 250 250 47/202
204 250 249 75/997
205 250 250 227/973
205 250 249 4/53
206 250 250 161/687
206 250 249 5/66
207 250 250 199/847
207 250 249 44/579
208 250 250 164/695
208 250 249 73/957
209 250 250 193/816
209 250 249 72/941
210 250 250 81/341
210 250 249 47/612
211 250 250 199/836
211 250 249 54/701
212 250 250 131/548
212 250 249 76/983
213 250 250 154/643
213 250 249 19/245
214 250 250 222/923
214 250 249 46/591
215 250 250 199/826
215 250 249 26/333
216 250 250 15/62
216 250 249 67/855
217 250 250 55/227
217 250 249 68/865
218 250 250 237/974
218 250 249 46/583
219 250 250 191/784
219 250 249 65/821
220 250 250 23/94
220 250 249 77/969
221 250 250 193/788
221 250 249 13/163
222 250 250 139/565
222 250 249 55/687
223 250 250 146/593
223 250 249 25/311
224 250 250 233/942
224 250 249 23/285
225 250 250 172/695
225 250 249 3/37
226 250 250 95/382
226 250 249 46/565
227 250 250 203/816
227 250 249 79/965
228 250 250 1/4
228 250 249 31/377
229 250 250 1/4
229 250 249 38/459
230 250 250 202/803
230 250 249 47/565
231 250 250 201/799
231 250 249 73/870
232 250 250 199/786
232 250 249 48/569
233 250 250 139/549
233 250 249 71/832
234 250 250 227/890
234 250 249 17/198
235 250 250 137/537
235 250 249 41/470
236 250 250 35/136
236 250 249 34/387
237 250 250 178/691
237 250 249 49/545
238 250 250 182/699
238 250 249 71/783
239 250 250 59/226
239 250 249 17/181
240 250 250 203/767
240 250 249 43/453
241 250 250 77/289
241 250 249 65/647
242 250 250 225/829
242 250 249 11/108
243 250 250 194/703
243 250 249 109/970
244 250 250 104/367
244 250 249 111/970
245 250 250 130/439
245 250 249 121/878
246 250 250 307/995
246 250 249 139/984
247 250 250 34/103
247 250 249 34/309
248 250 250 383/859
248 250 249 341/859
249 250 250 69/148
249 250 249 66/151
250 250 250 311/529
250 250 249 9/110
