# UNIF(n=172,lo,hi): D_ren + dipoles; lines "lo hi level amplitude" for the corrected intervals
147 147 147 13/392
147 147 146 -1/1000
148 148 148 41/760
148 148 147 -1/441
149 149 149 31/934
149 149 148 -5/882
150 150 150 44/663
150 150 149 1/491
151 151 151 28/829
151 151 150 -2/183
152 152 152 23/288
152 152 151 6/947
153 153 153 39/440
153 153 152 61/786
154 154 154 77/811
154 154 153 7/654
155 155 155 41/393
155 155 154 79/822
154 156 156 53/626
154 156 155 3/910
156 156 156 109/970
156 156 155 7/459
155 157 157 99/974
155 157 156 84/937
157 157 157 117/971
157 157 156 51/451
156 158 158 12/107
156 158 157 7/509
158 158 158 2/15
158 158 157 17/844
155 159 159 94/837
155 159 158 54/515
157 159 159 55/421
157 159 158 49/380
159 159 159 121/861
159 159 158 107/802
156 160 160 103/815
156 160 159 11/559
158 160 160 57/997
158 160 159 -13/413
160 160 160 97/607
160 160 159 25/976
155 161 161 4/29
155 161 160 130/903
157 161 161 145/949
157 161 160 101/618
159 161 161 95/573
159 161 160 13/74
161 161 161 1/6
161 161 160 89/560
156 162 162 87/553
156 162 161 6/179
158 162 162 65/378
158 162 161 29/766
159 162 162 178/997
159 162 161 90/997
160 162 162 61/996
160 162 161 -40/929
161 162 162 12/691
161 162 161 -5/859
162 162 162 194/993
162 162 161 32/997
155 163 163 145/796
155 163 162 38/179
157 163 163 6/31
157 163 162 109/480
158 163 163 31/156
158 163 162 181/603
159 163 163 127/624
159 163 162 131/555
160 163 163 73/351
160 163 162 318/965
161 163 163 130/613
161 163 162 40/169
162 163 163 101/468
162 163 162 87/239
163 163 163 177/874
163 163 162 16/83
154 164 164 39/197
154 164 163 2/39
156 164 164 144/683
156 164 163 40/703
157 164 164 109/503
157 164 163 58/639
158 164 164 2/9
158 164 163 44/731
159 164 164 5/22
159 164 163 17/165
160 164 164 71/306
160 164 163 33/548
161 164 164 230/973
161 164 163 86/733
162 164 164 137/570
162 164 163 6/109
163 164 164 141/578
163 164 163 99/725
164 164 164 12/155
164 164 163 -15/203
151 165 165 45/578
151 165 164 -5/753
153 165 165 28/379
153 165 164 -13/777
154 165 165 25/411
154 165 164 -6/589
155 165 165 29/410
155 165 164 -10/381
156 165 165 55/997
156 165 164 -3/182
157 165 165 40/583
157 165 164 -15/424
158 165 165 47/953
158 165 164 -19/897
159 165 165 7/26
159 165 164 183/539
160 165 165 61/224
160 165 164 209/505
161 165 165 235/854
161 165 164 317/936
162 165 165 5/18
162 165 164 188/427
163 165 165 73/987
163 165 164 -50/757
164 165 165 9/400
164 165 164 -9/512
165 165 165 66/767
165 165 164 -65/776
148 166 166 258/995
148 166 165 25/354
149 166 166 149/561
149 166 165 35/411
150 166 166 251/924
150 166 165 67/857
151 166 166 263/948
151 166 165 93/986
152 166 166 189/668
152 166 165 77/909
153 166 166 251/871
153 166 165 73/708
154 166 166 231/788
154 166 165 69/766
155 166 166 291/977
155 166 165 111/994
156 166 166 185/612
156 166 165 84/893
157 166 166 19/62
157 166 165 109/906
158 166 166 9/29
158 166 165 75/779
159 166 166 265/844
159 166 165 57/440
160 166 166 291/917
160 166 165 79/823
161 166 166 149/465
161 166 165 74/527
162 166 166 310/959
162 166 165 74/807
163 166 166 101/310
163 166 165 151/973
164 166 166 313/954
164 166 165 56/701
165 166 166 307/930
165 166 165 79/440
166 166 166 299/901
166 166 165 13/256
143 167 167 339/991
143 167 166 9/20
144 167 167 217/627
144 167 166 22/47
145 167 167 344/983
145 167 166 287/617
146 167 167 313/885
146 167 166 415/857
147 167 167 234/655
147 167 166 251/524
148 167 167 167/463
148 167 166 492/985
149 167 167 186/511
149 167 166 490/997
150 167 167 76/207
150 167 166 499/971
151 167 167 67/181
151 167 166 409/814
152 167 167 191/512
152 167 166 220/417
153 167 167 180/479
153 167 166 347/678
154 167 167 14/37
154 167 166 531/982
155 167 167 318/835
155 167 166 364/701
156 167 167 141/368
156 167 166 428/773
157 167 167 373/968
157 167 166 333/635
158 167 167 325/839
158 167 166 292/515
159 167 167 58/149
159 167 166 457/868
160 167 167 235/601
160 167 166 89/153
161 167 167 309/787
161 167 166 338/645
162 167 167 361/916
162 167 166 3/5
163 167 167 104/263
163 167 166 56/109
164 167 167 259/653
164 167 166 625/997
165 167 167 103/259
165 167 166 175/359
166 167 167 236/603
166 167 166 621/938
167 167 167 342/985
167 167 166 297/943
136 168 168 125/314
136 168 167 21/205
137 168 168 283/701
137 168 167 80/729
138 168 168 223/545
138 168 167 15/136
139 168 168 395/953
139 168 167 63/535
140 168 168 201/479
140 168 167 2/17
141 168 168 138/325
141 168 167 44/351
142 168 168 70/163
142 168 167 123/988
143 168 168 425/979
143 168 167 90/679
144 168 168 218/497
144 168 167 73/558
145 168 168 439/991
145 168 167 125/897
146 168 168 127/284
146 168 167 122/893
147 168 168 37/82
147 168 167 121/830
148 168 168 223/490
148 168 167 20/141
149 168 168 39/85
149 168 167 137/902
150 168 168 461/997
150 168 167 122/833
151 168 168 320/687
151 168 167 85/539
152 168 168 356/759
152 168 167 128/851
153 168 168 271/574
153 168 167 81/496
154 168 168 419/882
154 168 167 143/931
155 168 168 431/902
155 168 167 13/77
156 168 168 479/997
156 168 167 137/879
157 168 168 367/760
157 168 167 41/235
158 168 168 213/439
158 168 167 110/701
159 168 168 250/513
159 168 167 151/836
160 168 168 206/421
160 168 167 5/32
161 168 168 443/902
161 168 167 91/484
162 168 168 171/347
162 168 167 152/995
163 168 168 477/965
163 168 167 139/701
164 168 168 455/918
164 168 167 19/132
165 168 168 392/789
165 168 167 197/914
166 168 168 233/468
166 168 167 34/277
167 168 168 197/395
167 168 167 237/938
168 168 168 451/903
168 168 167 55/868
121 169 169 301/934
121 169 168 32/153
122 169 169 251/774
122 169 168 144/667
123 169 169 20/61
123 169 168 131/591
124 169 169 274/831
124 169 168 199/872
125 169 169 1/3
125 169 168 115/492
126 169 169 137/409
126 169 168 176/733
127 169 169 87/257
127 169 168 40/163
128 169 169 339/997
128 169 168 197/783
129 169 169 257/748
129 169 168 241/939
130 169 169 199/577
130 169 168 207/788
131 169 169 23/66
131 169 168 229/856
132 169 169 251/718
132 169 168 257/940
133 169 169 71/201
133 169 168 191/687
134 169 169 125/353
134 169 168 208/733
135 169 169 331/925
135 169 168 251/871
136 169 169 347/968
136 169 168 109/371
137 169 169 354/977
137 169 168 256/859
138 169 169 317/874
138 169 168 231/761
139 169 169 216/589
139 169 168 263/855
140 169 169 95/259
140 169 168 175/559
141 169 169 341/919
141 169 168 84/265
142 169 169 353/952
142 169 168 59/183
143 169 169 253/674
143 169 168 46/141
144 169 169 341/910
144 169 168 200/603
145 169 169 281/740
145 169 168 155/462
146 169 169 39/103
146 169 168 341/1000
147 169 169 375/976
147 169 168 268/777
148 169 169 277/724
148 169 168 217/619
149 169 169 233/599
149 169 168 243/685
150 169 169 285/737
150 169 168 22/61
151 169 169 313/794
151 169 168 289/791
152 169 169 88/225
152 169 168 349/939
153 169 169 371/927
153 169 168 20/53
154 169 169 221/558
154 169 168 367/955
155 169 169 249/611
155 169 168 208/531
156 169 169 248/617
156 169 168 209/523
157 169 169 347/832
157 169 168 153/373
158 169 169 337/823
158 169 168 60/143
159 169 169 31/72
159 169 168 249/571
160 169 169 21/50
160 169 168 395/882
161 169 169 415/919
161 169 168 432/907
162 169 169 421/965
162 169 168 31/63
163 169 169 150/307
163 169 168 422/771
164 169 169 312/671
164 169 168 531/931
165 169 169 479/915
165 169 168 577/956
166 169 169 340/707
166 169 168 487/765
167 169 169 623/935
167 169 168 377/433
168 169 169 583/987
168 169 168 951/989
169 169 169 323/598
169 169 168 375/859
91 170 170 122/927
91 170 169 43/921
92 170 170 131/973
92 170 169 25/526
93 170 170 62/451
93 170 169 42/869
94 170 170 124/883
94 170 169 29/590
95 170 170 123/859
95 170 169 38/761
96 170 170 136/931
96 170 169 31/611
97 170 170 18/121
97 170 169 43/835
98 170 170 67/442
98 170 169 47/899
99 170 170 103/668
99 170 169 50/943
100 170 170 113/720
100 170 169 49/911
101 170 170 85/533
101 170 169 26/477
102 170 170 6/37
102 170 169 51/923
103 170 170 147/893
103 170 169 31/554
104 170 170 148/885
104 170 169 53/935
105 170 170 125/737
105 170 169 44/767
106 170 170 47/273
106 170 169 32/551
107 170 170 153/877
107 170 169 40/681
108 170 170 175/989
108 170 169 52/875
109 170 170 43/240
109 170 169 17/283
110 170 170 71/391
110 170 169 54/889
111 170 170 70/381
111 170 169 61/994
112 170 170 115/618
112 170 169 57/919
113 170 170 73/388
113 170 169 61/974
114 170 170 187/982
114 170 169 31/490
115 170 170 127/660
115 170 169 62/971
116 170 170 51/262
116 170 169 47/729
117 170 170 137/697
117 170 169 8/123
118 170 170 125/629
118 170 169 30/457
119 170 170 73/364
119 170 169 28/423
120 170 170 137/676
120 170 169 39/584
121 170 170 158/773
121 170 169 62/921
122 170 170 179/867
122 170 169 26/383
123 170 170 195/937
123 170 169 21/307
124 170 170 133/633
124 170 169 2/29
125 170 170 29/137
125 170 169 68/979
126 170 170 163/763
126 170 169 7/100
127 170 170 37/172
127 170 169 16/227
128 170 170 125/576
128 170 169 61/859
129 170 170 102/467
129 170 169 71/993
130 170 170 50/227
130 170 169 9/125
131 170 170 191/862
131 170 169 5/69
132 170 170 128/573
132 170 169 17/233
133 170 170 188/837
133 170 169 66/899
134 170 170 127/561
134 170 169 49/663
135 170 170 210/923
135 170 169 49/659
136 170 170 221/964
136 170 169 69/922
137 170 170 225/977
137 170 169 60/797
138 170 170 216/931
138 170 169 5/66
139 170 170 147/631
139 170 169 41/538
140 170 170 65/277
140 170 169 73/952
141 170 170 61/259
141 170 169 27/350
142 170 170 51/215
142 170 169 26/335
143 170 170 94/395
143 170 169 46/589
144 170 170 238/993
144 170 169 11/140
145 170 170 137/570
145 170 169 14/177
146 170 170 191/789
146 170 169 53/666
147 170 170 215/886
147 170 169 19/237
148 170 170 11/45
148 170 169 73/905
149 170 170 206/841
149 170 169 65/799
150 170 170 136/551
150 170 169 14/171
151 170 170 45/182
151 170 169 78/943
152 170 170 171/686
152 170 169 83/997
153 170 170 184/737
153 170 169 55/652
154 170 170 133/528
154 170 169 56/659
155 170 170 192/761
155 170 169 67/775
156 170 170 223/875
156 170 169 74/849
157 170 170 130/509
157 170 169 86/963
158 170 170 84/325
158 170 169 43/477
159 170 170 62/239
159 170 169 93/995
160 170 170 129/490
160 170 169 64/677
161 170 170 239/901
161 170 169 72/719
162 170 170 43/159
162 170 169 58/571
163 170 170 235/854
163 170 169 12/107
164 170 170 274/969
164 170 169 113/989
165 170 170 293/991
165 170 169 19/138
166 170 170 94/305
166 170 169 131/928
167 170 170 159/482
167 170 169 53/482
168 170 170 107/240
168 170 169 230/579
169 170 170 395/847
169 170 169 423/968
170 170 170 117/199
170 170 169 57/697
