# UNIF(n=38,lo,hi): D_ren + dipoles; lines "lo hi level amplitude" for the corrected intervals
29 29 29 133/837
29 29 28 86/799
30 30 30 106/897
30 30 29 -43/967
31 31 31 51/497
31 31 30 -4/73
32 32 32 88/291
32 32 31 31/984
31 33 33 148/421
31 33 32 323/828
32 33 33 53/143
32 33 32 113/183
33 33 33 106/313
33 33 32 126/425
30 34 34 377/922
30 34 33 7/83
31 34 34 36/83
31 34 33 26/151
32 34 34 397/872
32 34 33 76/813
33 34 34 393/830
33 34 33 233/990
34 34 34 358/733
34 34 33 14/251
27 35 35 69/176
27 35 34 287/863
28 35 35 308/795
28 35 34 266/711
29 35 35 55/123
29 35 34 227/507
30 35 35 169/389
30 35 34 74/149
31 35 35 375/751
31 35 34 6/11
32 35 35 147/317
32 35 34 203/341
33 35 35 559/848
33 35 34 446/523
34 35 35 458/781
34 35 34 911/958
35 35 35 414/769
35 35 34 226/523
21 36 36 73/503
21 36 35 14/247
22 36 36 159/994
22 36 35 56/921
23 36 36 165/959
23 36 35 59/892
24 36 36 29/156
24 36 35 66/943
25 36 36 165/838
25 36 35 71/933
26 36 36 117/557
26 36 35 13/163
27 36 36 167/757
27 36 35 83/946
28 36 36 203/869
28 36 35 19/208
29 36 36 227/925
29 36 35 99/953
30 36 36 160/617
30 36 35 89/826
31 36 36 5/18
31 36 35 101/761
32 36 36 263/891
32 36 35 137/996
33 36 36 9/28
33 36 35 3/28
34 36 36 4/9
34 36 35 156/383
35 36 36 189/401
35 36 35 241/556
36 36 36 567/962
36 36 35 71/882
