# UNIF(n=48,lo,hi): D_ren + dipoles; lines "lo hi level amplitude" for the corrected intervals
38 38 38 55/394
38 38 37 -2/649
39 39 39 73/406
39 39 38 89/599
40 40 40 14/137
40 40 39 -9/160
41 41 41 83/865
41 41 40 -43/650
40 42 42 53/200
40 42 41 4/105
42 42 42 277/882
42 42 41 31/795
39 43 43 79/232
39 43 42 164/411
41 43 43 240/649
41 43 42 285/664
42 43 43 71/187
42 43 42 439/689
43 43 43 225/658
43 43 42 243/800
38 44 44 389/958
38 44 43 76/823
39 44 44 398/935
39 44 43 31/206
40 44 44 402/907
40 44 43 81/754
41 44 44 411/896
41 44 43 24/127
42 44 44 271/574
42 44 43 87/830
43 44 44 161/333
43 44 43 213/880
44 44 44 375/761
44 44 43 32/545
34 45 45 335/958
34 45 44 273/983
35 45 45 375/989
35 45 44 153/487
36 45 45 169/449
36 45 44 114/331
37 45 45 159/383
37 45 44 292/749
38 45 45 395/972
38 45 44 291/691
39 45 45 348/749
39 45 44 77/157
40 45 45 295/661
40 45 44 475/903
41 45 45 146/287
41 45 44 431/758
42 45 45 421/895
42 45 44 375/613
43 45 45 237/358
43 45 44 787/915
44 45 45 491/835
44 45 44 851/891
45 45 45 366/679
45 45 44 387/892
26 46 46 107/771
26 46 45 46/887
27 46 46 146/981
27 46 45 50/903
28 46 46 4/25
28 46 45 10/171
29 46 46 103/609
29 46 45 53/855
30 46 46 30/167
30 46 45 59/909
31 46 46 158/841
31 46 45 46/671
32 46 46 163/824
32 46 45 45/631
33 46 46 31/151
33 46 45 15/199
34 46 46 194/903
34 46 45 38/487
35 46 46 63/284
35 46 45 45/542
36 46 46 105/454
36 46 45 37/432
37 46 46 211/885
37 46 45 19/205
38 46 46 182/733
38 46 45 73/765
39 46 46 53/206
39 46 45 100/933
40 46 46 259/964
40 46 45 16/145
41 46 46 257/902
41 46 45 92/683
42 46 46 243/809
42 46 45 113/813
43 46 46 241/742
43 46 45 93/859
44 46 46 441/991
44 46 45 98/243
45 46 46 268/571
45 46 45 427/982
46 46 46 527/895
46 46 45 23/284
