# UNIF(n=75,lo,hi): D_ren + dipoles; lines "lo hi level amplitude" for the corrected intervals
61 61 61 29/314
61 61 60 -3/428
62 62 62 97/837
62 62 61 31/343
63 63 63 40/307
63 63 62 5/854
64 64 64 151/990
64 64 63 109/812
65 65 65 10/57
65 65 64 13/701
64 66 66 127/754
64 66 65 86/545
66 66 66 139/718
66 66 65 148/837
65 67 67 35/176
65 67 66 6/229
67 67 67 85/981
67 67 66 -52/765
64 68 68 174/757
64 68 67 219/860
66 68 68 15/176
66 68 67 -31/716
67 68 68 26/881
67 68 67 -2/585
68 68 68 86/963
68 68 67 -67/868
63 69 69 131/527
63 69 68 45/968
65 69 69 131/468
65 69 68 17/281
66 69 69 103/351
66 69 68 67/508
67 69 69 11/36
67 69 68 41/644
68 69 69 37/117
68 69 68 166/979
69 69 69 277/851
69 69 68 14/303
62 70 70 129/376
62 70 69 363/830
63 70 70 339/962
63 70 69 285/562
64 70 70 353/978
64 70 69 380/821
65 70 70 59/160
65 70 69 529/960
66 70 70 286/761
66 70 69 148/311
67 70 70 381/997
67 70 69 551/920
68 70 70 259/668
68 70 69 457/976
69 70 70 370/957
69 70 69 143/219
70 70 70 14/109
70 70 69 -72/587
59 71 71 369/931
59 71 70 35/383
60 71 71 70/171
60 71 70 79/669
61 71 71 94/223
61 71 70 4/37
62 71 71 303/700
62 71 70 109/785
63 71 71 90/203
63 71 70 72/595
64 71 71 453/1000
64 71 70 151/951
65 71 71 260/563
65 71 70 129/1000
66 71 71 241/513
66 71 70 7/39
67 71 71 31/65
67 71 70 113/872
68 71 71 475/983
68 71 70 161/785
69 71 71 345/706
69 71 70 115/994
70 71 71 404/819
70 71 70 247/994
71 71 71 423/851
71 71 70 4/65
53 72 72 284/865
53 72 71 229/960
54 72 72 265/777
54 72 71 167/657
55 72 72 333/971
55 72 71 178/657
56 72 72 147/412
56 72 71 100/349
57 72 72 5/14
57 72 71 63/208
58 72 72 371/995
58 72 71 113/354
59 72 72 238/641
59 72 71 257/766
60 72 72 318/815
60 72 71 183/517
61 72 72 295/764
61 72 71 76/205
62 72 72 321/782
62 72 71 374/949
63 72 72 272/675
63 72 71 209/507
64 72 72 178/407
64 72 71 309/692
65 72 72 183/431
65 72 71 419/896
66 72 72 427/891
66 72 71 523/991
67 72 72 146/319
67 72 71 398/717
68 72 72 336/649
68 72 71 152/257
69 72 72 411/862
69 72 71 184/293
70 72 72 117/176
70 72 71 190/219
71 72 72 438/743
71 72 71 634/661
72 72 72 211/391
72 72 71 348/799
40 73 73 3/22
40 73 72 3/61
41 73 73 41/286
41 73 72 43/841
42 73 73 123/823
42 73 72 22/415
43 73 73 42/269
43 73 72 31/565
44 73 73 106/655
44 73 72 45/794
45 73 73 73/434
45 73 72 9/154
46 73 73 55/317
46 73 72 57/947
47 73 73 160/891
47 73 72 31/501
48 73 73 19/103
48 73 72 48/755
49 73 73 43/226
49 73 72 44/675
50 73 73 67/344
50 73 72 45/673
51 73 73 128/639
51 73 72 21/307
52 73 73 37/181
52 73 72 15/214
53 73 73 185/882
53 73 72 35/489
54 73 73 19/89
54 73 72 11/150
55 73 73 197/901
55 73 72 8/107
56 73 73 127/572
56 73 72 73/952
57 73 73 181/797
57 73 72 36/461
58 73 73 215/934
58 73 72 31/386
59 73 73 4/17
59 73 72 72/881
60 73 73 197/827
60 73 72 83/982
61 73 73 131/538
61 73 72 27/314
62 73 73 177/718
62 73 72 8/89
63 73 73 248/983
63 73 72 72/787
64 73 73 201/785
64 73 72 97/994
65 73 73 220/837
65 73 72 56/563
66 73 73 53/197
66 73 72 37/335
67 73 73 209/752
67 73 72 111/983
68 73 73 40/137
68 73 72 63/461
69 73 73 194/635
69 73 72 107/762
70 73 73 21/64
70 73 72 7/64
71 73 73 45/101
71 73 72 349/874
72 73 73 208/445
72 73 72 58/133
73 73 73 583/991
73 73 72 18/221
