# UNIF(n=170,lo,hi): D_ren + dipoles; lines "lo hi level amplitude" for the corrected intervals
146 146 146 50/939
146 146 145 -1/371
147 147 147 11/329
147 147 146 -4/761
148 148 148 5/76
148 148 147 1/597
149 149 149 30/883
149 149 148 -9/850
150 150 150 62/781
150 150 149 5/828
151 151 151 3/34
151 151 150 1/13
152 152 152 40/423
152 152 151 7/669
153 153 153 68/653
153 153 152 52/543
152 154 154 56/669
152 154 153 1/371
154 154 154 13/116
154 154 153 13/863
153 155 155 34/337
153 155 154 43/487
155 155 155 42/349
155 155 154 103/913
154 156 156 79/709
154 156 155 13/978
156 156 156 115/864
156 156 155 1/50
153 157 157 59/530
153 157 156 37/359
155 157 157 115/884
155 157 156 103/805
157 157 157 124/883
157 157 156 81/608
154 158 158 37/295
154 158 157 9/472
156 158 158 21/365
156 158 157 -31/993
158 158 158 53/332
158 158 157 11/431
153 159 159 36/263
153 159 158 126/887
155 159 159 134/881
155 159 158 6/37
157 159 159 22/133
157 159 158 172/983
159 159 159 166/997
159 159 158 158/995
154 160 160 78/499
154 160 159 7/213
156 160 160 142/829
156 160 159 32/855
157 160 160 47/264
157 160 159 76/845
158 160 160 23/374
158 160 159 -25/583
159 160 160 17/970
159 160 159 -5/876
160 160 160 107/548
160 160 159 31/968
153 161 161 27/149
153 161 160 4/19
155 161 161 157/814
155 161 160 7/31
156 161 161 194/979
156 161 160 102/341
157 161 161 145/714
157 161 160 151/642
158 161 161 125/602
158 161 160 99/301
159 161 161 111/524
159 161 160 103/436
160 161 161 157/728
160 161 160 351/965
161 161 161 82/405
161 161 160 100/519
152 162 162 193/981
152 162 161 11/218
154 162 162 195/929
154 162 161 30/533
155 162 162 19/88
155 162 161 37/410
156 162 162 212/957
156 162 161 49/820
157 162 162 100/441
157 162 161 73/711
158 162 162 129/557
158 162 161 19/317
159 162 162 55/233
159 162 161 13/111
160 162 162 79/329
160 162 161 51/929
161 162 162 59/242
161 162 161 67/491
162 162 162 11/142
162 162 161 -63/853
149 163 163 75/956
149 163 162 -5/902
151 163 163 69/928
151 163 162 -11/694
152 163 163 52/849
152 163 162 -3/319
153 163 163 31/436
153 163 162 -8/313
154 163 163 46/829
154 163 162 -15/944
155 163 163 60/871
155 163 162 -19/545
156 163 163 11/222
156 163 162 -16/771
157 163 163 232/863
157 163 162 104/307
158 163 163 34/125
158 163 162 312/755
159 163 163 91/331
159 163 162 116/343
160 163 163 244/879
160 163 162 216/491
161 163 163 59/797
161 163 162 -65/986
162 163 163 11/488
162 163 162 -7/400
163 163 163 21/244
163 163 162 -53/633
146 164 164 214/831
146 164 163 47/677
147 164 164 184/697
147 164 163 48/571
148 164 164 241/892
148 164 163 23/298
149 164 164 82/297
149 164 163 71/760
150 164 164 253/898
150 164 163 25/298
151 164 164 118/411
151 164 163 56/547
152 164 164 277/948
152 164 163 11/123
153 164 164 139/468
153 164 163 1/9
154 164 164 253/839
154 164 163 93/994
155 164 164 163/533
155 164 163 111/926
156 164 164 79/255
156 164 163 82/855
157 164 164 269/858
157 164 163 42/325
158 164 164 271/855
158 164 163 83/867
159 164 164 307/959
159 164 163 121/863
160 164 164 240/743
160 164 163 40/437
161 164 164 324/995
161 164 163 118/761
162 164 164 163/497
162 164 163 32/401
163 164 164 100/303
163 164 163 7/39
164 164 164 73/220
164 164 163 47/926
141 165 165 200/587
141 165 164 127/284
142 165 165 10/29
142 165 164 182/391
143 165 165 113/324
143 165 164 416/899
144 165 165 281/797
144 165 164 442/917
145 165 165 337/946
145 165 164 393/824
146 165 165 59/164
146 165 164 310/623
147 165 165 264/727
147 165 164 167/341
148 165 165 329/898
148 165 164 333/650
149 165 165 75/203
149 165 164 247/493
150 165 165 359/964
150 165 164 521/990
151 165 165 224/597
151 165 164 24/47
152 165 165 280/741
152 165 164 537/995
153 165 165 159/418
153 165 164 410/791
154 165 165 253/661
154 165 164 481/870
155 165 165 323/839
155 165 164 453/865
156 165 165 377/974
156 165 164 529/934
157 165 165 184/473
157 165 164 496/943
158 165 165 34/87
158 165 164 304/523
159 165 165 385/981
159 165 164 365/697
160 165 165 392/995
160 165 164 388/647
161 165 165 389/984
161 165 164 512/997
162 165 165 23/58
162 165 164 502/801
163 165 165 369/928
163 165 164 289/593
164 165 165 362/925
164 165 164 331/500
165 165 165 217/625
165 165 164 154/489
134 166 166 347/877
134 166 165 29/288
135 166 166 395/984
135 166 165 107/990
136 166 166 116/285
136 166 165 56/515
137 166 166 391/948
137 166 165 112/963
138 166 166 33/79
138 166 165 5/43
139 166 166 389/920
139 166 165 83/669
140 166 166 305/713
140 166 165 9/73
141 166 166 388/897
141 166 165 110/837
142 166 166 167/382
142 166 165 129/994
143 166 166 314/711
143 166 165 75/542
144 166 166 367/823
144 166 165 19/140
145 166 166 356/791
145 166 165 89/614
146 166 166 405/892
146 166 165 113/801
147 166 166 391/854
147 166 165 96/635
148 166 166 461/999
148 166 165 141/967
149 166 166 239/514
149 166 165 74/471
150 166 166 229/489
150 166 165 125/834
151 166 166 190/403
151 166 165 99/608
152 166 166 288/607
152 166 165 87/568
153 166 166 368/771
153 166 165 142/843
154 166 166 479/998
154 166 165 114/733
155 166 166 124/257
155 166 165 143/821
156 166 166 16/33
156 166 165 154/983
157 166 166 413/848
157 166 165 116/643
158 166 166 447/914
158 166 165 130/833
159 166 166 487/992
159 166 165 161/857
160 166 166 434/881
160 166 165 78/511
161 166 166 127/257
161 166 165 197/994
162 166 166 389/785
162 166 165 61/424
163 166 166 383/771
163 166 165 103/478
164 166 166 455/914
164 166 165 87/709
165 166 166 192/385
165 166 165 215/851
166 166 166 440/881
166 166 165 51/805
119 167 167 185/577
119 167 166 167/813
120 167 167 81/251
120 167 166 145/683
121 167 167 296/907
121 167 166 151/692
122 167 167 108/329
122 167 166 56/249
123 167 167 153/461
123 167 166 175/759
124 167 167 333/998
124 167 166 55/232
125 167 167 259/768
125 167 166 218/899
126 167 167 331/977
126 167 166 105/422
127 167 167 88/257
127 167 166 127/500
128 167 167 340/989
128 167 166 237/911
129 167 167 337/970
129 167 166 193/728
130 167 167 61/175
130 167 166 228/841
131 167 167 31/88
131 167 166 275/997
132 167 167 326/923
132 167 166 20/71
133 167 167 307/860
133 167 166 247/863
134 167 167 299/836
134 167 166 221/757
135 167 167 158/437
135 167 166 293/989
136 167 167 316/873
136 167 166 16/53
137 167 167 97/265
137 167 166 228/745
138 167 167 331/904
138 167 166 43/138
139 167 167 173/467
139 167 166 89/282
140 167 167 97/262
140 167 166 219/682
141 167 167 292/779
141 167 166 222/683
142 167 167 61/163
142 167 166 198/599
143 167 167 322/849
143 167 166 199/595
144 167 167 368/973
144 167 166 220/647
145 167 167 375/977
145 167 166 118/343
146 167 167 284/743
146 167 166 135/386
147 167 167 363/934
147 167 166 337/952
148 167 167 233/603
148 167 166 356/989
149 167 167 13/33
149 167 166 333/913
150 167 167 77/197
150 167 166 357/962
151 167 167 2/5
151 167 166 205/544
152 167 167 363/917
152 167 166 375/977
153 167 167 255/626
153 167 166 9/23
154 167 167 45/112
154 167 166 107/268
155 167 167 404/969
155 167 166 407/993
156 167 167 70/171
156 167 166 252/601
157 167 167 393/913
157 167 166 377/865
158 167 167 173/412
158 167 166 171/382
159 167 167 135/299
159 167 166 359/754
160 167 167 359/823
160 167 166 213/433
161 167 167 64/131
161 167 166 168/307
162 167 167 305/656
162 167 166 211/370
163 167 167 145/277
163 167 166 277/459
164 167 167 327/680
164 167 166 613/963
165 167 167 607/911
165 167 166 175/201
166 167 167 114/193
166 167 166 951/989
167 167 167 249/461
167 167 166 86/197
90 168 168 77/584
90 168 167 18/385
91 168 168 19/141
91 168 167 47/988
92 168 168 128/929
92 168 167 26/537
93 168 168 134/953
93 168 167 22/447
94 168 168 29/202
94 168 167 50/999
95 168 168 133/909
95 168 167 28/551
96 168 168 84/563
96 168 167 51/988
97 168 168 142/935
97 168 167 11/210
98 168 168 99/640
98 168 167 37/696
99 168 168 81/515
99 168 167 47/872
100 168 168 157/981
100 168 167 17/311
101 168 168 151/929
101 168 167 53/957
102 168 168 19/115
102 168 167 11/196
103 168 168 113/674
103 168 167 5/88
104 168 168 71/417
104 168 167 53/921
105 168 168 29/168
105 168 167 23/395
106 168 168 134/765
106 168 167 32/543
107 168 168 162/913
107 168 167 41/688
108 168 168 43/239
108 168 167 56/929
109 168 168 57/313
109 168 167 53/870
110 168 168 174/943
110 168 167 38/617
111 168 168 67/359
111 168 167 53/852
112 168 168 24/127
112 168 167 11/175
113 168 168 17/89
113 168 167 62/977
114 168 168 121/626
114 168 167 63/983
115 168 168 41/210
115 168 167 13/201
116 168 168 171/866
116 168 167 19/291
117 168 168 59/296
117 168 167 27/410
118 168 168 190/943
118 168 167 21/316
119 168 168 112/551
119 168 167 67/1000
120 168 168 176/857
120 168 167 59/873
121 168 168 170/821
121 168 167 22/323
122 168 168 101/483
122 168 167 66/961
123 168 168 114/541
123 168 167 53/766
124 168 168 77/362
124 168 167 68/975
125 168 168 214/999
125 168 167 38/541
126 168 168 131/606
126 168 167 70/989
127 168 168 173/795
127 168 167 61/856
128 168 168 214/975
128 168 167 43/599
129 168 168 125/566
129 168 167 56/775
130 168 168 53/238
130 168 167 31/426
131 168 168 144/643
131 168 167 29/396
132 168 168 135/598
132 168 167 16/217
133 168 168 59/260
133 168 167 48/647
134 168 168 110/481
134 168 167 41/549
135 168 168 88/383
135 168 167 42/559
136 168 168 169/730
136 168 167 58/767
137 168 168 156/671
137 168 167 76/999
138 168 168 204/871
138 168 167 16/209
139 168 168 71/302
139 168 167 57/740
140 168 168 229/967
140 168 167 72/929
141 168 168 163/686
141 168 167 67/859
142 168 168 230/961
142 168 167 35/446
143 168 168 235/979
143 168 167 67/848
144 168 168 103/426
144 168 167 19/239
145 168 168 223/920
145 168 167 35/437
146 168 168 242/991
146 168 167 76/943
147 168 168 139/568
147 168 167 53/652
148 168 168 91/369
148 168 167 9/110
149 168 168 21/85
149 168 167 41/496
150 168 168 69/277
150 168 167 64/769
151 168 168 126/505
151 168 167 43/510
152 168 168 251/997
152 168 167 75/883
153 168 168 29/115
153 168 167 7/81
154 168 168 161/632
154 168 167 65/746
155 168 168 253/991
155 168 167 89/997
156 168 168 239/925
156 168 167 73/810
157 168 168 118/455
157 168 167 57/610
158 168 168 259/984
158 168 167 81/857
159 168 168 170/641
159 168 167 81/809
160 168 168 169/625
160 168 167 13/128
161 168 168 197/716
161 168 167 109/972
162 168 168 244/863
162 168 167 97/849
163 168 168 149/504
163 168 167 129/937
164 168 168 290/941
164 168 167 119/843
165 168 168 317/961
165 168 167 74/673
166 168 168 358/803
166 168 167 375/944
167 168 168 201/431
167 168 167 52/119
168 168 168 478/813
168 168 167 35/428
