# UNIF(n=115,lo,hi): D_ren + dipoles; lines "lo hi level amplitude" for the corrected intervals
96 96 96 27/626
96 96 95 -1/716
97 97 97 36/481
97 97 96 -2/807
98 98 98 16/181
98 98 97 57/830
99 99 99 29/300
99 99 98 4/819
100 100 100 1/9
100 100 99 49/505
101 101 101 69/568
101 101 100 5/408
102 102 102 7/52
102 102 101 94/763
101 103 103 1/13
101 103 102 -13/673
103 103 103 149/985
103 103 102 10/503
102 104 104 90/617
102 104 103 89/634
104 104 104 13/80
104 104 103 17/112
103 105 105 23/306
103 105 104 -32/931
105 105 105 135/712
105 105 104 27/959
102 106 106 117/649
102 106 105 113/582
104 106 106 73/366
104 106 105 46/215
106 106 106 1/5
106 106 105 181/962
101 107 107 118/629
101 107 106 33/916
103 107 107 13/62
103 107 106 19/426
104 107 107 70/319
104 107 106 73/692
105 107 107 211/924
105 107 106 7/150
106 107 107 161/681
106 107 106 60/457
107 107 107 35/437
107 107 106 -34/471
100 108 108 80/973
100 108 107 -2/261
102 108 108 145/583
102 108 107 238/789
103 108 108 203/794
103 108 107 372/971
104 108 108 38/145
104 108 107 239/760
105 108 108 187/698
105 108 107 287/680
106 108 108 64/829
106 108 107 -39/656
107 108 108 19/775
107 108 107 -13/965
108 108 108 87/1000
108 108 107 -60/733
99 109 109 53/201
99 109 108 58/877
100 109 109 246/901
100 109 108 62/645
101 109 109 235/834
101 109 108 22/291
102 109 109 69/238
102 109 108 61/544
103 109 109 257/864
103 109 108 55/674
104 109 109 298/979
104 109 108 93/722
105 109 109 229/737
105 109 108 39/472
106 109 109 306/967
106 109 108 145/977
107 109 109 237/737
107 109 108 33/439
108 109 109 15/46
108 109 108 121/685
109 109 109 199/603
109 109 108 9/182
96 110 110 327/946
96 110 109 355/782
97 110 110 129/367
97 110 109 202/413
98 110 110 191/535
98 110 109 259/547
99 110 110 46/127
99 110 109 229/446
100 110 110 29/79
100 110 109 484/989
101 110 110 236/635
101 110 109 401/747
102 110 110 259/689
102 110 109 295/589
103 110 110 49/129
103 110 109 93/166
104 110 110 334/871
104 110 109 197/389
105 110 110 345/892
105 110 109 515/879
106 110 110 99/254
106 110 109 439/873
107 110 110 135/344
107 110 109 138/223
108 110 110 319/808
108 110 109 40/83
109 110 110 374/959
109 110 109 91/138
110 110 110 121/950
110 110 109 -124/993
91 111 111 329/824
91 111 110 57/577
92 111 111 353/866
92 111 110 97/863
93 111 111 362/871
93 111 110 17/154
94 111 111 91/215
94 111 110 124/993
95 111 111 344/799
95 111 110 67/555
96 111 111 437/999
96 111 110 87/637
97 111 111 365/822
97 111 110 97/748
98 111 111 439/975
98 111 110 103/698
99 111 111 395/866
99 111 110 126/919
100 111 111 403/873
100 111 110 144/911
101 111 111 274/587
101 111 110 142/995
102 111 111 365/774
102 111 110 109/647
103 111 111 129/271
103 111 110 113/774
104 111 111 374/779
104 111 110 177/986
105 111 111 419/866
105 111 110 139/953
106 111 111 419/860
106 111 110 188/975
107 111 111 301/614
107 111 110 84/601
108 111 111 451/915
108 111 110 17/80
109 111 111 413/834
109 111 110 7/58
110 111 111 175/352
110 111 110 130/517
111 111 111 401/804
111 111 110 59/939
81 112 112 283/879
81 112 111 143/653
82 112 112 22/67
82 112 111 181/794
83 112 112 169/511
83 112 111 121/508
84 112 112 29/86
84 112 111 170/689
85 112 112 235/693
85 112 111 29/113
86 112 112 241/697
86 112 111 161/608
87 112 112 176/507
87 112 111 59/215
88 112 112 91/257
88 112 111 223/790
89 112 112 346/975
89 112 111 7/24
90 112 112 263/726
90 112 111 135/451
91 112 112 337/930
91 112 111 241/781
92 112 112 313/845
92 112 111 277/876
93 112 112 149/403
93 112 111 137/421
94 112 112 164/433
94 112 111 1/3
95 112 112 112/297
95 112 111 271/791
96 112 112 381/983
96 112 111 46/131
97 112 112 237/616
97 112 111 359/995
98 112 112 374/941
98 112 111 353/952
99 112 112 79/201
99 112 111 109/286
100 112 112 354/865
100 112 111 392/995
101 112 112 60/149
101 112 111 281/693
102 112 112 299/704
102 112 111 92/217
103 112 112 276/665
103 112 111 396/905
104 112 112 166/371
104 112 111 449/960
105 112 112 158/365
105 112 111 275/567
106 112 112 86/177
106 112 111 539/995
107 112 112 81/175
107 112 111 369/652
108 112 112 299/573
108 112 111 3/5
109 112 112 331/690
109 112 111 487/768
110 112 112 277/416
110 112 111 855/983
111 112 112 513/869
111 112 111 835/869
112 112 112 520/963
112 112 111 154/353
61 113 113 42/313
61 113 112 47/985
62 113 113 97/701
62 113 112 25/511
63 113 113 1/7
63 113 112 16/319
64 113 113 132/899
64 113 112 33/643
65 113 113 128/847
65 113 112 24/457
66 113 113 53/342
66 113 112 14/261
67 113 113 130/817
67 113 112 4/73
68 113 113 7/43
68 113 112 29/519
69 113 113 166/995
69 113 112 53/930
70 113 113 164/963
70 113 112 13/224
71 113 113 89/511
71 113 112 12/203
72 113 113 112/631
72 113 112 30/499
73 113 113 56/309
73 113 112 54/883
74 113 113 144/781
74 113 112 52/837
75 113 113 147/782
75 113 112 44/697
76 113 113 38/199
76 113 112 23/359
77 113 113 188/967
77 113 112 61/938
78 113 113 128/649
78 113 112 61/925
79 113 113 139/693
79 113 112 65/972
80 113 113 89/438
80 113 112 54/797
81 113 113 77/373
81 113 112 53/772
82 113 113 113/541
82 113 112 13/187
83 113 113 113/533
83 113 112 29/412
84 113 113 3/14
84 113 112 53/744
85 113 113 211/971
85 113 112 63/874
86 113 113 197/898
86 113 112 45/617
87 113 113 213/958
87 113 112 43/583
88 113 113 211/941
88 113 112 5/67
89 113 113 221/973
89 113 112 31/411
90 113 113 119/520
90 113 112 69/904
91 113 113 225/971
91 113 112 29/376
92 113 113 101/433
92 113 112 56/717
93 113 113 183/775
93 113 112 46/583
94 113 113 233/981
94 113 112 2/25
95 113 113 44/183
95 113 112 67/829
96 113 113 189/782
96 113 112 23/280
97 113 113 128/523
97 113 112 81/976
98 113 113 196/797
98 113 112 21/248
99 113 113 79/317
99 113 112 60/701
100 113 113 141/563
100 113 112 83/944
101 113 113 46/181
101 113 112 33/371
102 113 113 247/966
102 113 112 83/898
103 113 113 103/396
103 113 112 31/331
104 113 113 125/476
104 113 112 83/835
105 113 113 147/548
105 113 112 73/723
106 113 113 257/940
106 113 112 68/609
107 113 113 74/263
107 113 112 55/483
108 113 113 109/370
108 113 112 61/444
109 113 113 265/862
109 113 112 74/525
110 113 113 194/589
110 113 112 37/337
111 113 113 152/341
111 113 112 331/832
112 113 113 7/15
112 113 112 245/561
113 113 113 177/301
113 113 112 33/404
