# UNIF(n=109,lo,hi): D_ren + dipoles; lines "lo hi level amplitude" for the corrected intervals
91 91 91 50/707
91 91 90 -5/971
92 92 92 57/670
92 92 91 59/938
93 93 93 67/717
93 93 92 1/359
94 94 94 44/405
94 94 93 69/745
95 95 95 5/42
95 95 94 6/563
96 96 96 97/727
96 96 95 101/834
95 97 97 66/815
95 97 96 -11/655
97 97 97 93/622
97 97 96 7/374
96 98 98 113/797
96 98 97 68/511
98 98 98 27/167
98 98 97 141/938
97 99 99 39/500
97 99 98 -27/829
99 99 99 153/812
99 99 98 11/402
96 100 100 43/245
96 100 99 23/124
98 100 100 113/574
98 100 99 181/865
100 100 100 66/331
100 100 99 120/641
97 101 101 137/668
97 101 100 23/555
99 101 101 171/757
99 101 100 21/467
100 101 101 229/975
100 101 100 109/837
101 101 101 5/62
101 101 100 -38/529
96 102 102 167/683
96 102 101 270/919
97 102 102 28/111
97 102 101 353/937
98 102 102 159/613
98 102 101 108/349
99 102 102 159/598
99 102 101 151/361
100 102 102 69/886
100 102 101 -43/740
101 102 102 10/401
101 102 101 -7/554
102 102 102 17/195
102 102 101 -51/626
93 103 103 122/477
93 103 102 15/248
95 103 103 189/685
95 103 102 1/14
96 103 103 277/972
96 103 102 29/267
97 103 103 93/317
97 103 102 65/826
98 103 103 137/455
98 103 102 54/427
99 103 103 208/675
99 103 102 61/755
100 103 103 184/585
100 103 102 146/993
101 103 103 269/840
101 103 102 19/256
102 103 103 148/455
102 103 102 25/142
103 103 103 119/361
103 103 102 3/61
91 104 104 237/685
91 104 103 199/416
92 104 104 331/940
92 104 103 264/569
93 104 104 233/651
93 104 103 149/295
94 104 104 343/944
94 104 103 148/307
95 104 104 7/19
95 104 103 443/835
96 104 104 331/887
96 104 103 276/557
97 104 104 37/98
97 104 103 279/502
98 104 104 29/76
98 104 103 454/903
99 104 104 136/353
99 104 103 527/904
100 104 104 75/193
100 104 103 421/841
101 104 104 307/784
101 104 103 187/303
102 104 104 218/553
102 104 103 463/963
103 104 104 341/875
103 104 103 141/214
104 104 104 123/965
104 104 103 -59/473
86 105 105 193/486
86 105 104 33/316
87 105 105 337/830
87 105 104 53/514
88 105 105 97/234
88 105 104 11/93
89 105 105 112/265
89 105 104 74/645
90 105 105 241/560
90 105 104 130/991
91 105 105 309/706
91 105 104 104/833
92 105 105 309/695
92 105 104 99/691
93 105 105 397/880
93 105 104 2/15
94 105 105 107/234
94 105 104 13/84
95 105 105 219/473
95 105 104 113/808
96 105 105 466/995
96 105 104 128/771
97 105 105 443/936
97 105 104 96/667
98 105 105 248/519
98 105 104 173/973
99 105 105 415/861
99 105 104 103/713
100 105 105 341/702
100 105 104 125/652
101 105 105 427/873
101 105 104 111/799
102 105 105 342/695
102 105 104 82/387
103 105 105 463/936
103 105 104 86/715
104 105 105 157/316
104 105 104 52/207
105 105 105 180/361
105 105 104 52/829
77 106 106 305/943
77 106 105 96/431
78 106 106 223/675
78 106 105 134/577
79 106 106 176/529
79 106 105 219/901
80 106 106 193/568
80 106 105 208/825
81 106 106 318/931
81 106 105 224/853
82 106 106 112/321
82 106 105 207/763
83 106 106 251/717
83 106 105 219/778
84 106 106 263/735
84 106 105 118/407
85 106 106 225/628
85 106 105 299/997
86 106 106 11/30
86 106 105 295/957
87 106 106 363/991
87 106 105 314/987
88 106 106 373/993
88 106 105 310/949
89 106 106 323/863
89 106 105 240/713
90 106 106 350/909
90 106 105 288/833
91 106 106 109/285
91 106 105 257/722
92 106 106 293/741
92 106 105 129/352
93 106 106 241/616
93 106 105 123/326
94 106 106 404/991
94 106 105 25/64
95 106 106 61/152
95 106 105 250/621
96 106 106 421/994
96 106 105 161/382
97 106 106 407/983
97 106 105 199/457
98 106 106 46/103
98 106 105 212/455
99 106 106 290/671
99 106 105 397/821
100 106 106 215/443
100 106 105 527/975
101 106 106 80/173
101 106 105 139/246
102 106 106 85/163
102 106 105 181/302
103 106 106 397/828
103 106 105 313/494
104 106 106 249/374
104 106 105 867/997
105 106 106 291/493
105 106 105 685/713
106 106 106 277/513
106 106 105 147/337
57 107 107 3/23
57 107 106 42/899
58 107 107 56/415
58 107 106 40/833
59 107 107 101/723
59 107 106 15/304
60 107 107 127/882
60 107 106 47/929
61 107 107 100/673
61 107 106 25/482
62 107 107 51/334
62 107 106 19/358
63 107 107 151/961
63 107 106 41/755
64 107 107 148/919
64 107 106 34/613
65 107 107 41/248
65 107 106 43/759
66 107 107 154/911
66 107 106 42/727
67 107 107 111/641
67 107 106 37/628
68 107 107 91/515
68 107 106 3/50
69 107 107 157/869
69 107 106 49/802
70 107 107 168/913
70 107 106 32/515
71 107 107 71/378
71 107 106 62/981
72 107 107 55/288
72 107 106 33/514
73 107 107 51/262
73 107 106 3/46
74 107 107 181/916
74 107 106 66/997
75 107 107 174/865
75 107 106 43/640
76 107 107 136/667
76 107 106 65/954
77 107 107 198/955
77 107 106 59/854
78 107 107 17/81
78 107 106 39/557
79 107 107 181/849
79 107 106 52/733
80 107 107 197/914
80 107 106 47/654
81 107 107 7/32
81 107 106 39/536
82 107 107 93/421
82 107 106 72/977
83 107 107 41/183
83 107 106 39/523
84 107 107 193/854
84 107 106 67/887
85 107 107 178/777
85 107 106 67/877
86 107 107 229/992
86 107 106 35/452
87 107 107 40/171
87 107 106 75/958
88 107 107 203/862
88 107 106 46/579
89 107 107 110/461
89 107 106 31/386
90 107 107 223/929
90 107 106 62/759
91 107 107 235/966
91 107 106 73/884
92 107 107 34/139
92 107 106 43/510
93 107 107 222/895
93 107 106 11/129
94 107 107 215/862
94 107 106 73/833
95 107 107 253/999
95 107 106 73/823
96 107 107 207/812
96 107 106 77/835
97 107 107 103/397
97 107 106 63/674
98 107 107 125/477
98 107 106 66/665
99 107 107 79/295
99 107 106 12/119
100 107 107 80/293
100 107 106 111/995
101 107 107 52/185
101 107 106 33/290
102 107 107 68/231
102 107 106 110/801
103 107 107 55/179
103 107 106 134/951
104 107 107 27/82
104 107 106 9/82
105 107 107 423/949
105 107 106 39/98
106 107 107 463/992
106 107 106 131/300
107 107 107 197/335
107 107 106 53/649
