# UNIF(n=68,lo,hi): D_ren + dipoles; lines "lo hi level amplitude" for the corrected intervals
55 55 55 41/381
55 55 54 11/151
56 56 56 110/899
56 56 55 1/485
57 57 57 140/933
57 57 56 125/978
58 58 58 58/341
58 58 57 13/814
59 59 59 63/328
59 59 58 100/579
58 60 60 171/911
58 60 59 11/529
60 60 60 81/913
60 60 59 -44/667
59 61 61 87/974
59 61 60 -20/523
61 61 61 39/431
61 61 60 -39/515
58 62 62 202/753
58 62 61 49/894
59 62 62 84/295
59 62 61 127/995
60 62 62 298/995
60 62 61 55/906
61 62 62 5/16
61 62 61 26/155
62 62 62 147/454
62 62 61 25/551
57 63 63 277/786
57 63 62 351/796
58 63 63 329/909
58 63 62 390/731
59 63 63 156/421
59 63 62 448/969
60 63 63 160/423
60 63 62 467/793
61 63 63 206/535
61 63 62 388/841
62 63 63 22/57
62 63 62 490/753
63 63 63 231/670
63 63 62 22/71
54 64 64 404/999
54 64 63 56/561
55 64 64 294/703
55 64 63 129/979
56 64 64 331/768
56 64 63 62/539
57 64 64 58/131
57 64 63 2/13
58 64 64 424/935
58 64 63 1/8
59 64 64 409/883
59 64 63 125/709
60 64 64 193/409
60 64 63 37/291
61 64 64 469/978
61 64 63 159/782
62 64 64 317/652
62 64 63 15/131
63 64 64 451/917
63 64 63 223/900
64 64 64 208/419
64 64 63 3/49
48 65 65 99/296
48 65 64 199/830
49 65 65 265/759
49 65 64 245/948
50 65 65 317/905
50 65 64 198/713
51 65 65 267/728
51 65 64 295/994
52 65 65 221/604
52 65 64 143/453
53 65 65 249/646
53 65 64 104/309
54 65 65 361/945
54 65 64 117/329
55 65 65 164/403
55 65 64 226/593
56 65 65 2/5
56 65 64 199/496
57 65 65 327/752
57 65 64 307/702
58 65 65 30/71
58 65 64 121/263
59 65 65 277/580
59 65 64 481/922
60 65 65 157/344
60 65 64 224/407
61 65 65 495/958
61 65 64 529/900
62 65 65 388/815
62 65 64 611/977
63 65 65 192/289
63 65 64 614/709
64 65 65 145/246
64 65 64 139/145
65 65 65 252/467
65 65 64 175/402
36 66 66 78/593
36 66 65 11/229
37 66 66 135/973
37 66 65 48/955
38 66 66 118/805
38 66 65 43/820
39 66 66 151/985
39 66 65 31/568
40 66 66 95/591
40 66 65 26/459
41 66 66 94/563
41 66 65 31/528
42 66 66 63/362
42 66 65 52/857
43 66 66 135/751
43 66 65 20/319
44 66 66 149/799
44 66 65 45/697
45 66 66 88/459
45 66 65 44/661
46 66 66 85/429
46 66 65 65/951
47 66 66 14/69
47 66 65 34/483
48 66 66 97/464
48 66 65 23/319
49 66 66 150/703
49 66 65 41/552
50 66 66 211/962
50 66 65 59/777
51 66 66 190/851
51 66 65 70/893
52 66 66 228/995
52 66 65 79/987
53 66 66 227/975
53 66 65 45/542
54 66 66 16/67
54 66 65 73/862
55 66 66 137/565
55 66 65 15/169
56 66 66 217/872
56 66 65 65/718
57 66 66 20/79
57 66 65 3/31
58 66 66 249/956
58 66 65 91/921
59 66 66 160/599
59 66 65 61/555
60 66 66 225/814
60 66 65 9/80
61 66 66 57/196
61 66 65 134/983
62 66 66 287/942
62 66 65 15/107
63 66 66 19/58
63 66 65 19/174
64 66 66 49/110
64 66 65 2/5
65 66 66 239/511
65 66 65 303/695
66 66 66 313/532
66 66 65 60/737
