# UNIF(n=35,lo,hi): D_ren + dipoles; lines "lo hi level amplitude" for the corrected intervals
27 27 27 93/721
27 27 26 -38/907
28 28 28 53/512
28 28 27 -41/872
29 29 29 287/967
29 29 28 22/883
28 30 30 182/531
28 30 29 237/617
30 30 30 83/615
30 30 29 -85/787
27 31 31 308/785
27 31 30 1/16
28 31 31 369/875
28 31 30 103/659
29 31 31 55/123
29 31 30 12/145
30 31 31 449/958
30 31 30 49/214
31 31 31 71/146
31 31 30 38/717
25 32 32 124/335
25 32 31 276/769
26 32 32 301/698
26 32 31 231/536
27 32 32 369/871
27 32 31 303/622
28 32 32 453/923
28 32 31 151/281
29 32 32 335/732
29 32 31 507/860
30 32 32 348/529
30 32 31 365/427
31 32 32 209/358
31 32 31 237/250
32 32 32 173/322
32 32 31 53/123
19 33 33 90/607
19 33 32 8/139
20 33 33 160/989
20 33 32 5/79
21 33 33 43/243
21 33 32 59/874
22 33 33 7/37
22 33 32 71/960
23 33 33 198/973
23 33 32 77/988
24 33 33 94/437
24 33 32 5/58
25 33 33 134/585
25 33 32 89/988
26 33 33 117/484
26 33 32 97/943
27 33 33 249/971
27 33 32 77/720
28 33 33 35/127
28 33 32 72/545
29 33 33 283/964
29 33 32 126/919
30 33 33 33/103
30 33 32 11/103
31 33 33 315/709
31 33 32 172/421
32 33 33 467/989
32 33 32 320/741
33 33 33 417/707
33 33 32 56/701
