# UNIF(n=67,lo,hi): D_ren + dipoles; lines "lo hi level amplitude" for the corrected intervals
54 54 54 65/612
54 54 53 13/177
55 55 55 110/909
55 55 54 0
56 56 56 81/547
56 56 55 97/767
57 57 57 56/331
57 57 56 7/491
58 58 58 157/823
58 58 57 39/227
57 59 59 131/705
57 59 58 12/703
59 59 59 6/67
59 59 58 -65/983
58 60 60 41/462
58 60 59 -16/443
60 60 60 14/155
60 60 59 -16/213
57 61 61 94/353
57 61 60 49/968
58 61 61 232/819
58 61 60 32/257
59 61 61 117/392
59 61 60 35/598
60 61 61 63/202
60 61 60 104/625
61 61 61 318/983
61 61 60 35/782
56 62 62 305/869
56 62 61 71/160
57 62 62 92/255
57 62 61 517/965
58 62 62 363/982
58 62 61 368/793
59 62 62 310/821
59 62 61 553/937
60 62 62 5/13
60 62 61 153/331
61 62 62 119/309
61 62 61 615/946
62 62 62 33/256
62 62 61 -109/896
53 63 63 373/929
53 63 62 83/896
54 63 63 37/89
54 63 62 76/605
55 63 63 377/879
55 63 62 48/437
56 63 63 157/356
56 63 62 93/622
57 63 63 382/845
57 63 62 82/675
58 63 63 329/712
58 63 62 80/461
59 63 63 187/397
59 63 62 1/8
60 63 63 341/712
60 63 62 113/560
61 63 63 427/879
61 63 62 75/661
62 63 63 175/356
62 63 62 109/441
63 63 63 471/949
63 63 62 42/689
48 64 64 106/309
48 64 63 8/31
49 64 64 10/29
49 64 63 38/137
50 64 64 169/467
50 64 63 287/968
51 64 64 337/932
51 64 63 311/986
52 64 64 379/993
52 64 63 149/443
53 64 64 292/771
53 64 63 311/875
54 64 64 333/824
54 64 63 8/21
55 64 64 229/576
55 64 63 75/187
56 64 64 29/67
56 64 63 275/629
57 64 64 141/335
57 64 63 454/987
58 64 64 291/611
58 64 63 181/347
59 64 64 352/773
59 64 63 268/487
60 64 64 487/944
60 64 63 523/890
61 64 64 359/755
61 64 63 549/878
62 64 64 653/983
62 64 63 864/997
63 64 64 195/331
63 64 63 760/793
64 64 64 526/975
64 64 63 299/687
35 65 65 78/593
35 65 64 11/229
36 65 65 135/973
36 65 64 48/955
37 65 65 118/805
37 65 64 43/820
38 65 65 151/985
38 65 64 31/568
39 65 65 95/591
39 65 64 26/459
40 65 65 94/563
40 65 64 31/528
41 65 65 63/362
41 65 64 52/857
42 65 65 135/751
42 65 64 20/319
43 65 65 149/799
43 65 64 45/697
44 65 65 88/459
44 65 64 44/661
45 65 65 85/429
45 65 64 65/951
46 65 65 14/69
46 65 64 34/483
47 65 65 97/464
47 65 64 23/319
48 65 65 150/703
48 65 64 41/552
49 65 65 211/962
49 65 64 59/777
50 65 65 190/851
50 65 64 70/893
51 65 65 228/995
51 65 64 79/987
52 65 65 227/975
52 65 64 45/542
53 65 65 16/67
53 65 64 73/862
54 65 65 137/565
54 65 64 15/169
55 65 65 217/872
55 65 64 65/718
56 65 65 20/79
56 65 64 3/31
57 65 65 249/956
57 65 64 91/921
58 65 65 160/599
58 65 64 61/555
59 65 65 225/814
59 65 64 9/80
60 65 65 57/196
60 65 64 134/983
61 65 65 287/942
61 65 64 15/107
62 65 65 19/58
62 65 64 19/174
63 65 65 49/110
63 65 64 2/5
64 65 65 29/62
64 65 64 353/810
65 65 65 476/809
65 65 64 75/922
