# UNIF(n=144,lo,hi): D_ren + dipoles; lines "lo hi level amplitude" for the corrected intervals
122 122 122 52/931
122 122 121 -1/225
123 123 123 23/615
123 123 122 -3/629
124 124 124 53/744
124 124 123 1/1000
125 125 125 37/974
125 125 124 -7/613
126 126 126 36/409
126 126 125 5/782
127 127 127 61/616
127 127 126 83/958
128 128 128 63/589
128 128 127 7/590
129 129 129 31/263
129 129 128 13/120
128 130 130 99/1000
128 130 129 3/550
130 130 130 118/913
130 130 129 13/740
129 131 131 116/961
129 131 130 109/983
131 131 131 131/945
131 131 130 76/585
130 132 132 25/392
130 132 131 -27/997
132 132 132 8/51
132 132 131 10/421
129 133 133 8/57
129 133 132 43/306
131 133 133 113/711
131 133 132 157/963
133 133 133 138/835
133 133 132 105/671
130 134 134 115/719
130 134 133 22/731
132 134 134 62/941
132 134 133 -39/977
133 134 134 14/689
133 134 133 -3/784
134 134 134 187/967
134 134 133 11/357
129 135 135 91/502
129 135 134 132/647
131 135 135 157/803
131 135 134 40/181
132 135 135 43/213
132 135 134 139/437
133 135 135 199/958
133 135 134 141/617
134 135 135 212/995
134 135 134 239/666
135 135 135 24/119
135 135 134 191/999
128 136 136 111/572
128 136 135 11/240
130 136 136 131/623
130 136 135 37/707
131 136 136 213/979
131 136 135 77/797
132 136 136 83/370
132 136 135 37/671
133 136 136 157/681
133 136 135 16/141
134 136 136 30/127
134 136 135 9/172
135 136 136 237/982
135 136 135 125/927
136 136 136 74/945
136 136 135 -17/232
127 137 137 12/155
127 137 136 -13/937
128 137 137 5/82
128 137 136 -5/873
129 137 137 29/394
129 137 136 -23/880
130 137 137 37/691
130 137 136 -6/449
131 137 137 124/473
131 137 136 29/89
132 137 137 221/829
132 137 136 321/797
133 137 137 226/835
133 137 136 162/491
134 137 137 166/605
134 137 136 350/807
135 137 137 62/825
135 137 136 -62/971
136 137 137 23/990
136 137 136 -10/617
137 137 137 40/463
137 137 136 -67/806
124 138 138 167/639
124 138 137 39/557
125 138 138 182/677
125 138 137 17/189
126 138 138 258/935
126 138 137 46/587
127 138 138 132/467
127 138 137 61/602
128 138 138 63/218
128 138 137 59/694
129 138 138 274/929
129 138 137 101/898
130 138 138 296/985
130 138 137 49/547
131 138 138 188/615
131 138 137 113/912
132 138 138 222/715
132 138 137 79/865
133 138 138 131/416
133 138 137 85/622
134 138 138 96/301
134 138 137 15/169
135 138 138 10/31
135 138 137 151/987
136 138 138 29/89
136 138 137 21/268
137 138 138 214/651
137 138 137 177/991
138 138 138 209/631
138 138 137 43/854
120 139 139 305/887
120 139 138 247/531
121 139 139 328/941
121 139 138 374/813
122 139 139 304/861
122 139 138 82/169
123 139 139 104/291
123 139 138 323/678
124 139 139 77/213
124 139 138 312/619
125 139 139 262/717
125 139 138 446/909
126 139 139 361/978
126 139 138 394/755
127 139 139 275/738
127 139 138 299/595
128 139 139 50/133
128 139 138 325/603
129 139 139 246/649
129 139 138 375/733
130 139 139 309/809
130 139 138 467/840
131 139 139 382/993
131 139 138 287/555
132 139 139 362/935
132 139 138 237/413
133 139 139 37/95
133 139 138 456/881
134 139 139 186/475
134 139 138 69/116
135 139 139 157/399
135 139 138 313/614
136 139 139 115/291
136 139 138 589/944
137 139 139 48/121
137 139 138 50/103
138 139 139 328/839
138 139 138 80/121
139 139 139 93/268
139 139 138 307/976
114 140 140 103/258
114 140 139 37/360
115 140 140 289/712
115 140 139 97/864
116 140 140 167/405
116 140 139 106/947
117 140 140 239/571
117 140 139 119/977
118 140 140 121/285
118 140 139 94/781
119 140 140 105/244
119 140 139 17/130
120 140 140 418/959
120 140 139 53/414
121 140 140 15/34
121 140 139 109/783
122 140 140 407/912
122 140 139 128/949
123 140 140 277/614
123 140 139 39/265
124 140 140 438/961
124 140 139 112/795
125 140 140 393/854
125 140 139 149/963
126 140 140 189/407
126 140 139 143/980
127 140 140 244/521
127 140 139 81/500
128 140 140 414/877
128 140 139 46/307
129 140 140 146/307
129 140 139 100/591
130 140 140 283/591
130 140 139 71/466
131 140 140 466/967
131 140 139 167/945
132 140 140 127/262
132 140 139 119/778
133 140 140 327/671
133 140 139 68/367
134 140 140 452/923
134 140 139 137/910
135 140 140 151/307
135 140 139 34/173
136 140 140 397/804
136 140 139 80/561
137 140 140 219/442
137 140 139 56/261
138 140 140 244/491
138 140 139 110/901
139 140 140 413/829
139 140 139 194/769
140 140 140 315/631
140 140 139 57/902
101 141 141 239/741
101 141 140 187/896
102 141 141 216/665
102 141 140 169/779
103 141 141 193/586
103 141 140 189/844
104 141 141 282/851
104 141 140 170/733
105 141 141 216/643
105 141 140 183/767
106 141 141 259/767
106 141 140 185/751
107 141 141 166/485
107 141 140 164/649
108 141 141 11/32
108 141 140 191/734
109 141 141 316/907
109 141 140 233/875
110 141 141 79/226
110 141 140 113/413
111 141 141 163/460
111 141 140 278/995
112 141 141 320/901
112 141 140 49/171
113 141 141 103/286
113 141 140 248/849
114 141 141 353/979
114 141 140 271/906
115 141 141 274/749
115 141 140 95/312
116 141 141 349/954
116 141 140 265/851
117 141 141 354/953
117 141 140 310/979
118 141 141 23/62
118 141 140 11/34
119 141 141 353/936
119 141 140 313/952
120 141 141 44/117
120 141 140 142/423
121 141 141 383/1000
121 141 140 161/472
122 141 141 329/863
122 141 140 305/876
123 141 141 65/167
123 141 140 314/887
124 141 141 346/895
124 141 140 262/725
125 141 141 267/674
125 141 140 279/758
126 141 141 31/79
126 141 140 241/641
127 141 141 397/982
127 141 140 289/752
128 141 141 172/431
128 141 140 329/837
129 141 141 114/275
129 141 140 91/225
130 141 141 380/933
130 141 140 216/521
131 141 141 427/996
131 141 140 326/755
132 141 141 323/772
132 141 140 207/466
133 141 141 371/824
133 141 140 407/860
134 141 141 433/995
134 141 140 469/958
135 141 141 437/896
135 141 140 433/794
136 141 141 13/28
136 141 140 463/814
137 141 141 262/501
137 141 140 415/689
138 141 141 37/77
138 141 140 452/711
139 141 141 435/653
139 141 140 859/987
140 141 141 564/955
140 141 140 572/595
141 141 141 357/661
141 141 140 340/779
76 142 142 25/191
76 142 141 28/601
77 142 142 9/67
77 142 141 43/904
78 142 142 4/29
78 142 141 22/453
79 142 142 88/623
79 142 141 46/929
80 142 142 109/753
80 142 141 26/515
81 142 142 62/419
81 142 141 42/817
82 142 142 33/218
82 142 141 49/936
83 142 142 93/602
83 142 141 32/601
84 142 142 83/526
84 142 141 54/997
85 142 142 114/709
85 142 141 29/527
86 142 142 154/939
86 142 141 17/304
87 142 142 125/749
87 142 141 55/969
88 142 142 144/847
88 142 141 17/295
89 142 142 113/654
89 142 141 53/907
90 142 142 173/984
90 142 141 23/388
91 142 142 131/734
91 142 141 57/949
92 142 142 41/226
92 142 141 54/887
93 142 142 39/212
93 142 141 58/941
94 142 142 17/91
94 142 141 55/881
95 142 142 95/502
95 142 141 6/95
96 142 142 173/901
96 142 141 14/219
97 142 142 137/705
97 142 141 17/263
98 142 142 171/868
98 142 141 61/933
99 142 142 50/251
99 142 141 22/333
100 142 142 112/555
100 142 141 37/554
101 142 142 21/103
101 142 141 23/341
102 142 142 58/281
102 142 141 49/719
103 142 142 204/979
103 142 141 41/596
104 142 142 191/906
104 142 141 38/547
105 142 142 131/616
105 142 141 64/913
106 142 142 143/665
106 142 141 15/212
107 142 142 75/346
107 142 141 71/995
108 142 142 85/388
108 142 141 62/861
109 142 142 111/503
109 142 141 57/785
110 142 142 35/157
110 142 141 55/751
111 142 142 57/254
111 142 141 68/921
112 142 142 172/759
112 142 141 37/497
113 142 142 163/715
113 142 141 40/533
114 142 142 197/856
114 142 141 32/423
115 142 142 59/255
115 142 141 71/931
116 142 142 209/895
116 142 141 76/989
117 142 142 145/618
117 142 141 51/658
118 142 142 179/756
118 142 141 56/717
119 142 142 233/980
119 142 141 29/368
120 142 142 131/546
120 142 141 59/743
121 142 142 157/652
121 142 141 49/611
122 142 142 61/251
122 142 141 75/928
123 142 142 167/685
123 142 141 56/685
124 142 142 207/841
124 142 141 59/716
125 142 142 214/867
125 142 141 59/706
126 142 142 193/774
126 142 141 15/178
127 142 142 1/4
127 142 141 23/268
128 142 142 133/526
128 142 141 75/866
129 142 142 209/824
129 142 141 73/822
130 142 142 102/397
130 142 141 48/535
131 142 142 255/988
131 142 141 89/956
132 142 142 259/988
132 142 141 75/796
133 142 142 60/227
133 142 141 81/811
134 142 142 24/89
134 142 141 67/661
135 142 142 151/550
135 142 141 72/643
136 142 142 234/829
136 142 141 80/701
137 142 142 269/911
137 142 141 67/487
138 142 142 307/997
138 142 141 57/404
139 142 142 272/825
139 142 141 101/919
140 142 142 292/655
140 142 141 374/941
141 142 142 299/641
141 142 141 412/943
142 142 142 264/449
142 142 141 43/526
