# UNIF(n=63,lo,hi): D_ren + dipoles; lines "lo hi level amplitude" for the corrected intervals
51 51 51 33/287
51 51 50 -1/223
52 52 52 139/958
52 52 51 65/536
53 53 53 124/751
53 53 52 4/349
54 54 54 133/704
54 54 53 15/89
53 55 55 36/203
53 55 54 1/90
55 55 55 76/831
55 55 54 -62/955
54 56 56 74/813
54 56 55 -31/986
56 56 56 91/1000
56 56 55 -70/949
53 57 57 251/975
53 57 56 41/928
55 57 57 273/929
55 57 56 49/888
56 57 57 123/398
56 57 56 153/931
57 57 57 164/509
57 57 56 40/913
52 58 58 329/955
52 58 57 415/962
53 58 58 346/973
53 58 57 61/116
54 58 58 298/815
54 58 57 424/929
55 58 58 127/339
55 58 57 204/349
56 58 58 329/860
56 58 57 11/24
57 58 58 121/315
57 58 57 129/199
58 58 58 119/921
58 58 57 -34/281
49 59 59 331/852
49 59 58 69/836
50 59 59 176/435
50 59 58 113/966
51 59 59 271/646
51 59 58 101/985
52 59 59 373/861
52 59 58 67/467
53 59 59 382/857
53 59 58 102/875
54 59 59 346/757
54 59 58 161/949
55 59 59 463/991
55 59 58 26/213
56 59 59 469/985
56 59 58 107/536
57 59 59 481/994
57 59 58 111/991
58 59 59 437/891
58 59 58 233/946
59 59 59 297/599
59 59 58 59/974
45 60 60 229/680
45 60 59 217/832
46 60 60 293/826
46 60 59 71/252
47 60 60 335/943
47 60 59 267/883
48 60 60 337/896
48 60 59 90/277
49 60 60 298/797
49 60 59 161/466
50 60 60 2/5
50 60 59 359/964
51 60 60 331/840
51 60 59 319/810
52 60 60 417/970
52 60 59 191/443
53 60 60 403/963
53 60 59 177/389
54 60 60 231/487
54 60 59 323/624
55 60 60 241/531
55 60 59 313/572
56 60 60 508/987
56 60 59 450/769
57 60 60 440/927
57 60 59 53/85
58 60 60 247/372
58 60 59 265/306
59 60 60 540/917
59 60 59 887/926
60 60 60 315/584
60 60 59 241/554
33 61 61 57/430
33 61 60 5/103
34 61 61 128/913
34 61 60 19/373
35 61 61 101/680
35 61 60 9/169
36 61 61 68/437
36 61 60 1/18
37 61 61 112/685
37 61 60 19/329
38 61 61 135/794
38 61 60 3/50
39 61 61 30/169
39 61 60 9/145
40 61 61 20/109
40 61 60 61/949
41 61 61 73/383
41 61 60 43/649
42 61 61 89/454
42 61 60 68/993
43 61 61 201/991
43 61 60 19/270
44 61 61 75/361
44 61 60 69/949
45 61 61 3/14
45 61 60 12/161
46 61 61 212/969
46 61 60 55/713
47 61 61 195/866
47 61 60 67/849
48 61 61 208/907
48 61 60 75/914
49 61 61 178/755
49 61 60 55/656
50 61 61 201/838
50 61 60 64/727
51 61 61 237/961
51 61 60 49/545
52 61 61 243/967
52 61 60 18/187
53 61 61 196/757
53 61 60 97/986
54 61 61 88/331
54 61 60 63/575
55 61 61 241/875
55 61 60 101/900
56 61 61 257/886
56 61 60 133/977
57 61 61 59/194
57 61 60 78/557
58 61 61 304/929
58 61 60 107/981
59 61 61 155/348
59 61 60 207/517
60 61 61 168/359
60 61 60 159/365
61 61 61 479/814
61 61 60 56/689
