# UNIF(n=44,lo,hi): D_ren + dipoles; lines "lo hi level amplitude" for the corrected intervals
34 34 34 113/883
34 34 33 -2/195
35 35 35 79/451
35 35 34 17/122
36 36 36 103/960
36 36 35 -24/457
37 37 37 86/877
37 37 36 -1/16
36 38 38 34/135
36 38 37 5/169
38 38 38 9/29
38 38 37 34/929
35 39 39 103/313
35 39 38 257/686
37 39 39 186/511
37 39 38 208/499
38 39 39 263/697
38 39 38 79/125
39 39 39 331/971
39 39 38 274/909
34 40 40 71/183
34 40 39 68/849
35 40 40 304/739
35 40 39 107/760
36 40 40 431/997
36 40 39 1/10
37 40 40 444/985
37 40 39 47/256
38 40 40 323/692
38 40 39 94/929
39 40 40 378/787
39 40 39 172/717
40 40 40 57/116
40 40 39 55/952
31 41 41 125/339
31 41 40 88/305
32 41 41 240/653
32 41 40 151/468
33 41 41 316/775
33 41 40 223/600
34 41 41 265/662
34 41 40 301/741
35 41 41 28/61
35 41 40 433/908
36 41 41 404/913
36 41 40 263/509
37 41 41 133/263
37 41 40 481/857
38 41 41 59/126
38 41 40 316/521
39 41 41 556/841
39 41 40 742/865
40 41 41 47/80
40 41 40 619/649
41 41 41 118/219
41 41 40 432/997
24 42 42 136/963
24 42 41 49/920
25 42 42 7/46
25 42 41 37/646
26 42 42 159/967
26 42 41 25/412
27 42 42 19/109
27 42 41 23/355
28 42 42 89/479
28 42 41 38/559
29 42 42 126/647
29 42 41 66/911
30 42 42 80/389
30 42 41 4/53
31 42 42 209/977
31 42 41 43/532
32 42 42 86/383
32 42 41 63/752
33 42 42 206/885
33 42 41 41/450
34 42 42 220/903
34 42 41 85/903
35 42 42 253/998
35 42 41 64/603
36 42 42 55/207
36 42 41 107/977
37 42 42 251/888
37 42 41 109/813
38 42 42 210/703
38 42 41 119/859
39 42 42 191/590
39 42 41 101/936
40 42 42 383/861
40 42 41 248/613
41 42 42 227/483
41 42 41 321/739
42 42 42 268/455
42 42 41 78/965
