# UNIF(n=149,lo,hi): D_ren + dipoles; lines "lo hi level amplitude" for the corrected intervals
127 127 127 58/997
127 127 126 -3/857
128 128 128 21/578
128 128 127 -3/512
129 129 129 61/834
129 129 128 1/564
130 130 130 17/458
130 130 129 -4/325
131 131 131 6/67
131 131 130 7/997
132 132 132 39/389
132 132 131 77/862
133 133 133 61/564
133 133 132 12/971
134 134 134 85/719
134 134 133 83/759
133 135 135 91/893
133 135 134 2/301
135 135 135 79/607
135 135 134 4/223
134 136 136 73/594
134 136 135 96/829
136 136 136 134/965
136 136 135 124/949
135 137 137 37/591
135 137 136 -7/247
137 137 137 152/965
137 137 136 19/791
134 138 138 84/587
134 138 137 122/831
136 138 138 159/991
136 138 137 166/997
138 138 138 112/677
138 138 137 111/707
133 139 139 91/636
133 139 138 5/214
135 139 139 153/941
135 139 138 31/994
137 139 139 19/292
137 139 138 -2/49
138 139 139 19/960
138 139 138 -3/682
139 139 139 69/356
139 139 138 19/613
134 140 140 108/587
134 140 139 121/575
136 140 140 189/958
136 140 139 127/564
137 140 140 164/807
137 140 139 71/221
138 140 140 173/829
138 140 139 3/13
139 140 140 25/117
139 140 139 49/136
140 140 140 181/897
140 140 139 131/684
133 141 141 53/268
133 141 140 26/549
135 141 141 33/155
135 141 140 25/468
136 141 141 78/355
136 141 140 74/759
137 141 141 33/146
137 141 140 11/197
138 141 141 185/798
138 141 140 35/307
139 141 141 152/641
139 141 140 42/797
140 141 141 232/959
140 141 140 62/459
141 141 141 44/563
141 141 140 -70/953
132 142 142 41/544
132 142 141 -11/686
133 142 142 28/473
133 142 141 -2/263
134 142 142 8/111
134 142 141 -26/937
135 142 142 36/689
135 142 141 -11/747
136 142 142 149/565
136 142 141 245/743
137 142 142 15/56
137 142 141 233/574
138 142 142 254/935
138 142 141 245/737
139 142 142 271/985
139 142 141 382/877
140 142 142 35/468
140 142 141 -44/685
141 142 142 11/478
141 142 141 -5/304
142 142 142 56/649
142 142 141 -73/877
129 143 143 128/481
129 143 142 48/667
130 143 143 198/725
130 143 142 75/818
131 143 143 127/454
131 143 142 76/951
132 143 143 276/965
132 143 142 99/964
133 143 143 47/161
133 143 142 5/58
134 143 143 130/437
134 143 142 100/881
135 143 143 79/261
135 143 142 56/619
136 143 143 274/891
136 143 142 89/714
137 143 143 39/125
137 143 142 89/968
138 143 143 300/949
138 143 142 134/977
139 143 143 230/719
139 143 142 23/258
140 143 143 204/631
140 143 142 145/946
141 143 143 249/763
141 143 142 59/751
142 143 143 51/155
142 143 142 163/912
143 143 143 56/169
143 143 142 37/734
124 144 144 154/449
124 144 143 284/627
125 144 144 179/515
125 144 143 447/940
126 144 144 107/304
126 144 143 208/443
127 144 144 239/671
127 144 143 403/816
128 144 144 344/955
128 144 143 431/890
129 144 144 320/879
129 144 143 298/583
130 144 144 296/805
130 144 143 84/169
131 144 144 121/326
131 144 143 67/127
132 144 144 252/673
132 144 143 67/132
133 144 144 373/988
133 144 143 194/357
134 144 144 35/92
134 144 143 50/97
135 144 144 241/629
135 144 143 283/506
136 144 144 140/363
136 144 143 417/802
137 144 144 272/701
137 144 143 189/328
138 144 144 389/997
138 144 143 359/691
139 144 144 369/941
139 144 143 560/939
140 144 144 388/985
140 144 143 419/820
141 144 144 176/445
141 144 143 448/717
142 144 144 360/907
142 144 143 453/932
143 144 144 52/133
143 144 143 248/375
144 144 144 31/244
144 144 143 -53/422
117 145 145 251/639
117 145 144 76/793
118 145 145 292/731
118 145 144 92/877
119 145 145 179/441
119 145 144 63/598
120 145 145 401/973
120 145 144 93/811
121 145 145 235/562
121 145 144 29/254
122 145 145 315/743
122 145 144 83/670
123 145 145 125/291
123 145 144 107/875
124 145 145 361/830
124 145 144 79/596
125 145 145 305/693
125 145 144 80/617
126 145 145 389/874
126 145 144 75/533
127 145 145 269/598
127 145 144 56/411
128 145 145 239/526
128 145 144 61/411
129 145 145 361/787
129 145 144 24/169
130 145 145 305/659
130 145 144 19/122
131 145 145 463/992
131 145 144 132/899
132 145 145 342/727
132 145 144 162/995
133 145 145 109/230
133 145 144 109/724
134 145 145 251/526
134 145 144 161/948
135 145 145 231/481
135 145 144 87/569
136 145 145 243/503
136 145 144 132/745
137 145 145 477/982
137 145 144 71/463
138 145 145 227/465
138 145 144 129/695
139 145 145 51/104
139 145 144 149/988
140 145 145 259/526
140 145 144 169/859
141 145 145 468/947
141 145 144 142/995
142 145 145 176/355
142 145 144 196/913
143 145 145 436/877
143 145 144 70/573
144 145 145 295/592
144 145 144 163/646
145 145 145 338/677
145 145 144 61/965
105 146 146 17/53
105 146 145 161/751
106 146 146 133/409
106 146 145 111/502
107 146 146 291/889
107 146 145 151/660
108 146 146 281/847
108 146 145 183/778
109 146 146 333/998
109 146 145 124/511
110 146 146 260/769
110 146 145 207/832
111 146 146 53/156
111 146 145 223/871
112 146 146 158/459
112 146 145 259/989
113 146 146 47/136
113 146 145 263/978
114 146 146 229/654
114 146 145 14/51
115 146 146 334/951
115 146 145 83/295
116 146 146 205/576
116 146 145 166/579
117 146 146 245/687
117 146 145 49/167
118 146 146 201/556
118 146 145 226/757
119 146 146 148/409
119 146 145 267/875
120 146 146 69/188
120 146 145 236/761
121 146 146 131/357
121 146 145 291/919
122 146 146 149/400
122 146 145 227/706
123 146 146 273/734
123 146 145 145/442
124 146 146 234/619
124 146 145 293/880
125 146 146 274/727
125 146 145 255/751
126 146 146 373/972
126 146 145 61/177
127 146 146 283/741
127 146 145 175/498
128 146 146 361/926
128 146 145 126/353
129 146 146 386/997
129 146 145 162/445
130 146 146 332/837
130 146 145 256/691
131 146 146 11/28
131 146 145 287/759
132 146 146 380/939
132 146 145 314/813
133 146 146 141/353
133 146 145 392/993
134 146 146 134/323
134 146 145 356/877
135 146 146 97/238
135 146 145 309/743
136 146 146 365/851
136 146 145 429/991
137 146 146 18/43
137 146 145 211/474
138 146 146 109/242
138 146 145 210/443
139 146 146 249/572
139 146 145 476/971
140 146 146 421/863
140 146 145 369/676
141 146 146 176/379
141 146 145 547/961
142 146 146 284/543
142 146 145 229/380
143 146 146 371/772
143 146 145 138/217
144 146 146 467/701
144 146 145 168/193
145 146 146 401/679
145 146 145 722/751
146 146 146 485/898
146 146 145 213/488
78 147 147 127/975
78 147 146 9/194
79 147 147 21/157
79 147 146 44/929
80 147 147 124/905
80 147 146 24/497
81 147 147 124/883
81 147 146 42/853
82 147 147 28/195
82 147 146 18/359
83 147 147 88/599
83 147 146 12/235
84 147 147 148/987
84 147 146 51/982
85 147 147 55/359
85 147 146 41/776
86 147 147 109/698
86 147 146 35/652
87 147 147 101/634
87 147 146 52/953
88 147 147 6/37
88 147 146 52/939
89 147 147 19/115
89 147 146 51/907
90 147 147 43/256
90 147 146 41/719
91 147 147 20/117
91 147 146 7/121
92 147 147 117/674
92 147 146 17/290
93 147 147 3/17
93 147 146 35/589
94 147 147 99/553
94 147 146 21/349
95 147 147 2/11
95 147 146 59/968
96 147 147 171/928
96 147 146 14/227
97 147 147 23/123
97 147 146 54/865
98 147 147 188/993
98 147 146 63/998
99 147 147 43/224
99 147 146 44/689
100 147 147 87/448
100 147 146 63/976
101 147 147 85/432
101 147 146 46/705
102 147 147 71/357
102 147 146 23/349
103 147 147 59/293
103 147 146 60/901
104 147 147 12/59
104 147 146 8/119
105 147 147 135/656
105 147 146 59/869
106 147 147 205/987
106 147 146 57/832
107 147 147 205/976
107 147 146 37/535
108 147 147 68/321
108 147 146 68/975
109 147 147 179/836
109 147 146 29/412
110 147 147 112/519
110 147 146 11/155
111 147 147 213/977
111 147 146 33/461
112 147 147 74/337
112 147 146 57/790
113 147 147 206/929
113 147 146 55/756
114 147 147 177/793
114 147 146 64/873
115 147 147 162/719
115 147 146 62/839
116 147 147 216/953
116 147 146 72/967
117 147 147 207/905
117 147 146 58/773
118 147 147 195/848
118 147 146 57/754
119 147 147 29/125
119 147 146 54/709
120 147 147 169/725
120 147 146 67/873
121 147 147 87/370
121 147 146 77/996
122 147 147 183/775
122 147 146 6/77
123 147 147 161/676
123 147 146 77/981
124 147 147 60/251
124 147 146 68/859
125 147 147 156/647
125 147 146 61/765
126 147 147 82/339
126 147 146 45/559
127 147 147 194/795
127 147 146 3/37
128 147 147 231/944
128 147 146 36/439
129 147 147 203/822
129 147 146 49/593
130 147 147 51/206
130 147 146 63/752
131 147 147 1/4
131 147 146 69/817
132 147 147 199/794
132 147 146 27/314
133 147 147 75/296
133 147 146 55/634
134 147 147 232/913
134 147 146 41/461
135 147 147 79/307
135 147 146 38/423
136 147 147 222/859
136 147 146 89/955
137 147 147 153/583
137 147 146 48/509
138 147 147 168/635
138 147 146 99/991
139 147 147 163/604
139 147 146 93/917
140 147 147 214/779
140 147 146 41/366
141 147 147 146/517
141 147 146 104/911
142 147 147 262/887
142 147 146 131/952
143 147 147 235/763
143 147 146 127/900
144 147 147 245/743
144 147 146 51/464
145 147 147 399/895
145 147 146 122/307
146 147 147 403/864
146 147 146 322/737
147 147 147 391/665
147 147 146 56/685
