# UNIF(n=36,lo,hi): D_ren + dipoles; lines "lo hi level amplitude" for the corrected intervals
27 27 27 97/640
27 27 26 18/193
28 28 28 119/967
28 28 27 -2/49
29 29 29 38/363
29 29 28 -29/565
30 30 30 127/425
30 30 29 23/787
29 31 31 119/344
29 31 30 48/127
31 31 31 26/77
31 31 30 291/989
28 32 32 335/841
28 32 31 74/957
29 32 32 291/683
29 32 31 133/796
30 32 32 248/551
30 32 31 66/733
31 32 32 342/727
31 32 31 164/703
32 32 32 320/657
32 32 31 50/911
25 33 33 72/187
25 33 32 125/397
26 33 33 179/469
26 33 32 251/698
27 33 33 433/980
27 33 32 259/596
28 33 33 81/188
28 33 32 353/724
29 33 33 212/427
29 33 32 365/678
30 33 33 440/953
30 33 32 278/471
31 33 33 79/120
31 33 32 91/107
32 33 33 317/541
32 33 32 283/298
33 33 33 416/773
33 33 32 347/804
20 34 34 90/607
20 34 33 8/139
21 34 34 160/989
21 34 33 5/79
22 34 34 43/243
22 34 33 59/874
23 34 34 7/37
23 34 33 71/960
24 34 34 198/973
24 34 33 77/988
25 34 34 94/437
25 34 33 5/58
26 34 34 134/585
26 34 33 89/988
27 34 34 117/484
27 34 33 97/943
28 34 34 249/971
28 34 33 77/720
29 34 34 35/127
29 34 33 72/545
30 34 34 283/964
30 34 33 126/919
31 34 34 33/103
31 34 33 11/103
32 34 34 315/709
32 34 33 172/421
33 34 34 269/570
33 34 33 401/926
34 34 34 441/748
34 34 33 74/921
