# UNIF(n=231,lo,hi): D_ren + dipoles; lines "lo hi level amplitude" for the corrected intervals
201 201 201 34/831
201 201 200 -3/929
202 202 202 12/445
202 202 201 -2/795
203 203 203 8/163
203 203 202 0
204 204 204 6/221
204 204 203 -3/499
205 205 205 53/918
205 205 204 1/371
206 206 206 13/470
206 206 205 -4/417
207 207 207 56/835
207 207 206 2/353
208 208 208 1/35
208 208 207 -13/976
209 209 209 15/194
209 209 208 6/691
210 210 210 5/167
210 210 209 -6/347
209 211 211 45/694
209 211 210 0
211 211 211 55/619
211 211 210 3/254
210 212 212 25/666
210 212 211 -1/201
212 212 212 2/21
212 212 211 23/257
211 213 213 57/689
211 213 212 1/140
213 213 213 52/509
213 213 212 15/992
212 214 214 73/771
212 214 213 61/696
214 214 214 11/102
214 214 213 89/868
211 215 215 81/947
211 215 214 3/409
213 215 215 73/711
213 215 214 2/139
215 215 215 116/983
215 215 214 17/908
212 216 216 25/583
212 216 215 -6/869
214 216 216 11/95
214 216 215 3/26
216 216 216 42/341
216 216 215 93/788
213 217 217 77/684
213 217 216 1/54
215 217 217 55/437
215 217 216 13/584
217 217 217 41/298
217 217 216 9/395
212 218 218 59/494
212 218 217 124/993
214 218 218 123/940
214 218 217 121/871
216 218 218 141/1000
216 218 217 128/865
218 218 218 56/393
218 218 217 125/912
211 219 219 109/904
211 219 218 11/486
213 219 219 88/661
213 219 218 18/647
215 219 219 41/284
215 219 218 13/420
217 219 219 22/437
217 219 218 -22/609
218 219 219 10/63
218 219 218 59/648
219 219 219 50/307
219 219 218 10/363
212 220 220 145/978
212 220 219 167/987
214 220 220 155/984
214 220 219 61/338
215 220 220 11/68
215 220 219 239/968
216 220 220 30/181
216 220 219 157/837
217 220 220 161/950
217 220 219 253/936
218 220 220 78/451
218 220 219 141/746
219 220 220 167/948
219 220 219 236/795
220 220 220 155/923
220 220 219 140/867
211 221 221 43/274
211 221 220 15/386
213 221 221 158/945
213 221 220 5/116
214 221 221 60/349
214 221 220 47/627
215 221 221 109/618
215 221 220 12/263
216 221 221 13/72
216 221 220 82/965
217 221 221 183/992
217 221 220 29/633
218 221 221 19/101
218 221 220 45/467
219 221 221 32/567
219 221 220 -39/841
220 221 221 13/908
220 221 220 -6/757
221 221 221 77/390
221 221 220 14/419
210 222 222 166/897
210 222 221 196/865
212 222 222 93/482
212 222 221 180/757
213 222 222 127/646
213 222 221 188/663
214 222 222 1/5
214 222 221 199/808
215 222 222 37/182
215 222 221 113/375
216 222 222 13/63
216 222 221 89/354
217 222 222 159/760
217 222 221 113/353
218 222 222 207/977
218 222 221 232/921
219 222 222 212/989
219 222 221 151/442
220 222 222 167/771
220 222 221 235/958
221 222 222 89/407
221 222 221 75/203
222 222 222 145/713
222 222 221 139/715
207 223 223 15/77
207 223 222 43/807
209 223 223 129/631
209 223 222 35/597
210 223 223 201/962
210 223 222 16/207
211 223 223 29/136
211 223 222 59/936
212 223 223 133/612
212 223 222 54/637
213 223 223 215/972
213 223 222 66/995
214 223 223 161/716
214 223 222 64/693
215 223 223 129/565
215 223 222 32/469
216 223 223 179/773
216 223 222 25/249
217 223 223 80/341
217 223 222 55/806
218 223 223 85/358
218 223 222 105/958
219 223 223 193/804
219 223 222 7/107
220 223 223 217/895
220 223 222 65/536
221 223 223 229/936
221 223 222 45/778
222 223 223 92/373
222 223 222 13/94
223 223 223 41/536
223 223 222 -53/711
204 224 224 66/887
204 224 223 -6/863
205 224 224 44/653
205 224 223 -3/590
206 224 224 71/995
206 224 223 -5/356
207 224 224 51/802
207 224 223 -3/272
208 224 224 49/713
208 224 223 -9/434
209 224 224 35/584
209 224 223 -15/919
210 224 224 53/797
210 224 223 -15/554
211 224 224 55/976
211 224 223 -16/765
212 224 224 59/911
212 224 223 -27/815
213 224 224 23/436
213 224 223 -11/445
214 224 224 7/110
214 224 223 -30/769
215 224 224 22/449
215 224 223 -4/145
216 224 224 44/695
216 224 223 -34/757
217 224 224 36/803
217 224 223 -11/376
218 224 224 268/969
218 224 223 143/404
219 224 224 59/212
219 224 223 163/383
220 224 224 185/661
220 224 223 191/549
221 224 224 247/878
221 224 223 428/957
222 224 224 49/674
222 224 223 -11/161
223 224 224 20/921
223 224 223 -3/158
224 224 224 82/957
224 224 223 -84/995
199 225 225 151/583
199 225 224 71/993
200 225 225 207/785
200 225 224 7/87
201 225 225 217/809
201 225 224 46/593
202 225 225 235/862
202 225 224 44/505
203 225 225 219/791
203 225 224 39/469
204 225 225 270/961
204 225 224 43/460
205 225 225 249/874
205 225 224 86/975
206 225 225 263/911
206 225 224 43/432
207 225 225 145/496
207 225 224 61/658
208 225 225 71/240
208 225 224 59/560
209 225 225 257/859
209 225 224 31/321
210 225 225 241/797
210 225 224 110/991
211 225 225 208/681
211 225 224 38/381
212 225 225 37/120
212 225 224 83/712
213 225 225 289/929
213 225 224 99/970
214 225 225 181/577
214 225 224 50/409
215 225 225 233/737
215 225 224 28/271
216 225 225 107/336
216 225 224 111/865
217 225 225 42/131
217 225 224 56/543
218 225 225 271/840
218 225 224 41/303
219 225 225 281/866
219 225 224 53/526
220 225 225 137/420
220 225 224 117/811
221 225 225 235/717
221 225 224 59/623
222 225 225 79/240
222 225 224 71/451
223 225 225 38/115
223 225 224 18/221
224 225 225 309/932
224 225 224 50/277
225 225 225 271/815
225 225 224 44/859
193 226 226 113/328
193 226 225 402/865
194 226 226 189/544
194 226 225 145/312
195 226 226 200/571
195 226 225 81/170
196 226 226 263/745
196 226 225 359/755
197 226 226 53/149
197 226 225 296/607
198 226 226 110/307
198 226 225 286/589
199 226 226 328/909
199 226 225 144/289
200 226 226 93/256
200 226 225 489/988
201 226 226 132/361
201 226 225 91/179
202 226 226 202/549
202 226 225 491/975
203 226 226 258/697
203 226 225 72/139
204 226 226 86/231
204 226 225 423/827
205 226 226 362/967
205 226 225 505/958
206 226 226 353/938
206 226 225 293/565
207 226 226 73/193
207 226 225 112/209
208 226 226 347/913
208 226 225 349/665
209 226 226 21/55
209 226 225 43/79
210 226 226 209/545
210 226 225 141/266
211 226 226 320/831
211 226 225 447/809
212 226 226 346/895
212 226 225 523/979
213 226 226 201/518
213 226 225 60/107
214 226 226 301/773
214 226 225 254/473
215 226 226 377/965
215 226 225 341/599
216 226 226 386/985
216 226 225 439/816
217 226 226 281/715
217 226 225 467/807
218 226 226 305/774
218 226 225 449/837
219 226 226 143/362
219 226 225 390/661
220 226 226 97/245
220 226 225 499/940
221 226 226 340/857
221 226 225 468/773
222 226 226 126/317
222 226 225 461/890
223 226 226 299/751
223 226 225 63/100
224 226 226 311/780
224 226 225 377/770
225 226 226 67/171
225 226 225 299/451
226 226 226 125/986
226 226 225 -27/214
181 227 227 34/87
181 227 226 81/844
182 227 227 179/453
182 227 226 59/585
183 227 227 264/661
183 227 226 85/831
184 227 227 136/337
184 227 226 100/933
185 227 227 395/969
185 227 226 13/120
186 227 227 347/843
186 227 226 41/362
187 227 227 91/219
187 227 226 55/482
188 227 227 13/31
188 227 226 73/613
189 227 227 11/26
189 227 226 61/510
190 227 227 294/689
190 227 226 47/377
191 227 227 219/509
191 227 226 92/737
192 227 227 337/777
192 227 226 120/923
193 227 227 337/771
193 227 226 129/994
194 227 227 277/629
194 227 226 127/940
195 227 227 401/904
195 227 226 130/967
196 227 227 419/938
196 227 226 97/693
197 227 227 161/358
197 227 226 93/670
198 227 227 196/433
198 227 226 59/408
199 227 227 302/663
199 227 226 1/7
200 227 227 291/635
200 227 226 145/973
201 227 227 59/128
201 227 226 105/716
202 227 227 197/425
202 227 226 135/881
203 227 227 439/942
203 227 226 80/533
204 227 227 141/301
204 227 226 103/655
205 227 227 161/342
205 227 226 91/594
206 227 227 254/537
206 227 226 82/509
207 227 227 411/865
207 227 226 109/699
208 227 227 157/329
208 227 226 163/989
209 227 227 472/985
209 227 226 157/992
210 227 227 470/977
210 227 226 95/564
211 227 227 324/671
211 227 226 49/306
212 227 227 157/324
212 227 226 149/866
213 227 227 405/833
213 227 226 113/700
214 227 227 298/611
214 227 226 151/859
215 227 227 384/785
215 227 226 81/500
216 227 227 259/528
216 227 226 157/873
217 227 227 30/61
217 227 226 132/817
218 227 227 246/499
218 227 226 163/883
219 227 227 167/338
219 227 226 113/708
220 227 227 353/713
220 227 226 112/587
221 227 227 373/752
221 227 226 91/587
222 227 227 315/634
222 227 226 1/5
223 227 227 413/830
223 227 226 110/757
224 227 227 142/285
224 227 226 186/859
225 227 227 421/844
225 227 226 39/316
226 227 227 356/713
226 227 226 227/897
227 227 227 499/999
227 227 226 42/661
162 228 228 107/336
162 228 227 20/97
163 228 228 316/987
163 228 227 202/957
164 228 228 212/657
164 228 227 213/989
165 228 228 323/996
165 228 227 212/963
166 228 228 283/866
166 228 227 24/107
167 228 228 328/999
167 228 227 49/214
168 228 228 217/656
168 228 227 113/485
169 228 228 304/915
169 228 227 62/261
170 228 228 331/989
170 228 227 169/700
171 228 228 207/616
171 228 227 224/911
172 228 228 22/65
172 228 227 167/669
173 228 228 124/365
173 228 227 239/941
174 228 228 298/871
174 228 227 246/955
175 228 228 310/903
175 228 227 94/359
176 228 228 177/512
176 228 227 13/49
177 228 228 327/943
177 228 227 263/976
178 228 228 147/421
178 228 227 272/997
179 228 228 285/814
179 228 227 219/791
180 228 228 202/573
180 228 227 177/632
181 228 228 335/948
181 228 227 73/257
182 228 228 322/905
182 228 227 147/512
183 228 228 41/115
183 228 227 204/701
184 228 228 14/39
184 228 227 102/347
185 228 228 169/470
185 228 227 67/225
186 228 228 21/58
186 228 227 257/855
187 228 228 149/411
187 228 227 7/23
188 228 228 23/63
188 228 227 144/469
189 228 228 357/977
189 228 227 133/428
190 228 228 244/663
190 228 227 313/999
191 228 228 317/861
191 228 227 265/836
192 228 228 102/275
192 228 227 23/72
193 228 228 293/790
193 228 227 305/944
194 228 228 373/998
194 228 227 55/169
195 228 228 127/340
195 228 227 232/705
196 228 228 151/401
196 228 227 56/169
197 228 228 293/779
197 228 227 334/997
198 228 228 228/601
198 228 227 202/599
199 228 228 270/713
199 228 227 15/44
200 228 228 232/607
200 228 227 269/784
201 228 228 321/842
201 228 227 205/591
202 228 228 233/605
202 228 227 251/719
203 228 228 332/865
203 228 227 353/1000
204 228 228 243/626
204 228 227 151/425
205 228 228 337/872
205 228 227 198/551
206 228 228 110/281
206 228 227 224/619
207 228 228 58/149
207 228 227 353/964
208 228 228 258/653
208 228 227 265/718
209 228 228 326/831
209 228 227 188/503
210 228 228 228/571
210 228 227 329/872
211 228 228 389/983
211 228 227 345/902
212 228 228 351/868
212 228 227 12/31
213 228 228 375/938
213 228 227 327/832
214 228 228 53/129
214 228 227 159/398
215 228 228 398/983
215 228 227 363/893
216 228 228 47/112
216 228 227 390/937
217 228 228 408/991
217 228 227 178/419
218 228 228 269/622
218 228 227 393/892
219 228 228 78/185
219 228 227 257/569
220 228 228 77/170
220 228 227 339/707
221 228 228 248/567
221 228 227 418/845
222 228 228 303/619
222 228 227 539/981
223 228 228 251/539
223 228 227 433/757
224 228 228 523/998
224 228 227 574/949
225 228 228 193/401
225 228 227 401/629
226 228 228 665/998
226 228 227 331/380
227 228 228 205/347
227 228 227 529/550
228 228 228 437/809
228 228 227 355/813
121 229 229 31/238
121 229 228 20/433
122 229 229 105/793
122 229 228 27/577
123 229 229 131/973
123 229 228 43/907
124 229 229 115/841
124 229 228 6/125
125 229 229 111/799
125 229 228 7/144
126 229 229 119/844
126 229 228 49/996
127 229 229 73/510
127 229 228 23/462
128 229 229 9/62
128 229 228 50/993
129 229 229 100/679
129 229 228 19/373
130 229 229 143/958
130 229 228 43/835
131 229 229 74/489
131 229 228 49/941
132 229 229 145/946
132 229 228 1/19
133 229 229 139/895
133 229 228 51/959
134 229 229 97/617
134 229 228 13/242
135 229 229 32/201
135 229 228 40/737
136 229 229 139/863
136 229 228 4/73
137 229 229 82/503
137 229 228 43/777
138 229 229 151/916
138 229 228 31/555
139 229 229 166/995
139 229 228 49/869
140 229 229 15/89
140 229 228 26/457
141 229 229 53/311
141 229 228 12/209
142 229 229 115/668
142 229 228 26/449
143 229 229 91/523
143 229 228 17/291
144 229 229 159/905
144 229 228 46/781
145 229 229 112/631
145 229 228 55/926
146 229 229 122/681
146 229 228 37/618
147 229 229 91/503
147 229 228 30/497
148 229 229 94/515
148 229 228 52/855
149 229 229 103/559
149 229 228 16/261
150 229 229 97/522
150 229 228 41/664
151 229 229 3/16
151 229 228 55/884
152 229 229 69/365
152 229 228 25/399
153 229 229 160/839
153 229 228 32/507
154 229 229 59/307
154 229 228 61/960
155 229 229 169/872
155 229 228 59/922
156 229 229 156/799
156 229 228 59/916
157 229 229 87/442
157 229 228 50/771
158 229 229 67/338
158 229 228 40/613
159 229 229 182/911
159 229 228 58/883
160 229 229 107/532
160 229 228 15/227
161 229 229 153/755
161 229 228 27/406
162 229 229 196/961
162 229 228 41/613
163 229 229 68/331
163 229 228 64/951
164 229 229 179/866
164 229 228 9/133
165 229 229 97/466
165 229 228 42/617
166 229 229 76/363
166 229 228 49/716
167 229 229 168/797
167 229 228 53/770
168 229 229 39/184
168 229 228 11/159
169 229 229 195/914
169 229 228 8/115
170 229 229 83/387
170 229 228 23/329
171 229 229 30/139
171 229 228 22/313
172 229 229 195/899
172 229 228 56/793
173 229 229 146/669
173 229 228 23/324
174 229 229 173/789
174 229 228 42/589
175 229 229 148/671
175 229 228 64/893
176 229 229 146/659
176 229 228 65/903
177 229 229 207/929
177 229 228 57/788
178 229 229 211/943
178 229 228 30/413
179 229 229 9/40
179 229 228 67/918
180 229 229 89/394
180 229 228 48/655
181 229 229 191/841
181 229 228 12/163
182 229 229 31/136
182 229 228 17/230
183 229 229 217/947
183 229 228 32/431
184 229 229 169/735
184 229 228 67/899
185 229 229 52/225
185 229 228 64/855
186 229 229 83/358
186 229 228 71/945
187 229 229 24/103
187 229 228 75/994
188 229 229 154/659
188 229 228 39/515
189 229 229 120/511
189 229 228 20/263
190 229 229 81/344
190 229 228 68/891
191 229 229 181/765
191 229 228 61/796
192 229 229 208/877
192 229 228 1/13
193 229 229 107/449
193 229 228 20/259
194 229 229 203/850
194 229 228 73/942
195 229 229 215/896
195 229 228 27/347
196 229 229 232/965
196 229 228 77/986
197 229 229 143/592
197 229 228 73/931
198 229 229 203/839
198 229 228 78/991
199 229 229 150/617
199 229 228 26/329
200 229 229 158/649
200 229 228 68/857
201 229 229 194/793
201 229 228 69/866
202 229 229 241/984
202 229 228 79/987
203 229 229 16/65
203 229 228 61/759
204 229 229 237/962
204 229 228 21/260
205 229 229 185/747
205 229 228 46/567
206 229 229 199/803
206 229 228 51/625
207 229 229 78/313
207 229 228 81/988
208 229 229 181/726
208 229 228 80/969
209 229 229 77/307
209 229 228 59/711
210 229 229 141/562
210 229 228 18/215
211 229 229 172/681
211 229 228 41/487
212 229 229 24/95
212 229 228 73/857
213 229 229 251/986
213 229 228 3/35
214 229 229 245/962
214 229 228 73/838
215 229 229 83/323
215 229 228 58/661
216 229 229 133/517
216 229 228 67/746
217 229 229 71/273
217 229 228 79/872
218 229 229 169/648
218 229 228 29/309
219 229 229 151/571
219 229 228 24/253
220 229 229 86/323
220 229 228 97/966
221 229 229 252/929
221 229 228 79/776
222 229 229 275/997
222 229 228 51/454
223 229 229 283/999
223 229 228 112/979
224 229 229 45/152
224 229 228 136/987
225 229 229 149/483
225 229 228 138/977
226 229 229 269/815
226 229 228 101/918
227 229 229 70/157
227 229 228 133/335
228 229 229 366/785
228 229 228 125/286
229 229 229 107/182
229 229 228 76/929
