# UNIF(n=171,lo,hi): D_ren + dipoles; lines "lo hi level amplitude" for the corrected intervals
147 147 147 32/597
147 147 146 -2/699
148 148 148 33/997
148 148 147 -5/952
149 149 149 15/227
149 149 148 1/650
150 150 150 31/920
150 150 149 -2/189
151 151 151 34/427
151 151 150 5/844
152 152 152 88/995
152 152 151 73/940
153 153 153 56/591
153 153 152 9/868
154 154 154 67/644
154 154 153 54/563
153 155 155 49/582
153 155 154 2/815
155 155 155 101/900
155 155 154 7/467
154 156 156 8/79
154 156 155 65/724
156 156 156 54/449
156 156 155 62/549
155 157 157 73/653
155 157 156 3/229
157 157 157 75/563
157 157 156 7/351
154 158 158 88/787
154 158 157 83/790
156 158 158 85/652
156 158 157 127/984
158 158 158 129/919
158 158 157 2/15
155 159 159 87/691
155 159 158 6/319
157 159 159 29/504
157 159 158 -23/729
159 159 159 23/144
159 159 158 4/157
154 160 160 137/997
154 160 159 134/929
156 160 160 109/715
156 160 159 125/764
158 160 160 26/157
158 160 159 45/256
160 160 160 140/841
160 160 159 149/938
155 161 161 77/491
155 161 160 10/307
157 161 161 75/437
157 161 160 7/188
158 161 161 156/875
158 161 160 22/245
159 161 161 27/439
159 161 160 -5/116
160 161 161 17/970
160 161 160 -5/854
161 161 161 25/128
161 161 160 31/969
154 162 162 127/699
154 162 161 64/301
156 162 162 188/973
156 162 161 208/915
157 162 162 51/257
157 162 161 249/829
158 162 162 123/605
158 162 161 201/851
159 162 162 149/717
159 162 161 299/907
160 162 162 188/887
160 162 161 179/756
161 162 162 85/394
161 162 161 229/629
162 162 162 83/410
162 162 161 37/192
153 163 163 194/983
153 163 162 36/719
155 163 163 73/347
155 163 162 50/893
156 163 163 191/883
156 163 162 89/989
157 163 163 136/613
157 163 162 29/487
158 163 163 42/185
158 163 162 86/839
159 163 163 188/811
159 163 162 18/301
160 163 163 30/127
160 163 162 108/923
161 163 163 203/845
161 163 162 25/456
162 163 163 209/857
162 163 162 130/953
163 163 163 11/142
163 163 162 -32/433
150 164 164 77/993
150 164 163 -1/182
152 164 164 55/747
152 164 163 -4/253
153 164 164 2/33
153 164 163 -7/747
154 164 164 17/241
154 164 163 -23/901
155 164 164 11/200
155 164 163 -15/946
156 164 164 61/891
156 164 163 -27/775
157 164 164 49/996
157 164 163 -17/820
158 164 164 152/565
158 164 163 195/574
159 164 164 132/485
159 164 163 183/442
160 164 164 140/509
160 164 163 227/670
161 164 164 168/605
161 164 163 325/738
162 164 164 19/257
162 164 163 -59/895
163 164 164 21/934
163 164 163 -13/743
164 164 164 53/616
164 164 163 -71/848
147 165 165 169/654
147 165 164 37/538
148 165 165 246/929
148 165 164 52/623
149 165 165 259/956
149 165 164 62/809
150 165 165 243/878
150 165 164 71/764
151 165 165 275/974
151 165 164 59/707
152 165 165 149/518
152 165 164 67/657
153 165 165 12/41
153 165 164 53/595
154 165 165 58/195
154 165 164 75/677
155 165 165 157/520
155 165 164 82/879
156 165 165 304/993
156 165 164 92/769
157 165 165 40/129
157 165 164 78/815
158 165 165 235/749
158 165 164 127/984
159 165 165 98/309
159 165 164 13/136
160 165 165 229/715
160 165 164 29/207
161 165 165 169/523
161 165 164 31/339
162 165 165 271/832
162 165 164 135/871
163 165 165 268/817
163 165 164 13/163
164 165 165 236/715
164 165 164 173/964
165 165 165 74/223
165 165 164 17/335
142 166 166 155/454
142 166 165 329/729
143 166 166 19/55
143 166 165 237/505
144 166 166 247/707
144 166 165 422/905
145 166 166 333/943
145 166 165 479/987
146 166 166 259/726
146 166 165 12/25
147 166 166 125/347
147 166 165 500/999
148 166 166 361/993
148 166 165 479/973
149 166 166 128/349
149 166 165 123/239
150 166 166 223/603
150 166 165 401/797
151 166 166 41/110
151 166 165 459/869
152 166 166 282/751
152 166 165 477/931
153 166 166 121/320
153 166 165 361/667
154 166 166 373/980
154 166 165 475/914
155 166 166 355/927
155 166 165 456/823
156 166 166 384/997
156 166 165 509/970
157 166 166 103/266
157 166 165 371/654
158 166 166 265/681
158 166 165 325/617
159 166 166 43/110
159 166 165 508/873
160 166 166 179/456
160 166 165 65/124
161 166 166 251/637
161 166 165 599/998
162 166 166 257/650
162 166 165 278/541
163 166 166 349/880
163 166 165 521/831
164 166 166 373/938
164 166 165 332/681
165 166 166 9/23
165 166 165 237/358
166 166 166 41/323
166 166 165 -19/151
135 167 167 102/257
135 167 166 93/935
136 167 167 250/621
136 167 166 71/664
137 167 167 282/691
137 167 166 31/288
138 167 167 356/861
138 167 166 71/616
139 167 167 260/621
139 167 166 52/451
140 167 167 25/59
140 167 166 117/950
141 167 167 3/7
141 167 166 119/972
142 167 167 13/30
142 167 166 119/911
143 167 167 67/153
143 167 166 4/31
144 167 167 23/52
144 167 166 137/995
145 167 167 422/945
145 167 166 62/459
146 167 167 347/770
146 167 166 96/665
147 167 167 5/11
147 167 166 95/676
148 167 167 11/24
148 167 166 11/73
149 167 167 437/946
149 167 166 141/970
150 167 167 437/939
150 167 166 76/485
151 167 167 389/830
151 167 166 106/709
152 167 167 435/922
152 167 166 162/997
153 167 167 301/634
153 167 166 24/157
154 167 167 330/691
154 167 166 167/993
155 167 167 182/379
155 167 166 116/747
156 167 167 265/549
156 167 166 131/753
157 167 167 259/534
157 167 166 146/933
158 167 167 19/39
158 167 166 115/638
159 167 167 294/601
159 167 166 155/994
160 167 167 301/613
160 167 166 181/964
161 167 167 473/960
161 167 166 146/957
162 167 167 257/520
162 167 166 190/959
163 167 167 225/454
163 167 166 107/744
164 167 167 155/312
164 167 166 173/803
165 167 167 115/231
165 167 166 86/701
166 167 167 389/780
166 167 166 24/95
167 167 167 445/891
167 167 166 14/221
120 168 168 256/801
120 168 167 172/823
121 168 168 194/603
121 168 167 159/737
122 168 168 301/925
122 168 167 173/781
123 168 168 274/837
123 168 167 13/57
124 168 168 143/432
124 168 167 203/869
125 168 168 206/619
125 168 167 239/996
126 168 168 325/966
126 168 167 13/53
127 168 168 24/71
127 168 167 85/338
128 168 168 150/439
128 168 167 49/191
129 168 168 176/513
129 168 167 120/457
130 168 168 198/571
130 168 167 142/531
131 168 168 262/753
131 168 167 214/783
132 168 168 326/927
132 168 167 209/752
133 168 168 329/933
133 168 167 179/631
134 168 168 36/101
134 168 167 225/781
135 168 168 5/14
135 168 167 131/446
136 168 168 282/781
136 168 167 87/292
137 168 168 325/899
137 168 167 288/949
138 168 168 219/599
138 168 167 151/491
139 168 168 252/689
139 168 167 118/377
140 168 168 366/989
140 168 167 103/325
141 168 168 361/976
141 168 167 225/698
142 168 168 191/510
142 168 167 137/420
143 168 168 261/698
143 168 167 259/781
144 168 168 321/847
144 168 167 211/629
145 168 168 353/934
145 168 167 164/481
146 168 168 229/597
146 168 167 229/664
147 168 168 327/856
147 168 167 231/659
148 168 168 242/623
148 168 167 271/764
149 168 168 353/914
149 168 167 348/965
150 168 168 328/833
150 168 167 137/375
151 168 168 311/796
151 168 167 97/261
152 168 168 399/998
152 168 167 263/697
153 168 168 315/796
153 168 167 259/674
154 168 168 349/857
154 168 167 217/554
155 168 168 143/356
155 168 167 201/503
156 168 168 203/487
156 168 167 379/924
157 168 168 97/237
157 168 167 253/603
158 168 168 34/79
158 168 167 133/305
159 168 168 55/131
159 168 167 176/393
160 168 168 93/206
160 168 167 231/485
161 168 168 41/94
161 168 167 464/943
162 168 168 383/784
162 168 167 185/338
163 168 168 53/114
163 168 167 227/398
164 168 168 480/917
164 168 167 545/903
165 168 168 465/967
165 168 167 501/787
166 168 168 615/923
166 168 167 431/495
167 168 168 215/364
167 168 167 951/989
168 168 168 175/324
168 168 167 86/197
90 169 169 122/927
90 169 168 43/921
91 169 169 131/973
91 169 168 25/526
92 169 169 62/451
92 169 168 42/869
93 169 169 124/883
93 169 168 29/590
94 169 169 123/859
94 169 168 38/761
95 169 169 136/931
95 169 168 31/611
96 169 169 18/121
96 169 168 43/835
97 169 169 67/442
97 169 168 47/899
98 169 169 103/668
98 169 168 50/943
99 169 169 113/720
99 169 168 49/911
100 169 169 85/533
100 169 168 26/477
101 169 169 6/37
101 169 168 51/923
102 169 169 147/893
102 169 168 31/554
103 169 169 148/885
103 169 168 53/935
104 169 169 125/737
104 169 168 44/767
105 169 169 47/273
105 169 168 32/551
106 169 169 153/877
106 169 168 40/681
107 169 169 175/989
107 169 168 52/875
108 169 169 43/240
108 169 168 17/283
109 169 169 71/391
109 169 168 54/889
110 169 169 70/381
110 169 168 61/994
111 169 169 115/618
111 169 168 57/919
112 169 169 73/388
112 169 168 61/974
113 169 169 187/982
113 169 168 31/490
114 169 169 127/660
114 169 168 62/971
115 169 169 51/262
115 169 168 47/729
116 169 169 137/697
116 169 168 8/123
117 169 169 125/629
117 169 168 30/457
118 169 169 73/364
118 169 168 28/423
119 169 169 137/676
119 169 168 39/584
120 169 169 158/773
120 169 168 62/921
121 169 169 179/867
121 169 168 26/383
122 169 169 195/937
122 169 168 21/307
123 169 169 133/633
123 169 168 2/29
124 169 169 29/137
124 169 168 68/979
125 169 169 163/763
125 169 168 7/100
126 169 169 37/172
126 169 168 16/227
127 169 169 125/576
127 169 168 61/859
128 169 169 102/467
128 169 168 71/993
129 169 169 50/227
129 169 168 9/125
130 169 169 191/862
130 169 168 5/69
131 169 169 128/573
131 169 168 17/233
132 169 169 188/837
132 169 168 66/899
133 169 169 127/561
133 169 168 49/663
134 169 169 210/923
134 169 168 49/659
135 169 169 221/964
135 169 168 69/922
136 169 169 225/977
136 169 168 60/797
137 169 169 216/931
137 169 168 5/66
138 169 169 147/631
138 169 168 41/538
139 169 169 65/277
139 169 168 73/952
140 169 169 61/259
140 169 168 27/350
141 169 169 51/215
141 169 168 26/335
142 169 169 94/395
142 169 168 46/589
143 169 169 238/993
143 169 168 11/140
144 169 169 137/570
144 169 168 14/177
145 169 169 191/789
145 169 168 53/666
146 169 169 215/886
146 169 168 19/237
147 169 169 11/45
147 169 168 73/905
148 169 169 206/841
148 169 168 65/799
149 169 169 136/551
149 169 168 14/171
150 169 169 45/182
150 169 168 78/943
151 169 169 171/686
151 169 168 83/997
152 169 169 184/737
152 169 168 55/652
153 169 169 133/528
153 169 168 56/659
154 169 169 192/761
154 169 168 67/775
155 169 169 223/875
155 169 168 74/849
156 169 169 130/509
156 169 168 86/963
157 169 169 84/325
157 169 168 43/477
158 169 169 62/239
158 169 168 93/995
159 169 169 129/490
159 169 168 64/677
160 169 169 239/901
160 169 168 72/719
161 169 169 43/159
161 169 168 58/571
162 169 169 235/854
162 169 168 12/107
163 169 169 274/969
163 169 168 113/989
164 169 169 293/991
164 169 168 19/138
165 169 169 94/305
165 169 168 131/928
166 169 169 159/482
166 169 168 53/482
167 169 169 107/240
167 169 168 230/579
168 169 169 298/639
168 169 168 52/119
169 169 169 478/813
169 169 168 35/428
