# UNIF(n=200,lo,hi): D_ren + dipoles; lines "lo hi level amplitude" for the corrected intervals
173 173 173 20/669
173 173 172 -1/596
174 174 174 51/994
174 174 173 -1/929
175 175 175 3/100
175 175 174 -1/170
176 176 176 48/779
176 176 175 1/407
177 177 177 4/131
177 177 176 -8/785
178 178 178 58/797
178 178 177 5/834
179 179 179 31/982
179 179 178 -14/953
180 180 180 83/975
180 180 179 9/938
181 181 181 45/484
181 181 180 76/891
180 182 182 67/915
180 182 181 1/678
182 182 182 95/958
182 182 181 1/75
181 183 183 87/1000
181 183 182 72/979
183 183 183 58/545
183 183 182 77/771
182 184 184 95/998
182 184 183 1/101
184 184 184 79/683
184 184 183 15/866
183 185 185 51/464
183 185 184 58/555
185 185 185 110/901
185 185 184 53/457
182 186 186 59/576
182 186 185 11/887
184 186 186 87/724
184 186 185 8/425
186 186 186 135/994
186 186 185 21/967
183 187 187 108/877
183 187 186 98/787
185 187 187 130/951
185 187 186 89/636
187 187 187 88/621
187 187 186 114/841
182 188 188 113/927
182 188 187 19/906
184 188 188 82/599
184 188 187 25/947
186 188 188 50/941
186 188 187 -32/937
188 188 188 154/953
188 188 187 17/635
183 189 189 121/810
183 189 188 101/612
185 189 189 123/767
185 189 188 152/857
187 189 189 137/806
187 189 188 161/878
188 189 189 107/614
188 189 188 161/549
189 189 189 115/687
189 189 188 137/854
182 190 190 122/781
182 190 189 15/413
184 190 190 125/742
184 190 189 11/270
185 190 190 55/316
185 190 189 17/210
186 190 190 109/608
186 190 189 36/845
187 190 190 72/391
187 190 189 77/820
188 190 190 57/976
188 190 189 -25/556
189 190 190 4/257
189 190 189 -5/711
190 190 190 195/992
190 190 189 17/517
181 191 191 176/961
181 191 190 212/969
183 191 191 120/623
183 191 190 16/69
184 191 191 194/985
184 191 190 161/557
185 191 191 194/965
185 191 190 217/900
186 191 191 76/371
186 191 190 187/600
187 191 191 119/571
187 191 190 140/571
188 191 191 181/855
188 191 190 106/315
189 191 191 35/163
189 191 190 181/749
190 191 191 102/469
190 191 190 351/956
191 191 191 161/793
191 191 190 105/542
180 192 192 131/652
180 192 191 34/615
181 192 192 136/659
181 192 191 56/719
182 192 192 11/52
182 192 191 37/614
183 192 192 208/961
183 192 191 39/448
184 192 192 21/95
184 192 191 24/377
185 192 192 158/701
185 192 191 36/373
186 192 192 120/523
186 192 191 57/877
187 192 192 139/596
187 192 191 97/907
188 192 192 49/207
188 192 191 53/837
189 192 192 143/596
189 192 191 104/869
190 192 192 230/947
190 192 191 49/864
191 192 192 96/391
191 192 191 71/516
192 192 192 76/989
192 192 191 -71/956
177 193 193 5/67
177 193 192 -7/662
178 193 193 51/781
178 193 192 -7/988
179 193 193 66/925
179 193 192 -5/267
180 193 193 53/873
180 193 192 -9/671
181 193 193 62/903
181 193 192 -25/946
182 193 193 53/943
182 193 192 -4/213
183 193 193 1/15
183 193 192 -22/651
184 193 193 30/581
184 193 192 -18/781
185 193 193 4/61
185 193 192 -21/512
186 193 193 23/492
186 193 192 -21/809
187 193 193 218/797
187 193 192 8/23
188 193 193 211/765
188 193 192 400/951
189 193 193 209/752
189 193 192 226/657
190 193 193 75/268
190 193 192 303/682
191 193 193 26/355
191 193 192 -31/460
192 193 193 20/907
192 193 192 -16/869
193 193 193 77/897
193 193 192 -60/713
172 194 194 73/283
172 194 193 69/973
173 194 194 54/205
173 194 193 17/207
174 194 194 205/763
174 194 193 53/682
175 194 194 49/179
175 194 193 39/434
176 194 194 56/201
176 194 193 72/859
177 194 194 83/293
177 194 193 7/72
178 194 194 263/914
178 194 193 14/157
179 194 194 139/476
179 194 193 90/863
180 194 194 53/179
180 194 193 49/523
181 194 194 3/10
181 194 193 1/9
182 194 194 167/550
182 194 193 81/833
183 194 194 285/928
183 194 193 101/856
184 194 194 239/770
184 194 193 74/743
185 194 194 263/839
185 194 193 125/999
186 194 194 267/844
186 194 193 27/269
187 194 194 290/909
187 194 193 52/391
188 194 194 136/423
188 194 193 94/951
189 194 194 283/874
189 194 193 142/995
190 194 194 175/537
190 194 193 79/845
191 194 194 275/839
191 194 193 18/115
192 194 194 312/947
192 194 193 67/829
193 194 194 324/979
193 194 193 154/855
194 194 194 304/915
194 194 193 22/431
167 195 195 73/212
167 195 194 98/215
168 195 195 266/765
168 195 194 103/219
169 195 195 179/510
169 195 194 15/32
170 195 195 346/977
170 195 194 15/31
171 195 195 354/991
171 195 194 162/337
172 195 195 179/497
172 195 194 75/151
173 195 195 53/146
173 195 194 89/181
174 195 195 297/812
174 195 194 144/283
175 195 195 7/19
175 195 194 148/295
176 195 195 355/957
176 195 194 294/565
177 195 195 87/233
177 195 194 410/803
178 195 195 65/173
178 195 194 212/399
179 195 195 48/127
179 195 194 496/957
180 195 195 187/492
180 195 194 207/382
181 195 195 316/827
181 195 194 415/791
182 195 195 250/651
182 195 194 275/498
183 195 195 267/692
183 195 194 9/17
184 195 195 193/498
184 195 194 557/990
185 195 195 323/830
185 195 194 405/761
186 195 195 159/407
186 195 194 253/441
187 195 195 247/630
187 195 194 281/528
188 195 195 391/994
188 195 194 78/133
189 195 195 391/991
189 195 194 359/680
190 195 195 345/872
190 195 194 272/451
191 195 195 353/890
191 195 194 335/649
192 195 195 351/883
192 195 194 557/886
193 195 195 186/467
193 195 194 389/796
194 195 195 253/646
194 195 194 271/409
195 195 195 91/262
195 195 194 168/533
158 196 196 265/667
158 196 195 43/421
159 196 196 261/649
159 196 195 35/324
160 196 196 59/145
160 196 195 40/367
161 196 196 393/955
161 196 195 103/896
162 196 196 379/911
162 196 195 85/736
163 196 196 243/578
163 196 195 31/255
164 196 196 203/478
164 196 195 9/74
165 196 196 226/527
165 196 195 106/829
166 196 196 287/663
166 196 195 20/157
167 196 196 273/625
167 196 195 17/127
168 196 196 204/463
168 196 195 111/836
169 196 196 319/718
169 196 195 139/996
170 196 196 408/911
170 196 195 31/225
171 196 196 292/647
171 196 195 89/614
172 196 196 401/882
172 196 195 85/597
173 196 196 451/985
173 196 195 89/593
174 196 196 124/269
174 196 195 130/887
175 196 196 399/860
175 196 195 117/755
176 196 196 204/437
176 196 195 127/845
177 196 196 463/986
177 196 195 140/877
178 196 196 467/989
178 196 195 39/254
179 196 196 169/356
179 196 195 119/725
180 196 196 417/874
180 196 195 5/32
181 196 196 128/267
181 196 195 149/884
182 196 196 209/434
182 196 195 63/398
183 196 196 428/885
183 196 195 173/1000
184 196 196 84/173
184 196 195 153/959
185 196 196 347/712
185 196 195 137/771
186 196 196 447/914
186 196 195 65/407
187 196 196 131/267
187 196 195 28/153
188 196 196 218/443
188 196 195 91/575
189 196 196 414/839
189 196 195 103/543
190 196 196 418/845
190 196 195 43/279
191 196 196 353/712
191 196 195 187/938
192 196 196 463/932
192 196 195 76/525
193 196 196 319/641
193 196 195 209/967
194 196 196 473/949
194 196 195 108/877
195 196 196 267/535
195 196 195 196/775
196 196 196 499/999
196 196 195 41/646
140 197 197 98/307
140 197 196 179/875
141 197 197 135/419
141 197 196 13/62
142 197 197 220/679
142 197 196 14/65
143 197 197 205/627
143 197 196 217/985
144 197 197 304/925
144 197 196 145/642
145 197 197 188/567
145 197 196 104/451
146 197 197 333/1000
146 197 196 97/411
147 197 197 289/860
147 197 196 185/769
148 197 197 325/963
148 197 196 74/301
149 197 197 338/993
149 197 196 250/999
150 197 197 177/518
150 197 196 107/419
151 197 197 296/859
151 197 196 61/235
152 197 197 343/992
152 197 196 68/257
153 197 197 326/935
153 197 196 101/376
154 197 197 57/163
154 197 196 221/808
155 197 197 128/363
155 197 196 261/941
156 197 197 339/959
156 197 196 68/241
157 197 197 221/620
157 197 196 285/997
158 197 197 5/14
158 197 196 181/623
159 197 197 161/447
159 197 196 247/840
160 197 197 101/280
160 197 196 221/740
161 197 197 191/525
161 197 196 45/149
162 197 197 193/530
162 197 196 164/535
163 197 197 367/999
163 197 196 92/297
164 197 197 269/732
164 197 196 181/576
165 197 197 346/933
165 197 196 119/375
166 197 197 76/205
166 197 196 269/836
167 197 197 198/529
167 197 196 240/739
168 197 197 43/115
168 197 196 53/161
169 197 197 363/961
169 197 196 91/274
170 197 197 23/61
170 197 196 173/514
171 197 197 284/745
171 197 196 313/922
172 197 197 46/121
172 197 196 247/718
173 197 197 349/907
173 197 196 280/807
174 197 197 23/60
174 197 196 173/492
175 197 197 129/332
175 197 196 116/327
176 197 197 196/507
176 197 196 260/723
177 197 197 331/843
177 197 196 338/931
178 197 197 149/382
178 197 196 109/296
179 197 197 29/73
179 197 196 290/779
180 197 197 180/457
180 197 196 161/426
181 197 197 387/961
181 197 196 383/1000
182 197 197 233/585
182 197 196 139/357
183 197 197 396/967
183 197 196 21/53
184 197 197 109/270
184 197 196 224/555
185 197 197 18/43
185 197 196 393/950
186 197 197 357/869
186 197 196 385/911
187 197 197 256/593
187 197 196 254/579
188 197 197 261/620
188 197 196 374/831
189 197 197 442/977
189 197 196 361/755
190 197 197 343/785
190 197 196 192/389
191 197 197 473/967
191 197 196 514/937
192 197 197 464/997
192 197 196 569/996
193 197 197 11/21
193 197 196 365/604
194 197 197 472/981
194 197 196 525/824
195 197 197 665/998
195 197 196 661/759
196 197 197 472/799
196 197 196 201/209
197 197 197 343/635
197 197 196 31/71
106 198 198 107/809
106 198 197 19/406
107 198 198 109/809
107 198 197 18/379
108 198 198 67/488
108 198 197 47/975
109 198 198 127/909
109 198 197 46/941
110 198 198 32/225
110 198 197 47/948
111 198 198 12/83
111 198 197 41/816
112 198 198 146/993
112 198 197 41/805
113 198 198 125/837
113 198 197 49/950
114 198 198 39/257
114 198 197 43/823
115 198 198 79/513
115 198 197 11/208
116 198 198 139/889
116 198 197 28/523
117 198 198 153/965
117 198 197 28/517
118 198 198 83/516
118 198 197 4/73
119 198 198 155/951
119 198 197 41/740
120 198 198 58/351
120 198 197 46/821
121 198 198 128/765
121 198 197 56/989
122 198 198 168/991
122 198 197 36/629
123 198 198 170/991
123 198 197 47/813
124 198 198 107/616
124 198 197 58/993
125 198 198 166/945
125 198 197 47/797
126 198 198 8/45
126 198 197 43/722
127 198 198 122/679
127 198 197 47/782
128 198 198 181/996
128 198 197 27/445
129 198 198 123/670
129 198 197 59/964
130 198 198 152/819
130 198 197 21/340
131 198 198 98/523
131 198 197 53/851
132 198 198 167/882
132 198 197 12/191
133 198 198 167/874
133 198 197 62/979
134 198 198 193/1000
134 198 197 44/689
135 198 198 124/637
135 198 197 50/777
136 198 198 34/173
136 198 197 53/817
137 198 198 171/863
137 198 197 56/857
138 198 198 1/5
138 198 197 43/653
139 198 198 53/263
139 198 197 62/935
140 198 198 197/969
140 198 197 32/479
141 198 198 94/459
141 198 197 23/342
142 198 198 196/949
142 198 197 55/812
143 198 198 162/779
143 198 197 67/983
144 198 198 126/601
144 198 197 65/947
145 198 198 180/853
145 198 197 52/753
146 198 198 198/931
146 198 197 13/187
147 198 198 150/701
147 198 197 63/901
148 198 198 177/821
148 198 197 62/881
149 198 198 85/392
149 198 197 23/325
150 198 198 140/641
150 198 197 68/955
151 198 198 139/633
151 198 197 63/880
152 198 198 157/710
152 198 197 35/486
153 198 198 2/9
153 198 197 59/815
154 198 198 49/219
154 198 197 64/879
155 198 198 194/863
155 198 197 3/41
156 198 198 205/906
156 198 197 61/829
157 198 198 5/22
157 198 197 61/825
158 198 198 51/223
158 198 197 31/417
159 198 198 107/466
159 198 197 67/897
160 198 198 67/290
160 198 197 63/839
161 198 198 16/69
161 198 197 39/517
162 198 198 150/643
162 198 197 69/910
163 198 198 224/957
163 198 197 39/512
164 198 198 182/773
164 198 197 16/209
165 198 198 226/957
165 198 197 1/13
166 198 198 181/762
166 198 197 16/207
167 198 198 156/655
167 198 197 49/631
168 198 198 235/981
168 198 197 70/897
169 198 198 176/733
169 198 197 77/982
170 198 198 64/265
170 198 197 74/939
171 198 198 68/281
171 198 197 77/972
172 198 198 37/152
172 198 197 41/515
173 198 198 168/689
173 198 197 49/612
174 198 198 183/746
174 198 197 61/758
175 198 198 127/517
175 198 197 26/321
176 198 198 243/983
176 198 197 57/700
177 198 198 49/198
177 198 197 16/195
178 198 198 72/289
178 198 197 42/509
179 198 198 97/389
179 198 197 1/12
180 198 198 213/848
180 198 197 74/883
181 198 198 91/362
181 198 197 80/943
182 198 198 129/509
182 198 197 79/925
183 198 198 69/272
183 198 197 31/357
184 198 198 158/617
184 198 197 7/80
185 198 198 208/811
185 198 197 31/346
186 198 198 214/825
186 198 197 49/542
187 198 198 191/734
187 198 197 46/491
188 198 198 123/466
188 198 197 79/834
189 198 198 256/963
189 198 197 67/668
190 198 198 68/251
190 198 197 101/993
191 198 198 62/225
191 198 197 87/775
192 198 198 229/809
192 198 197 114/997
193 198 198 187/632
193 198 197 77/559
194 198 198 247/801
194 198 197 135/956
195 198 198 197/597
195 198 197 109/991
196 198 198 247/554
196 198 197 357/899
197 198 198 408/875
197 198 197 406/929
198 198 198 555/944
198 198 197 71/868
