# UNIF(n=104,lo,hi): D_ren + dipoles; lines "lo hi level amplitude" for the corrected intervals
87 87 87 38/813
87 87 86 -2/327
88 88 88 14/155
88 88 87 1/664
89 89 89 101/951
89 89 88 28/321
90 90 90 72/617
90 90 89 5/516
91 91 91 111/836
91 91 90 28/235
92 92 92 132/893
92 92 91 2/111
91 93 93 43/312
91 93 92 108/871
93 93 93 104/645
93 93 92 115/772
92 94 94 44/549
92 94 93 -11/364
94 94 94 53/283
94 94 93 16/595
91 95 95 27/158
91 95 94 133/762
93 95 95 179/921
93 95 94 123/605
95 95 95 185/929
95 95 94 161/864
92 96 96 62/309
92 96 95 37/934
94 96 96 213/953
94 96 95 15/341
95 96 96 186/797
95 96 95 123/949
96 96 96 68/839
96 96 95 -71/995
91 97 97 201/836
91 97 96 154/543
93 97 97 199/775
93 97 96 216/713
94 97 97 109/413
94 97 96 241/583
95 97 97 54/685
95 97 96 -45/788
96 97 97 6/235
96 97 96 -4/333
97 97 97 76/869
97 97 96 -22/271
90 98 98 187/692
90 98 97 53/767
91 98 98 58/207
91 98 97 8/75
92 98 98 145/501
92 98 97 38/493
93 98 98 185/621
93 98 97 97/775
94 98 98 254/831
94 98 97 43/539
95 98 98 116/371
95 98 97 61/417
96 98 98 229/718
96 98 97 7/95
97 98 98 171/527
97 98 97 42/239
98 98 98 27/82
98 98 97 33/673
87 99 99 239/688
87 99 98 270/599
88 99 99 52/147
88 99 98 415/841
89 99 99 359/998
89 99 98 101/214
90 99 99 278/761
90 99 98 275/527
91 99 99 289/780
91 99 98 472/967
92 99 99 283/754
92 99 98 194/353
93 99 99 289/761
93 99 98 322/647
94 99 99 147/383
94 99 98 576/995
95 99 99 365/942
95 99 98 487/979
96 99 99 245/627
96 99 98 431/701
97 99 99 359/912
97 99 98 472/985
98 99 99 383/983
98 99 98 133/202
99 99 99 150/433
99 99 98 287/916
82 100 100 315/794
82 100 99 21/211
83 100 100 361/889
83 100 99 95/826
84 100 100 371/894
84 100 99 56/501
85 100 100 83/196
85 100 99 114/887
86 100 100 419/971
86 100 99 109/890
87 100 100 220/501
87 100 99 95/673
88 100 100 241/540
88 100 99 28/213
89 100 100 82/181
89 100 99 115/751
90 100 100 209/455
90 100 99 103/744
91 100 100 448/963
91 100 99 74/449
92 100 100 465/988
92 100 99 1/7
93 100 100 293/616
93 100 99 152/859
94 100 100 449/935
94 100 99 112/779
95 100 100 263/543
95 100 99 13/68
96 100 100 449/920
96 100 99 91/657
97 100 100 113/230
97 100 99 179/846
98 100 100 463/937
98 100 99 61/508
99 100 100 214/431
99 100 99 231/920
100 100 100 491/985
100 100 99 45/718
73 101 101 183/560
73 101 100 207/961
74 101 101 303/920
74 101 100 223/981
75 101 101 203/603
75 101 100 113/476
76 101 101 85/251
76 101 100 111/446
77 101 101 341/985
77 101 100 227/878
78 101 101 220/633
78 101 100 24/89
79 101 101 262/737
79 101 100 279/1000
80 101 101 177/497
80 101 100 20/69
81 101 101 345/946
81 101 100 61/204
82 101 101 230/631
82 101 100 83/268
83 101 101 371/992
83 101 100 311/975
84 101 101 211/566
84 101 100 327/992
85 101 101 226/589
85 101 100 314/925
86 101 101 358/939
86 101 100 268/765
87 101 101 265/672
87 101 100 257/711
88 101 101 217/556
88 101 100 371/995
89 101 101 345/848
89 101 100 169/437
90 101 101 268/669
90 101 100 299/749
91 101 101 310/733
91 101 100 239/571
92 101 101 153/370
92 101 100 42/97
93 101 101 431/966
93 101 100 122/263
94 101 101 415/961
94 101 100 93/193
95 101 101 308/635
95 101 100 530/983
96 101 101 214/463
96 101 100 498/883
97 101 101 257/493
97 101 100 568/949
98 101 101 58/121
98 101 100 69/109
99 101 101 452/679
99 101 100 319/367
100 101 101 461/781
100 101 100 122/127
101 101 101 277/513
101 101 100 386/885
55 102 102 84/641
55 102 101 43/915
56 102 102 61/448
56 102 101 26/537
57 102 102 97/689
57 102 101 21/422
58 102 102 131/899
58 102 101 9/176
59 102 102 59/393
59 102 101 14/267
60 102 102 46/297
60 102 101 53/986
61 102 102 157/987
61 102 101 11/200
62 102 102 163/996
62 102 101 48/853
63 102 102 144/859
63 102 101 5/87
64 102 102 16/93
64 102 101 28/477
65 102 102 93/529
65 102 101 17/284
66 102 102 157/872
66 102 101 60/983
67 102 102 179/975
67 102 101 56/901
68 102 102 137/730
68 102 101 5/79
69 102 102 140/733
69 102 101 41/637
70 102 102 192/985
70 102 101 18/275
71 102 102 181/914
71 102 101 55/827
72 102 102 156/773
72 102 101 66/977
73 102 102 157/767
73 102 101 43/627
74 102 102 5/24
74 102 101 65/934
75 102 102 211/1000
75 102 101 43/609
76 102 102 62/289
76 102 101 32/447
77 102 102 202/931
77 102 101 53/730
78 102 102 175/794
78 102 101 37/503
79 102 102 61/274
79 102 101 47/630
80 102 102 207/916
80 102 101 67/887
81 102 102 158/693
81 102 101 21/274
82 102 102 229/990
82 102 101 65/838
83 102 102 221/948
83 102 101 13/165
84 102 102 179/757
84 102 101 79/991
85 102 102 5/21
85 102 101 34/419
86 102 102 235/973
86 102 101 72/877
87 102 102 236/971
87 102 101 51/608
88 102 102 37/150
88 102 101 41/483
89 102 102 104/419
89 102 101 11/126
90 102 102 86/341
90 102 101 45/509
91 102 102 79/311
91 102 101 87/946
92 102 102 82/317
92 102 101 83/890
93 102 102 63/241
93 102 101 85/858
94 102 102 209/782
94 102 101 29/288
95 102 102 205/752
95 102 101 38/341
96 102 102 258/919
96 102 101 83/730
97 102 102 5/17
97 102 101 7/51
98 102 102 191/622
98 102 101 131/930
99 102 102 131/398
99 102 101 96/875
100 102 102 78/175
100 102 101 84/211
101 102 102 260/557
101 102 101 355/813
102 102 102 424/721
102 102 101 65/796
