# UNIF(n=162,lo,hi): D_ren + dipoles; lines "lo hi level amplitude" for the corrected intervals
139 139 139 1/29
139 139 138 -3/868
140 140 140 27/427
140 140 139 0
141 141 141 29/832
141 141 140 -1/110
142 142 142 16/207
142 142 141 1/211
143 143 143 31/863
143 143 142 -12/803
144 144 144 77/829
144 144 143 5/531
145 145 145 7/68
145 145 144 53/566
146 146 146 104/939
146 146 145 9/632
145 147 147 69/707
145 147 146 50/607
147 147 147 82/685
147 147 146 67/600
146 148 148 71/656
146 148 147 3/266
148 148 148 72/545
148 148 147 13/671
147 149 149 125/979
147 149 148 54/437
149 149 149 83/593
149 149 148 101/763
146 150 150 121/998
146 150 149 1/61
148 150 150 11/186
148 150 149 -27/895
150 150 150 154/969
150 150 149 19/758
147 151 151 65/436
147 151 150 96/613
149 151 151 159/971
149 151 150 71/413
151 151 151 117/704
151 151 150 109/689
146 152 152 89/586
146 152 151 29/967
148 152 152 115/683
148 152 151 22/619
150 152 152 31/495
150 152 151 -27/641
151 152 152 5/274
151 152 151 -4/765
152 152 152 82/421
152 152 151 15/473
145 153 153 91/514
145 153 152 196/967
147 153 153 109/574
147 153 152 207/940
148 153 153 64/327
148 153 152 291/988
149 153 153 106/527
149 153 152 204/881
150 153 153 154/747
150 153 152 181/555
151 153 153 133/631
151 153 152 93/397
152 153 153 152/707
152 153 152 228/629
153 153 153 107/529
153 153 152 5/26
144 154 154 172/899
144 154 153 46/981
146 154 154 120/583
146 154 153 35/653
147 154 154 99/466
147 154 153 84/955
148 154 154 176/805
148 154 153 7/121
149 154 154 195/869
149 154 153 100/989
150 154 154 17/74
150 154 153 57/971
151 154 154 42/179
151 154 153 107/921
152 154 154 236/987
152 154 153 16/295
153 154 154 187/769
153 154 153 134/985
154 154 154 63/811
154 154 153 -30/407
143 155 155 12/157
143 155 154 -8/667
144 155 155 53/840
144 155 154 -1/167
145 155 155 4/55
145 155 154 -3/133
146 155 155 33/580
146 155 154 -3/226
147 155 155 15/214
147 155 154 -29/889
148 155 155 22/435
148 155 154 -18/955
149 155 155 238/891
149 155 154 317/945
150 155 155 128/473
150 155 154 319/777
151 155 155 181/661
151 155 154 327/973
152 155 155 243/878
152 155 154 366/835
153 155 155 68/915
153 155 154 -65/994
154 155 155 1/44
154 155 154 -4/233
155 155 155 79/917
155 155 154 -29/347
140 156 156 91/345
140 156 155 64/879
141 156 156 263/973
141 156 155 45/503
142 156 156 60/217
142 156 155 69/859
143 156 156 281/995
143 156 155 97/978
144 156 156 125/434
144 156 155 20/231
145 156 156 281/958
145 156 155 105/967
146 156 156 267/895
146 156 155 73/799
147 156 156 10/33
147 156 155 65/551
148 156 156 257/836
148 156 155 89/944
149 156 156 295/947
149 156 155 95/743
150 156 156 169/536
150 156 155 7/74
151 156 156 241/756
151 156 155 95/682
152 156 156 321/997
152 156 155 90/991
153 156 156 319/982
153 156 155 87/563
154 156 156 277/846
154 156 155 39/491
155 156 156 272/825
155 156 155 102/569
156 156 156 199/600
156 156 155 31/612
135 157 157 291/847
135 157 156 359/794
136 157 157 225/647
136 157 156 467/989
137 157 157 343/975
137 157 156 51/109
138 157 157 329/925
138 157 156 114/233
139 157 157 308/857
139 157 156 283/587
140 157 157 339/934
140 157 156 236/467
141 157 157 159/434
141 157 156 140/283
142 157 157 197/533
142 157 156 329/632
143 157 157 363/974
143 157 156 505/999
144 157 157 151/402
144 157 156 381/712
145 157 157 14/37
145 157 156 18/35
146 157 157 357/937
146 157 156 518/943
147 157 157 51/133
147 157 156 455/874
148 157 157 287/744
148 157 156 469/832
149 157 157 237/611
149 157 156 475/907
150 157 157 177/454
150 157 156 522/901
151 157 157 311/794
151 157 156 425/814
152 157 157 142/361
152 157 156 307/513
153 157 157 353/894
153 157 156 265/517
154 157 157 292/737
154 157 156 390/623
155 157 157 213/536
155 157 156 315/647
156 157 157 295/754
156 157 156 587/887
157 157 157 67/193
157 157 156 312/991
128 158 158 361/908
128 158 157 21/206
129 158 158 136/337
129 158 157 101/919
130 158 158 341/833
130 158 157 72/653
131 158 158 371/894
131 158 157 115/971
132 158 158 288/685
132 158 157 19/161
133 158 158 361/848
133 158 157 74/585
134 158 158 249/578
134 158 157 84/671
135 158 158 410/941
135 158 157 46/343
136 158 158 281/638
136 158 157 95/721
137 158 158 360/809
137 158 157 13/92
138 158 158 71/158
138 158 157 88/639
139 158 158 337/743
139 158 157 113/763
140 158 158 178/389
140 158 157 140/979
141 158 158 311/674
141 158 157 151/977
142 158 158 353/759
142 158 157 103/698
143 158 158 395/843
143 158 157 95/591
144 158 158 411/871
144 158 157 87/575
145 158 158 19/40
145 158 157 166/995
146 158 158 65/136
146 158 157 55/357
147 158 158 162/337
147 158 157 37/214
148 158 158 246/509
148 158 157 7/45
149 158 158 17/35
149 158 157 145/808
150 158 158 425/871
150 158 157 59/380
151 158 158 49/100
151 158 157 79/422
152 158 158 454/923
152 158 157 47/309
153 158 158 307/622
153 158 157 177/895
154 158 158 252/509
154 158 157 30/209
155 158 158 139/280
155 158 157 48/223
156 158 158 413/830
156 158 157 25/204
157 158 158 349/700
157 158 157 99/392
158 158 158 399/799
158 158 157 39/616
114 159 159 272/845
114 159 158 89/423
115 159 159 273/838
115 159 158 13/60
116 159 159 275/839
116 159 158 81/362
117 159 159 326/983
117 159 158 139/605
118 159 159 1/3
118 159 158 31/131
119 159 159 85/252
119 159 158 135/557
120 159 159 325/959
120 159 158 199/799
121 159 159 230/671
121 159 158 14/55
122 159 159 244/709
122 159 158 254/973
123 159 159 63/181
123 159 158 45/169
124 159 159 22/63
124 159 158 220/807
125 159 159 83/235
125 159 158 269/969
126 159 159 239/675
126 159 158 275/969
127 159 159 149/416
127 159 158 159/551
128 159 159 47/131
128 159 158 170/577
129 159 159 163/449
129 159 158 187/625
130 159 159 319/878
130 159 158 65/213
131 159 159 217/590
131 159 158 152/491
132 159 159 57/155
132 159 158 206/653
133 159 159 244/655
133 159 158 267/835
134 159 159 365/981
134 159 158 141/433
135 159 159 146/387
135 159 158 255/773
136 159 159 35/93
136 159 158 91/271
137 159 159 363/950
137 159 158 251/738
138 159 159 362/951
138 159 158 9/26
139 159 159 127/328
139 159 158 283/807
140 159 159 325/844
140 159 158 121/339
141 159 159 205/522
141 159 158 337/931
142 159 159 99/254
142 159 158 317/860
143 159 159 399/1000
143 159 158 342/913
144 159 159 314/795
144 159 158 21/55
145 159 159 124/305
145 159 158 245/629
146 159 159 369/920
146 159 158 375/943
147 159 159 393/944
147 159 158 241/590
148 159 159 139/340
148 159 158 171/409
149 159 159 390/907
149 159 158 10/23
150 159 159 86/205
150 159 158 407/911
151 159 159 134/297
151 159 158 396/833
152 159 159 245/562
152 159 158 311/633
153 159 159 335/686
153 159 158 462/845
154 159 159 409/880
154 159 158 53/93
155 159 159 157/300
155 159 158 567/940
156 159 159 463/963
156 159 158 7/11
157 159 159 551/827
157 159 158 417/479
158 159 159 518/877
158 159 158 949/987
159 159 159 451/835
159 159 158 196/449
86 160 160 125/943
86 160 159 7/149
87 160 160 8/59
87 160 159 31/648
88 160 160 92/663
88 160 159 40/821
89 160 160 124/875
89 160 159 28/565
90 160 160 138/953
90 160 159 49/972
91 160 160 92/623
91 160 159 25/488
92 160 160 11/73
92 160 159 34/653
93 160 160 31/202
93 160 159 49/927
94 160 160 94/601
94 160 159 27/503
95 160 160 7/44
95 160 159 30/551
96 160 160 132/815
96 160 159 49/887
97 160 160 157/954
97 160 159 43/768
98 160 160 81/484
98 160 159 47/828
99 160 160 53/312
99 160 159 33/574
100 160 160 34/197
100 160 159 53/910
101 160 160 171/977
101 160 159 28/475
102 160 160 132/743
102 160 159 45/754
103 160 160 9/50
103 160 159 53/878
104 160 160 111/608
104 160 159 51/835
105 160 160 56/303
105 160 159 61/988
106 160 160 127/678
106 160 159 58/929
107 160 160 18/95
107 160 159 55/872
108 160 160 109/568
108 160 159 51/800
109 160 160 103/531
109 160 159 28/435
110 160 160 182/927
110 160 159 29/446
111 160 160 47/237
111 160 159 21/320
112 160 160 133/663
112 160 159 65/981
113 160 160 179/884
113 160 159 51/763
114 160 160 191/933
114 160 159 17/252
115 160 160 203/983
115 160 159 67/985
116 160 160 101/484
116 160 159 7/102
117 160 160 73/347
117 160 159 59/853
118 160 160 143/673
118 160 159 68/975
119 160 160 155/724
119 160 159 57/811
120 160 160 142/657
120 160 159 44/621
121 160 160 37/170
121 160 159 71/995
122 160 160 208/947
122 160 159 52/723
123 160 160 21/95
123 160 159 57/787
124 160 160 159/713
124 160 159 44/603
125 160 160 155/691
125 160 159 67/912
126 160 160 88/389
126 160 159 68/919
127 160 160 194/853
127 160 159 40/537
128 160 160 205/894
128 160 159 3/40
129 160 160 50/217
129 160 159 49/649
130 160 160 203/874
130 160 159 45/592
131 160 160 122/523
131 160 159 29/379
132 160 160 217/923
132 160 159 57/740
133 160 160 97/411
133 160 159 19/245
134 160 160 225/946
134 160 159 58/743
135 160 160 226/947
135 160 159 32/407
136 160 160 234/973
136 160 159 11/139
137 160 160 233/966
137 160 159 67/840
138 160 160 185/761
138 160 159 11/137
139 160 160 155/636
139 160 159 61/753
140 160 160 214/871
140 160 159 23/282
141 160 160 163/662
141 160 159 53/643
142 160 160 112/451
142 160 159 65/783
143 160 160 158/635
143 160 159 80/951
144 160 160 221/880
144 160 159 69/814
145 160 160 155/616
145 160 159 27/313
146 160 160 179/704
146 160 159 87/1000
147 160 160 209/820
147 160 159 83/931
148 160 160 137/531
148 160 159 46/511
149 160 160 201/776
149 160 159 59/632
150 160 160 61/232
150 160 159 90/953
151 160 160 199/751
151 160 159 100/999
152 160 160 244/903
152 160 159 47/463
153 160 160 11/40
153 160 159 63/562
154 160 160 13/46
154 160 159 49/429
155 160 160 73/247
155 160 159 34/247
156 160 160 224/727
156 160 159 106/751
157 160 160 313/949
157 160 159 94/855
158 160 160 395/886
158 160 159 265/667
159 160 160 437/937
159 160 159 201/460
160 160 160 244/415
160 160 159 61/746
