# UNIF(n=53,lo,hi): D_ren + dipoles; lines "lo hi level amplitude" for the corrected intervals
42 42 42 17/131
42 42 41 5/53
43 43 43 95/631
43 43 42 1/711
44 44 44 181/993
44 44 43 8/51
45 45 45 96/977
45 45 44 -37/610
44 46 46 89/898
44 46 45 -5/341
46 46 46 60/643
46 46 45 -49/711
45 47 47 81/292
45 47 46 37/858
46 47 47 55/184
46 47 46 110/701
47 47 47 208/655
47 47 46 39/965
44 48 48 228/649
44 48 47 97/226
45 48 48 245/673
45 48 47 127/225
46 48 48 167/445
46 48 47 441/992
47 48 48 94/247
47 48 47 179/279
48 48 48 37/284
48 48 47 -7/59
41 49 49 137/355
41 49 48 66/865
42 49 49 197/486
42 49 48 23/189
43 49 49 421/995
43 49 48 79/799
44 49 49 83/189
44 49 48 73/469
45 49 49 161/355
45 49 48 95/853
46 49 49 331/710
46 49 48 113/589
47 49 49 366/767
47 49 48 79/740
48 49 49 18/37
48 49 48 125/514
49 49 49 167/338
49 49 48 44/743
38 50 50 323/907
38 50 49 233/820
39 50 50 333/934
39 50 49 40/129
40 50 50 340/883
40 50 49 277/810
41 50 50 127/333
41 50 49 46/125
42 50 50 317/756
42 50 49 351/857
43 50 50 343/837
43 50 49 422/965
44 50 50 401/858
44 50 49 147/292
45 50 50 100/223
45 50 49 408/761
46 50 50 319/625
46 50 49 449/779
47 50 50 83/176
47 50 49 579/938
48 50 50 116/175
48 50 49 349/404
49 50 50 137/233
49 50 49 196/205
50 50 50 76/141
50 50 49 185/426
28 51 51 77/569
28 51 50 43/854
29 51 51 31/213
29 51 50 5/94
30 51 51 43/279
30 51 50 11/196
31 51 51 149/910
31 51 50 58/987
32 51 51 35/204
32 51 50 19/308
33 51 51 153/847
33 51 50 54/841
34 51 51 150/799
34 51 50 55/819
35 51 51 182/927
35 51 50 29/417
36 51 51 147/725
36 51 50 70/963
37 51 51 119/564
37 51 50 74/987
38 51 51 18/83
38 51 50 76/967
39 51 51 204/907
39 51 50 78/965
40 51 51 139/603
40 51 50 44/515
41 51 51 179/750
41 51 50 82/935
42 51 51 125/511
42 51 50 27/286
43 51 51 130/513
43 51 50 43/444
44 51 51 229/876
44 51 50 13/120
45 51 51 31/114
45 51 50 89/800
46 51 51 73/254
46 51 50 101/746
47 51 51 236/781
47 51 50 77/552
48 51 51 310/951
48 51 50 59/543
49 51 51 329/739
49 51 50 297/739
50 51 51 15/32
50 51 50 117/269
51 51 51 375/637
51 51 50 44/543
