# UNIF(n=69,lo,hi): D_ren + dipoles; lines "lo hi level amplitude" for the corrected intervals
56 56 56 28/257
56 56 55 55/703
57 57 57 91/736
57 57 56 1/730
58 58 58 125/837
58 58 57 57/443
59 59 59 93/544
59 59 58 8/517
60 60 60 159/830
60 60 59 22/127
59 61 61 112/591
59 61 60 15/763
61 61 61 63/710
61 61 60 -1/15
60 62 62 48/547
60 62 61 -19/498
62 62 62 28/311
62 62 61 -43/568
59 63 63 238/881
59 63 62 39/730
60 63 63 93/325
60 63 62 69/545
61 63 63 189/629
61 63 62 58/967
62 63 63 191/610
62 63 62 133/795
63 63 63 303/935
63 63 62 43/952
58 64 64 340/961
58 64 63 53/118
59 64 64 277/763
59 64 63 155/287
60 64 64 361/972
60 64 63 423/905
61 64 64 61/161
61 64 63 387/653
62 64 64 377/978
62 64 63 373/804
63 64 64 32/83
63 64 63 427/656
64 64 64 64/497
64 64 63 -119/976
55 65 65 261/641
55 65 64 88/907
56 65 65 233/554
56 65 64 122/943
57 65 65 42/97
57 65 64 53/469
58 65 65 4/9
58 65 64 110/723
59 65 65 146/321
59 65 64 123/995
60 65 65 461/993
60 65 64 58/331
61 65 65 303/641
61 65 64 119/942
62 65 65 133/277
62 65 64 119/587
63 65 65 236/485
63 65 64 17/149
64 65 65 31/63
64 65 64 151/610
65 65 65 357/719
65 65 64 61/998
49 66 66 253/762
49 66 65 145/584
50 66 66 17/49
50 66 65 260/977
51 66 66 318/913
51 66 65 253/889
52 66 66 73/200
52 66 65 239/789
53 66 66 47/129
53 66 65 35/109
54 66 66 280/729
54 66 65 185/542
55 66 66 286/751
55 66 65 59/164
56 66 66 397/978
56 66 65 382/993
57 66 66 354/887
57 66 65 287/710
58 66 66 313/721
58 66 65 223/507
59 66 66 373/884
59 66 65 293/634
60 66 66 469/983
60 66 65 325/621
61 66 66 140/307
61 66 65 299/542
62 66 66 299/579
62 66 65 574/975
63 66 66 424/891
63 66 65 149/238
64 66 66 99/149
64 66 65 254/293
65 66 66 383/650
65 66 65 741/773
66 66 66 505/936
66 66 65 249/572
37 67 67 68/491
37 67 66 49/981
38 67 67 103/709
38 67 66 49/941
39 67 67 82/537
39 67 66 53/979
40 67 67 142/893
40 67 66 41/730
41 67 67 93/560
41 67 66 49/843
42 67 67 131/762
42 67 66 14/233
43 67 67 117/655
43 67 66 57/920
44 67 67 168/913
44 67 66 61/955
45 67 67 115/604
45 67 66 43/655
46 67 67 25/128
46 67 66 5/74
47 67 67 85/422
47 67 66 57/823
48 67 67 7/34
48 67 66 25/351
49 67 67 18/85
49 67 66 62/851
50 67 67 191/885
50 67 66 44/587
51 67 67 107/483
51 67 66 31/405
52 67 67 25/111
52 67 66 76/963
53 67 67 151/654
53 67 66 64/795
54 67 67 131/559
54 67 66 61/731
55 67 67 73/304
55 67 66 70/823
56 67 67 191/784
56 67 66 84/943
57 67 67 249/997
57 67 66 76/837
58 67 67 239/941
58 67 66 81/835
59 67 67 129/494
59 67 66 59/596
60 67 67 235/878
60 67 66 35/318
61 67 67 263/950
61 67 66 25/222
62 67 67 23/79
62 67 66 94/689
63 67 67 118/387
63 67 66 100/713
64 67 67 254/775
64 67 66 13/119
65 67 67 143/321
65 67 66 367/918
66 67 67 347/742
66 67 66 435/998
67 67 67 293/498
67 67 66 45/553
