# UNIF(n=254,lo,hi): D_ren + dipoles; lines "lo hi level amplitude" for the corrected intervals
222 222 222 11/288
222 222 221 -2/701
223 223 223 3/70
223 223 222 27/973
224 224 224 26/573
224 224 223 0
225 225 225 6/235
225 225 224 -5/941
226 226 226 35/661
226 226 225 1/429
227 227 227 22/849
227 227 226 -7/830
228 228 228 45/737
228 228 227 1/203
229 229 229 17/639
229 229 228 -7/600
230 230 230 42/601
230 230 229 7/926
231 231 231 22/795
231 231 230 -3/199
232 232 232 69/866
232 232 231 3/292
231 233 233 9/254
231 233 232 -2/789
233 233 233 29/993
233 233 232 -3/160
232 234 234 51/719
232 234 233 3/694
234 234 234 66/727
234 234 233 9/686
233 235 235 21/589
233 235 234 -7/802
235 235 235 21/218
235 235 234 49/537
234 236 236 83/947
234 236 235 7/667
236 236 236 95/916
236 236 235 16/989
233 237 237 33/815
233 237 236 -2/791
235 237 237 81/821
235 237 236 53/562
237 237 237 5/46
237 237 236 45/433
234 238 238 23/249
234 238 237 8/665
236 238 238 101/948
236 238 237 3/176
238 238 238 116/973
238 238 237 15/767
235 239 239 2/49
235 239 238 -10/903
237 239 239 65/547
237 239 238 117/971
239 239 239 118/953
239 239 238 68/571
234 240 240 99/938
234 240 239 17/954
236 240 240 80/679
236 240 239 8/361
238 240 240 127/986
238 240 239 20/823
240 240 240 127/917
240 240 239 17/726
235 241 241 40/319
235 241 240 69/511
237 241 241 12/89
237 241 240 103/707
239 241 241 111/775
239 241 240 151/995
240 241 241 141/959
240 241 240 196/793
241 241 241 143/1000
241 241 240 122/885
234 242 242 122/949
234 242 241 26/921
236 242 242 76/547
236 242 241 31/972
238 242 242 138/931
238 242 241 24/713
239 242 242 127/833
239 242 241 58/729
240 242 242 2/41
240 242 241 -1/27
241 242 242 57/356
241 242 241 91/989
242 242 242 26/159
242 242 241 27/964
233 243 243 23/158
233 243 242 117/698
235 243 243 104/675
235 243 242 74/413
237 243 243 131/810
237 243 242 119/634
238 243 243 77/466
238 243 242 243/961
239 243 243 166/985
239 243 242 166/863
240 243 243 133/775
240 243 242 20/73
241 243 243 93/533
241 243 242 78/407
242 243 243 31/175
242 243 242 143/479
243 243 243 158/939
243 243 242 99/611
232 244 244 71/458
232 244 243 29/726
234 244 244 157/955
234 244 243 36/815
235 244 244 27/160
235 244 243 67/955
236 244 244 167/966
236 244 243 29/615
237 244 244 99/560
237 244 243 4/51
238 244 244 85/471
238 244 243 5/103
239 244 244 103/560
239 244 243 83/950
240 244 244 35/187
240 244 243 41/859
241 244 244 182/957
241 244 243 9/92
242 244 244 43/777
242 244 243 -26/553
243 244 244 7/514
243 244 243 -1/120
244 244 244 56/283
244 244 243 20/593
231 245 245 167/906
231 245 244 187/824
232 245 245 119/633
232 245 244 172/661
233 245 245 9/47
233 245 244 229/963
234 245 245 151/775
234 245 244 8/29
235 245 245 20/101
235 245 244 91/369
236 245 245 39/194
236 245 244 97/333
237 245 245 21/103
237 245 244 85/336
238 245 245 44/213
238 245 244 109/355
239 245 245 193/923
239 245 244 31/121
240 245 245 166/785
240 245 244 244/753
241 245 245 172/805
241 245 244 165/647
242 245 245 206/955
242 245 244 333/968
243 245 245 203/933
243 245 244 144/583
244 245 245 191/871
244 245 244 176/475
245 245 245 148/727
245 245 244 186/955
228 246 246 173/884
228 246 245 20/361
229 246 246 200/999
229 246 245 68/979
230 246 246 178/871
230 246 245 57/946
231 246 246 89/427
231 246 245 73/960
232 246 246 31/146
232 246 245 62/963
233 246 246 35/162
233 246 245 81/982
234 246 246 177/806
234 246 245 58/857
235 246 246 196/879
235 246 245 4/45
236 246 246 19/84
236 246 245 65/929
237 246 246 193/842
237 246 245 79/827
238 246 246 178/767
238 246 245 11/155
239 246 246 181/771
239 246 245 64/623
240 246 246 219/923
240 246 245 4/57
241 246 246 98/409
241 246 245 111/998
242 246 246 191/790
242 246 245 1/15
243 246 246 215/882
243 246 245 11/90
244 246 246 139/566
244 246 245 56/957
245 246 246 223/902
245 246 245 24/173
246 246 246 55/721
246 246 245 -51/683
225 247 247 72/979
225 247 246 -6/685
226 247 247 49/727
226 247 246 -6/833
227 247 247 15/212
227 247 246 -4/267
228 247 247 53/828
228 247 246 -1/80
229 247 247 17/249
229 247 246 -12/575
230 247 247 13/214
230 247 246 -13/752
231 247 247 49/741
231 247 246 -26/983
232 247 247 46/799
232 247 246 -19/883
233 247 247 54/839
233 247 246 -21/661
234 247 247 43/790
234 247 246 -23/915
235 247 247 50/793
235 247 246 -29/786
236 247 247 27/527
236 247 246 -14/499
237 247 247 20/321
237 247 246 -19/453
238 247 247 31/648
238 247 246 -27/896
239 247 247 21/337
239 247 246 -13/276
240 247 247 15/341
240 247 246 -7/225
241 247 247 200/719
241 247 246 137/384
242 247 247 215/769
242 247 246 261/610
243 247 247 266/947
243 247 246 292/835
244 247 247 233/826
244 247 246 301/671
245 247 247 5/69
245 247 246 -19/276
246 247 247 11/510
246 247 246 -9/466
247 247 247 25/292
247 247 246 -57/674
220 248 248 115/436
220 248 247 73/961
221 248 248 176/657
221 248 247 43/513
222 248 248 205/754
222 248 247 71/874
223 248 248 91/330
223 248 247 37/413
224 248 248 251/898
224 248 247 75/871
225 248 248 267/943
225 248 247 91/957
226 248 248 88/307
226 248 247 71/784
227 248 248 96/331
227 248 247 29/289
228 248 248 271/924
228 248 247 40/423
229 248 248 257/867
229 248 247 43/408
230 248 248 268/895
230 248 247 97/989
231 248 248 13/43
231 248 247 73/662
232 248 248 299/980
232 248 247 48/475
233 248 248 305/991
233 248 247 81/704
234 248 248 269/867
234 248 247 67/648
235 248 248 237/758
235 248 247 32/267
236 248 248 137/435
236 248 247 97/924
237 248 248 306/965
237 248 247 90/721
238 248 248 277/868
238 248 247 89/843
239 248 248 287/894
239 248 247 105/806
240 248 248 133/412
240 248 247 83/792
241 248 248 232/715
241 248 247 35/256
242 248 248 193/592
242 248 247 69/677
243 248 248 314/959
243 248 247 115/792
244 248 248 95/289
244 248 247 23/241
245 248 248 319/967
245 248 247 106/671
246 248 248 46/139
246 248 247 59/721
247 248 248 75/226
247 248 247 122/675
248 248 248 164/493
248 248 247 27/526
212 249 249 229/666
212 249 248 456/989
213 249 249 263/759
213 249 248 187/405
214 249 249 59/169
214 249 248 227/481
215 249 249 32/91
215 249 248 310/657
216 249 249 335/946
216 249 248 150/311
217 249 249 292/819
217 249 248 207/430
218 249 249 192/535
218 249 248 443/900
219 249 249 212/587
219 249 248 484/987
220 249 249 254/699
220 249 248 150/299
221 249 249 246/673
221 249 248 407/816
222 249 249 361/982
222 249 248 287/562
223 249 249 319/863
223 249 248 501/989
224 249 249 123/331
224 249 248 391/753
225 249 249 31/83
225 249 248 299/582
226 249 249 143/381
226 249 248 471/893
227 249 249 135/358
227 249 248 475/913
228 249 249 361/953
228 249 248 463/865
229 249 249 35/92
229 249 248 232/441
230 249 249 327/856
230 249 248 387/713
231 249 249 377/983
231 249 248 401/755
232 249 249 169/439
232 249 248 401/729
233 249 249 379/981
233 249 248 326/609
234 249 249 88/227
234 249 248 545/978
235 249 249 7/18
235 249 248 7/13
236 249 249 339/869
236 249 248 363/643
237 249 249 223/570
237 249 248 241/446
238 249 249 173/441
238 249 248 507/886
239 249 249 164/417
239 249 248 533/986
240 249 249 300/761
240 249 248 219/377
241 249 249 209/529
241 249 248 295/548
242 249 249 154/389
242 249 248 197/333
243 249 249 94/237
243 249 248 149/280
244 249 249 265/667
244 249 248 544/897
245 249 249 343/862
245 249 248 511/985
246 249 249 155/389
246 249 248 437/693
247 249 249 377/945
247 249 248 319/651
248 249 249 136/347
248 249 248 317/478
249 249 249 41/118
249 249 248 253/802
200 250 250 221/560
200 250 249 65/647
201 250 250 377/946
201 250 249 89/850
202 250 250 173/430
202 250 249 30/283
203 250 250 67/165
203 250 249 43/390
204 250 250 59/144
204 250 249 56/503
205 250 250 205/496
205 250 249 20/173
206 250 250 223/535
206 250 249 17/146
207 250 250 253/602
207 250 249 71/588
208 250 250 233/550
208 250 249 33/272
209 250 250 149/349
209 250 249 91/724
210 250 250 348/809
210 250 249 111/881
211 250 250 432/997
211 250 249 3/23
212 250 250 271/621
212 250 249 3/23
213 250 250 417/949
213 250 249 93/689
214 250 250 280/633
214 250 249 96/713
215 250 250 394/885
215 250 249 79/567
216 250 250 435/971
216 250 249 131/945
217 250 250 32/71
217 250 249 129/899
218 250 250 277/611
218 250 249 42/295
219 250 250 419/919
219 250 249 137/929
220 250 250 397/866
220 250 249 131/898
221 250 250 365/792
221 250 249 149/985
222 250 250 447/965
222 250 249 78/523
223 250 250 398/855
223 250 249 125/807
224 250 250 449/960
224 250 249 103/677
225 250 250 335/713
225 250 249 89/562
226 250 250 42/89
226 250 249 151/975
227 250 250 227/479
227 250 249 65/402
228 250 250 187/393
228 250 249 157/998
229 250 250 460/963
229 250 249 140/849
230 250 250 35/73
230 250 249 158/991
231 250 250 217/451
231 250 249 145/863
232 250 250 477/988
232 250 249 113/701
233 250 250 232/479
233 250 249 45/263
234 250 250 120/247
234 250 249 46/283
235 250 250 401/823
235 250 249 169/970
236 250 250 107/219
236 250 249 157/961
237 250 250 362/739
237 250 249 30/169
238 250 250 192/391
238 250 249 26/159
239 250 250 220/447
239 250 249 102/563
240 250 250 473/959
240 250 249 158/971
241 250 250 213/431
241 250 249 103/555
242 250 250 253/511
242 250 249 103/642
243 250 250 489/986
243 250 249 9/47
244 250 250 226/455
244 250 249 110/707
245 250 250 286/575
245 250 249 77/384
246 250 250 125/251
246 250 249 82/563
247 250 250 172/345
247 250 249 199/918
248 250 250 255/511
248 250 249 109/882
249 250 250 431/863
249 250 249 20/79
250 250 250 499/999
250 250 249 11/173
178 251 251 170/533
178 251 250 135/661
179 251 251 229/713
179 251 250 101/485
180 251 251 263/815
180 251 250 121/569
181 251 251 167/514
181 251 250 123/568
182 251 251 265/812
182 251 250 199/901
183 251 251 251/764
183 251 250 206/917
184 251 251 161/488
184 251 250 111/485
185 251 251 263/792
185 251 250 183/787
186 251 251 1/3
186 251 250 102/431
187 251 251 256/763
187 251 250 233/970
188 251 251 131/389
188 251 250 191/782
189 251 251 265/782
189 251 250 80/323
190 251 251 321/944
190 251 250 193/767
191 251 251 246/719
191 251 250 116/455
192 251 251 104/303
192 251 250 257/993
193 251 251 48/139
193 251 250 229/874
194 251 251 222/641
194 251 250 122/459
195 251 251 77/221
195 251 250 235/874
196 251 251 80/229
196 251 250 172/631
197 251 251 259/737
197 251 250 275/998
198 251 251 335/951
198 251 250 232/831
199 251 251 281/793
199 251 250 273/968
200 251 251 87/245
200 251 250 285/998
201 251 251 354/991
201 251 250 126/437
202 251 251 180/503
202 251 250 82/281
203 251 251 356/989
203 251 250 53/180
204 251 251 305/846
204 251 250 14/47
205 251 251 305/841
205 251 250 234/779
206 251 251 313/862
206 251 250 243/800
207 251 251 301/824
207 251 250 184/601
208 251 251 268/733
208 251 250 147/475
209 251 251 103/280
209 251 250 188/603
210 251 251 325/883
210 251 250 247/784
211 251 251 10/27
211 251 250 217/684
212 251 251 213/575
212 251 250 208/649
213 251 251 343/920
213 251 250 321/995
214 251 251 331/888
214 251 250 188/577
215 251 251 373/994
215 251 250 199/607
216 251 251 3/8
216 251 250 97/293
217 251 251 338/895
217 251 250 333/1000
218 251 251 275/729
218 251 250 309/919
219 251 251 141/371
219 251 250 306/905
220 251 251 118/311
220 251 250 311/911
221 251 251 371/970
221 251 250 335/976
222 251 251 224/587
222 251 250 131/378
223 251 251 179/465
223 251 250 285/818
224 251 251 109/284
224 251 250 336/955
225 251 251 236/609
225 251 250 237/670
226 251 251 83/215
226 251 250 343/960
227 251 251 16/41
227 251 250 83/231
228 251 251 87/224
228 251 250 232/639
229 251 251 186/473
229 251 250 99/271
230 251 251 378/967
230 251 250 188/509
231 251 251 140/353
231 251 250 247/664
232 251 251 311/790
232 251 250 233/619
233 251 251 292/729
233 251 250 292/769
234 251 251 379/955
234 251 250 382/993
235 251 251 15/37
235 251 250 114/293
236 251 251 228/569
236 251 250 319/808
237 251 251 247/600
237 251 250 373/930
238 251 251 333/821
238 251 250 31/76
239 251 251 340/809
239 251 250 134/321
240 251 251 242/587
240 251 250 385/904
241 251 251 410/947
241 251 250 366/829
242 251 251 46/109
242 251 250 176/389
243 251 251 422/931
243 251 250 278/579
244 251 251 165/377
244 251 250 155/313
245 251 251 262/535
245 251 250 419/762
246 251 251 266/571
246 251 250 91/159
247 251 251 401/765
247 251 250 521/861
248 251 251 207/430
248 251 250 345/541
249 251 251 2/3
249 251 250 196/225
250 251 251 527/892
250 251 250 883/918
251 251 251 289/535
251 251 250 431/987
134 252 252 130/991
134 252 251 37/797
135 252 252 47/353
135 252 251 45/958
136 252 252 133/984
136 252 251 27/568
137 252 252 129/941
137 252 251 5/104
138 252 252 21/151
138 252 251 23/473
139 252 252 32/227
139 252 251 35/712
140 252 252 1/7
140 252 251 33/664
141 252 252 43/297
141 252 251 34/677
142 252 252 109/743
142 252 251 37/729
143 252 252 101/680
143 252 251 51/995
144 252 252 54/359
144 252 251 13/251
145 252 252 93/611
145 252 251 49/937
146 252 252 108/701
146 252 251 47/890
147 252 252 91/584
147 252 251 46/863
148 252 252 102/647
148 252 251 12/223
149 252 252 91/571
149 252 251 43/792
150 252 252 83/515
150 252 251 4/73
151 252 252 64/393
151 252 251 53/959
152 252 252 147/893
152 252 251 31/556
153 252 252 69/415
153 252 251 47/836
154 252 252 21/125
154 252 251 11/194
155 252 252 48/283
155 252 251 57/997
156 252 252 166/969
156 252 251 54/937
157 252 252 162/937
157 252 251 32/551
158 252 252 70/401
158 252 251 49/837
159 252 252 143/812
159 252 251 45/763
160 252 252 123/692
160 252 251 23/387
161 252 252 159/887
161 252 251 17/284
162 252 252 155/857
162 252 251 55/912
163 252 252 159/872
163 252 251 47/774
164 252 252 183/995
164 252 251 20/327
165 252 252 81/437
165 252 251 54/877
166 252 252 117/626
166 252 251 39/629
167 252 252 161/855
167 252 251 40/641
168 252 252 138/727
168 252 251 61/971
169 252 252 191/999
169 252 251 61/965
170 252 252 121/628
170 252 251 60/943
171 252 252 123/634
171 252 251 61/953
172 252 252 112/573
172 252 251 40/621
173 252 252 182/925
173 252 251 62/957
174 252 252 131/661
174 252 251 41/629
175 252 252 143/717
175 252 251 39/595
176 252 252 191/951
176 252 251 6/91
177 252 252 98/485
177 252 251 35/528
178 252 252 83/408
178 252 251 1/15
179 252 252 195/953
179 252 251 13/194
180 252 252 159/772
180 252 251 25/371
181 252 252 204/985
181 252 251 30/443
182 252 252 203/974
182 252 251 16/235
183 252 252 189/902
183 252 251 47/687
184 252 252 191/906
184 252 251 61/887
185 252 252 82/387
185 252 251 59/854
186 252 252 120/563
186 252 251 5/72
187 252 252 145/677
187 252 251 68/975
188 252 252 123/571
188 252 251 56/799
189 252 252 182/841
189 252 251 63/895
190 252 252 42/193
190 252 251 36/509
191 252 252 153/700
191 252 251 37/521
192 252 252 89/405
192 252 251 62/869
193 252 252 79/358
193 252 251 51/712
194 252 252 187/843
194 252 251 59/820
195 252 252 51/229
195 252 251 58/803
196 252 252 169/755
196 252 251 65/896
197 252 252 193/859
197 252 251 64/879
198 252 252 7/31
198 252 251 71/971
199 252 252 196/865
199 252 251 59/804
200 252 252 51/224
200 252 251 7/95
201 252 252 143/626
201 252 251 61/825
202 252 252 14/61
202 252 251 17/229
203 252 252 227/986
203 252 251 40/537
204 252 252 176/761
204 252 251 51/682
205 252 252 167/720
205 252 251 73/973
206 252 252 89/382
206 252 251 61/810
207 252 252 196/839
207 252 251 55/728
208 252 252 42/179
208 252 251 75/989
209 252 252 179/761
209 252 251 48/631
210 252 252 193/817
210 252 251 41/537
211 252 252 85/359
211 252 251 52/679
212 252 252 141/593
212 252 251 76/989
213 252 252 203/852
213 252 251 69/895
214 252 252 39/163
214 252 251 66/853
215 252 252 163/680
215 252 251 61/786
216 252 252 149/619
216 252 251 31/398
217 252 252 210/871
217 252 251 5/64
218 252 252 238/983
218 252 251 69/880
219 252 252 241/994
219 252 251 73/928
220 252 252 28/115
220 252 251 3/38
221 252 252 225/923
221 252 251 8/101
222 252 252 189/772
222 252 251 64/805
223 252 252 161/657
223 252 251 77/965
224 252 252 223/906
224 252 251 35/437
225 252 252 184/747
225 252 251 62/771
226 252 252 170/687
226 252 251 75/929
227 252 252 179/723
227 252 251 79/974
228 252 252 51/205
228 252 251 43/528
229 252 252 109/438
229 252 251 52/635
230 252 252 250/999
230 252 251 19/231
231 252 252 250/999
231 252 251 79/954
232 252 252 194/771
232 252 251 54/649
233 252 252 155/616
233 252 251 59/703
234 252 252 137/541
234 252 251 27/320
235 252 252 137/541
235 252 251 67/785
236 252 252 25/98
236 252 251 48/559
237 252 252 136/533
237 252 251 13/149
238 252 252 209/812
238 252 251 21/239
239 252 252 76/295
239 252 251 74/823
240 252 252 144/553
240 252 251 73/805
241 252 252 53/203
241 252 251 82/873
242 252 252 257/971
242 252 251 73/769
243 252 252 166/623
243 252 251 64/637
244 252 252 19/70
244 252 251 11/108
245 252 252 178/645
245 252 251 99/881
246 252 252 87/307
246 252 251 111/970
247 252 252 268/905
247 252 251 82/595
248 252 252 278/901
248 252 251 38/269
249 252 252 34/103
249 252 251 34/309
250 252 252 383/859
250 252 251 131/330
251 252 252 69/148
251 252 251 66/151
252 252 252 311/529
252 252 251 9/110
