# UNIF(n=177,lo,hi): D_ren + dipoles; lines "lo hi level amplitude" for the corrected intervals
152 152 152 1/31
152 152 151 -1/691
153 153 153 55/989
153 153 152 -1/625
154 154 154 6/185
154 154 153 -6/931
155 155 155 38/561
155 155 154 2/771
156 156 156 29/875
156 156 155 -5/432
157 157 157 23/284
157 157 156 5/736
158 158 158 85/949
158 158 157 66/829
159 159 159 30/313
159 159 158 3/271
160 160 160 91/870
160 160 159 53/547
159 161 161 85/978
159 161 160 1/237
161 161 161 32/283
161 161 160 14/901
160 162 162 100/967
160 162 161 74/791
162 162 162 7/58
162 162 161 113/994
161 163 163 101/887
161 163 162 11/761
163 163 163 17/127
163 163 162 9/442
160 164 164 105/916
160 164 163 104/945
162 164 164 126/955
162 164 163 101/766
164 164 164 37/263
164 164 163 17/127
161 165 165 31/241
161 165 164 13/631
163 165 165 17/301
163 165 164 -29/900
165 165 165 103/643
165 165 164 23/892
160 166 166 97/691
160 166 165 143/956
162 166 166 21/136
162 166 165 117/700
164 166 166 1/6
164 166 165 83/467
165 166 166 73/424
165 166 165 241/832
166 166 166 1/6
166 166 165 25/157
161 167 167 88/551
161 167 166 34/985
163 167 167 135/778
163 167 166 35/909
164 167 167 55/306
164 167 166 57/628
165 167 167 50/823
165 167 166 -35/803
166 167 167 8/469
166 167 166 -5/812
167 167 167 161/823
167 167 166 19/590
160 168 168 26/141
160 168 167 146/671
162 168 168 145/743
162 168 167 172/745
163 168 168 1/5
163 168 167 269/887
164 168 168 188/919
164 168 167 83/348
165 168 168 119/570
165 168 167 289/872
166 168 168 212/997
166 168 167 174/731
167 168 168 123/569
167 168 167 27/74
168 168 168 173/854
168 168 167 159/824
159 169 169 46/229
159 169 168 35/667
160 169 169 93/449
160 169 168 50/623
161 169 169 193/906
161 169 168 10/173
162 169 169 179/819
162 169 168 67/732
163 169 169 213/952
163 169 168 57/937
164 169 169 8/35
164 169 168 35/338
165 169 169 230/987
165 169 168 59/973
166 169 169 106/447
166 169 168 2/17
167 169 169 119/494
167 169 168 54/977
168 169 169 203/831
168 169 168 19/139
169 169 169 74/957
169 169 168 -35/473
156 170 170 29/382
156 170 169 -5/576
157 170 170 7/108
157 170 169 -1/228
158 170 170 52/719
158 170 169 -9/490
159 170 170 28/471
159 170 169 -11/945
160 170 170 13/187
160 170 169 -3/109
161 170 170 25/462
161 170 169 -13/739
162 170 170 61/901
162 170 169 -36/991
163 170 170 47/968
163 170 169 -21/955
164 170 170 57/211
164 170 169 94/275
165 170 170 145/531
165 170 169 37/89
166 170 170 190/689
166 170 169 233/685
167 170 170 244/877
167 170 169 305/691
168 170 170 25/339
168 170 169 -34/513
169 170 170 7/313
169 170 169 -16/903
170 170 170 27/314
170 170 169 -71/847
153 171 171 54/205
153 171 170 41/567
154 171 171 139/516
154 171 170 15/173
155 171 171 233/847
155 171 170 23/289
156 171 171 225/802
156 171 170 50/523
157 171 171 2/7
157 171 170 17/198
158 171 171 25/86
158 171 170 73/701
159 171 171 109/369
159 171 170 91/1000
160 171 171 182/607
160 171 170 73/649
161 171 171 121/398
161 171 170 29/306
162 171 171 271/880
162 171 170 100/827
163 171 171 225/722
163 171 170 94/971
164 171 171 293/930
164 171 170 88/677
165 171 171 281/883
165 171 170 37/384
166 171 171 290/903
166 171 170 75/533
167 171 171 295/911
167 171 170 41/446
168 171 171 153/469
168 171 170 103/663
169 171 171 177/539
169 171 170 2/25
170 171 171 253/766
170 171 170 141/785
171 171 171 317/955
171 171 170 28/551
148 172 172 48/139
148 172 171 459/1000
149 172 172 214/613
149 172 171 395/829
150 172 172 321/910
150 172 171 306/647
151 172 172 202/567
151 172 171 144/293
152 172 172 319/887
152 172 171 305/628
153 172 172 176/485
153 172 171 45/89
154 172 172 239/653
154 172 171 256/515
155 172 172 69/187
155 172 171 232/447
156 172 172 367/987
156 172 171 464/915
157 172 172 209/558
157 172 171 251/472
158 172 172 287/761
158 172 171 480/931
159 172 172 331/872
159 172 171 512/941
160 172 172 76/199
160 172 171 270/517
161 172 172 227/591
161 172 171 410/737
162 172 172 368/953
162 172 171 365/693
163 172 172 371/956
163 172 171 33/58
164 172 172 223/572
164 172 171 75/142
165 172 172 240/613
165 172 171 407/698
166 172 172 305/776
166 172 171 73/139
167 172 172 170/431
167 172 171 539/897
168 172 172 349/882
168 172 171 160/311
169 172 172 25/63
169 172 171 554/883
170 172 172 364/915
170 172 171 481/986
171 172 172 182/465
171 172 171 635/959
172 172 172 108/851
172 172 171 -125/993
139 173 173 97/247
139 173 172 14/145
140 173 173 190/477
140 173 172 63/608
141 173 173 235/582
141 173 172 88/841
142 173 173 9/22
142 173 172 88/787
143 173 173 157/379
143 173 172 11/98
144 173 173 135/322
144 173 172 36/301
145 173 173 204/481
145 173 172 77/645
146 173 173 241/562
146 173 172 8/63
147 173 173 270/623
147 173 172 31/246
148 173 173 278/635
148 173 172 28/209
149 173 173 103/233
149 173 172 67/507
150 173 173 431/966
150 173 172 97/690
151 173 173 343/762
151 173 172 27/196
152 173 173 69/152
152 173 172 58/395
153 173 173 421/920
153 173 172 1/7
154 173 173 427/926
154 173 172 11/72
155 173 173 412/887
155 173 172 143/971
156 173 173 391/836
156 173 172 77/486
157 173 173 467/992
157 173 172 21/139
158 173 173 9/19
158 173 172 99/604
159 173 173 263/552
159 173 172 41/266
160 173 173 389/812
160 173 172 107/632
161 173 173 339/704
161 173 172 153/979
162 173 173 479/990
162 173 172 82/469
163 173 173 365/751
163 173 172 139/884
164 173 173 102/209
164 173 172 142/785
165 173 173 364/743
165 173 172 151/965
166 173 173 411/836
166 173 172 83/441
167 173 173 145/294
167 173 172 89/582
168 173 173 459/928
168 173 172 25/126
169 173 173 422/851
169 173 172 122/847
170 173 173 83/167
170 173 172 105/487
171 173 173 370/743
171 173 172 118/961
172 173 173 417/836
172 173 172 211/835
173 173 173 477/955
173 173 172 59/931
125 174 174 311/969
125 174 173 37/173
126 174 174 61/188
126 174 173 133/606
127 174 174 267/818
127 174 173 7/31
128 174 174 32/97
128 174 173 43/186
129 174 174 133/401
129 174 173 197/830
130 174 174 307/916
130 174 173 97/400
131 174 174 164/487
131 174 173 83/334
132 174 174 263/773
132 174 173 240/947
133 174 174 260/761
133 174 173 7/27
134 174 174 224/649
134 174 173 184/697
135 174 174 177/511
135 174 173 137/508
136 174 174 183/523
136 174 173 17/62
137 174 174 319/909
137 174 173 221/790
138 174 174 106/299
138 174 173 73/257
139 174 174 307/864
139 174 173 284/981
140 174 174 359/1000
140 174 173 133/453
141 174 174 233/648
141 174 173 281/940
142 174 174 121/333
142 174 173 116/383
143 174 174 4/11
143 174 173 273/886
144 174 174 25/68
144 174 173 233/747
145 174 174 357/971
145 174 173 189/596
146 174 174 267/718
146 174 173 196/611
147 174 174 337/907
147 174 173 59/181
148 174 174 305/811
148 174 173 175/531
149 174 174 363/967
149 174 173 155/463
150 174 174 89/234
150 174 173 313/925
151 174 174 259/683
151 174 173 133/387
152 174 174 222/577
152 174 173 239/688
153 174 174 77/201
153 174 173 205/581
154 174 174 361/927
154 174 173 329/922
155 174 174 12/31
155 174 173 153/422
156 174 174 131/332
156 174 173 366/997
157 174 174 119/304
157 174 173 346/927
158 174 174 155/387
158 174 173 364/961
159 174 174 216/545
159 174 173 219/568
160 174 174 42/103
160 174 173 11/28
161 174 174 298/741
161 174 173 389/971
162 174 174 416/997
162 174 173 104/253
163 174 174 34/83
163 174 173 343/816
164 174 174 87/202
164 174 173 390/893
165 174 174 234/557
165 174 173 365/814
166 174 174 229/507
166 174 173 359/753
167 174 174 425/974
167 174 173 293/595
168 174 174 194/397
168 174 173 477/871
169 174 174 246/529
169 174 173 489/857
170 174 174 456/871
170 174 173 323/535
171 174 174 227/472
171 174 173 631/991
172 174 174 659/989
172 174 173 667/766
173 174 174 583/987
173 174 173 601/625
174 174 174 323/598
174 174 173 117/268
93 175 175 37/282
93 175 174 27/580
94 175 175 95/709
94 175 174 8/169
95 175 175 131/957
95 175 174 35/727
96 175 175 49/351
96 175 174 47/961
97 175 175 48/337
97 175 174 49/986
98 175 175 28/193
98 175 174 40/793
99 175 175 89/602
99 175 174 19/371
100 175 175 91/605
100 175 174 51/982
101 175 175 113/738
101 175 174 47/892
102 175 175 115/739
102 175 174 51/955
103 175 175 69/436
103 175 174 36/665
104 175 175 94/585
104 175 174 46/839
105 175 175 8/49
105 175 174 1/18
106 175 175 105/634
106 175 174 52/925
107 175 175 134/797
107 175 174 7/123
108 175 175 144/845
108 175 174 27/469
109 175 175 79/457
109 175 174 6/103
110 175 175 170/971
110 175 174 56/951
111 175 175 115/648
111 175 174 29/487
112 175 175 155/863
112 175 174 50/831
113 175 175 141/775
113 175 174 9/148
114 175 175 23/125
114 175 174 46/749
115 175 175 19/102
115 175 174 17/274
116 175 175 93/494
116 175 174 61/974
117 175 175 4/21
117 175 174 16/253
118 175 175 187/972
118 175 174 58/909
119 175 175 57/293
119 175 174 55/854
120 175 175 141/718
120 175 174 53/816
121 175 175 26/131
121 175 174 27/412
122 175 175 166/829
122 175 174 51/772
123 175 175 195/964
123 175 174 66/991
124 175 175 185/907
124 175 174 28/417
125 175 175 83/403
125 175 174 57/842
126 175 175 192/925
126 175 174 68/997
127 175 175 172/821
127 175 174 51/742
128 175 175 153/725
128 175 174 67/968
129 175 175 211/991
129 175 174 53/760
130 175 175 176/821
130 175 174 41/584
131 175 175 8/37
131 175 174 64/905
132 175 175 99/455
132 175 174 59/829
133 175 175 188/857
133 175 174 43/600
134 175 175 126/571
134 175 174 68/943
135 175 175 129/580
135 175 174 40/551
136 175 175 195/872
136 175 174 62/849
137 175 175 169/750
137 175 174 43/585
138 175 175 89/393
138 175 174 19/257
139 175 175 60/263
139 175 174 43/578
140 175 175 223/973
140 175 174 41/548
141 175 175 229/992
141 175 174 74/983
142 175 175 35/151
142 175 174 19/251
143 175 175 95/407
143 175 174 53/696
144 175 175 220/939
144 175 174 17/222
145 175 175 205/869
145 175 174 58/753
146 175 175 40/169
146 175 174 11/142
147 175 175 163/684
147 175 174 6/77
148 175 175 239/1000
148 175 174 33/421
149 175 175 199/827
149 175 174 19/241
150 175 175 117/485
150 175 174 58/731
151 175 175 77/317
151 175 174 66/827
152 175 175 37/152
152 175 174 34/423
153 175 175 240/979
153 175 174 49/606
154 175 175 181/737
154 175 174 49/601
155 175 175 239/966
155 175 174 79/963
156 175 175 28/113
156 175 174 44/531
157 175 175 249/997
157 175 174 83/995
158 175 175 1/4
158 175 174 80/947
159 175 175 193/765
159 175 174 85/999
160 175 175 143/566
160 175 174 83/959
161 175 175 247/968
161 175 174 13/149
162 175 175 214/837
162 175 174 37/414
163 175 175 171/661
163 175 174 59/654
164 175 175 27/104
164 175 174 88/941
165 175 175 49/186
165 175 174 89/941
166 175 175 211/795
166 175 174 56/559
167 175 175 125/462
167 175 174 82/807
168 175 175 177/643
168 175 174 35/312
169 175 175 239/845
169 175 174 4/35
170 175 175 283/957
170 175 174 61/443
171 175 175 303/983
171 175 174 12/85
172 175 175 321/973
172 175 174 107/973
173 175 175 391/877
173 175 174 284/715
174 175 175 284/609
174 175 174 371/849
175 175 175 117/199
175 175 174 57/697
