# UNIF(n=255,lo,hi): D_ren + dipoles; lines "lo hi level amplitude" for the corrected intervals
223 223 223 20/521
223 223 222 -2/681
224 224 224 21/488
224 224 223 25/881
225 225 225 24/527
225 225 224 0
226 226 226 12/473
226 226 225 -5/941
227 227 227 6/113
227 227 226 2/883
228 228 228 5/194
228 228 227 -7/830
229 229 229 61/997
229 229 228 3/616
230 230 230 25/944
230 230 229 -11/943
231 231 231 66/943
231 231 230 7/932
232 232 232 26/943
232 232 231 -14/929
233 233 233 54/677
233 233 232 4/391
232 234 234 30/853
232 234 233 -2/791
234 234 234 29/996
234 234 233 -3/160
233 235 235 19/267
233 235 234 4/949
235 235 235 90/991
235 235 234 12/917
234 236 236 32/903
234 236 235 -5/573
236 236 236 13/135
236 236 235 21/230
235 237 237 70/797
235 237 236 9/865
237 237 237 11/106
237 237 236 13/805
234 238 238 26/647
234 238 237 -1/396
236 238 238 83/840
236 238 237 50/527
238 238 238 74/681
238 238 237 89/856
235 239 239 54/583
235 239 238 1/84
237 239 239 83/778
237 239 238 13/766
239 239 239 13/109
239 239 238 5/256
236 240 240 14/345
236 240 239 -3/271
238 240 240 27/227
238 240 239 119/984
240 240 240 90/727
240 240 239 109/915
235 241 241 78/737
235 241 240 5/283
237 241 241 112/949
237 241 240 3/136
239 241 241 70/543
239 241 240 4/165
241 241 241 32/231
241 241 240 19/812
236 242 242 51/406
236 242 241 14/103
238 242 242 120/889
238 242 241 128/875
240 242 242 136/949
240 242 241 40/263
241 242 242 144/979
241 242 241 118/477
242 242 242 143/1000
242 242 241 87/631
235 243 243 96/745
235 243 242 8/285
237 243 243 43/309
237 243 242 17/535
239 243 243 123/829
239 243 242 9/268
240 243 243 83/544
240 243 242 64/805
241 243 243 2/41
241 243 242 -17/458
242 243 243 119/743
242 243 242 70/761
243 243 243 35/214
243 243 242 25/893
234 244 244 132/905
234 244 243 92/545
236 244 244 106/687
236 244 243 85/472
238 244 244 79/488
238 244 243 55/292
239 244 244 106/641
239 244 243 223/880
240 244 244 157/931
240 244 243 139/721
241 244 244 74/431
241 244 243 79/288
242 244 244 133/762
242 244 243 175/912
243 244 244 59/333
243 244 243 296/991
244 244 244 124/737
244 244 243 111/685
233 245 245 133/856
233 245 244 37/931
235 245 245 124/753
235 245 244 43/977
236 245 245 121/716
236 245 244 32/457
237 245 245 166/959
237 245 244 42/893
238 245 245 63/356
238 245 244 69/881
239 245 245 151/836
239 245 244 47/970
240 245 245 157/853
240 245 244 11/126
241 245 245 50/267
241 245 244 42/881
242 245 245 82/431
242 245 244 97/992
243 245 245 43/777
243 245 244 -46/977
244 245 245 12/881
244 245 244 -8/955
245 245 245 94/475
245 245 244 32/949
232 246 246 173/937
232 246 245 223/977
233 246 246 170/903
233 246 245 86/329
234 246 246 65/339
234 246 245 193/808
235 246 246 71/364
235 246 245 142/513
236 246 246 177/893
236 246 245 170/687
237 246 246 168/835
237 246 245 205/702
238 246 246 81/397
238 246 245 158/623
239 246 246 179/866
239 246 245 219/712
240 246 246 50/239
240 246 245 135/526
241 246 246 205/969
241 246 245 206/635
242 246 246 193/903
242 246 245 12/47
243 246 246 63/292
243 246 245 179/520
244 246 246 215/988
244 246 245 87/352
245 246 246 159/725
245 246 245 53/143
246 246 246 194/953
246 246 245 82/421
229 247 247 152/775
229 247 246 29/526
230 247 247 157/783
230 247 246 49/708
231 247 247 191/933
231 247 246 41/683
232 247 247 205/982
232 247 246 43/567
233 247 247 64/301
233 247 246 26/405
234 247 247 114/527
234 247 246 47/571
235 247 247 195/887
235 247 246 47/696
236 247 247 179/802
236 247 246 49/552
237 247 247 194/857
237 247 246 60/859
238 247 247 203/885
238 247 246 73/765
239 247 247 173/745
239 247 246 37/522
240 247 247 233/992
240 247 246 89/867
241 247 247 202/851
241 247 246 23/328
242 247 247 93/388
242 247 246 1/9
243 247 247 200/827
243 247 246 1/15
244 247 247 197/808
244 247 246 87/712
245 247 247 14/57
245 247 246 52/889
246 247 247 45/182
246 247 246 110/793
247 247 247 55/721
247 247 246 -59/790
226 248 248 43/589
226 248 247 -7/802
227 248 248 58/867
227 248 247 -5/697
228 248 248 53/754
228 248 247 -7/468
229 248 248 11/173
229 248 247 -8/641
230 248 248 56/825
230 248 247 -20/959
231 248 248 41/679
231 248 247 -12/695
232 248 248 5/76
232 248 247 -6/227
233 248 248 13/227
233 248 247 -2/93
234 248 248 63/983
234 248 247 -31/976
235 248 248 11/203
235 248 247 -21/836
236 248 248 47/748
236 248 247 -9/244
237 248 248 49/960
237 248 247 -26/927
238 248 248 32/515
238 248 247 -13/310
239 248 248 32/671
239 248 247 -26/863
240 248 248 62/997
240 248 247 -30/637
241 248 248 19/433
241 248 247 -20/643
242 248 248 69/248
242 248 247 301/843
243 248 248 243/869
243 248 247 131/306
244 248 248 109/388
244 248 247 303/866
245 248 248 123/436
245 248 247 35/78
246 248 248 67/925
246 248 247 -19/276
247 248 248 17/789
247 248 247 -9/466
248 248 248 69/806
248 248 247 -57/674
221 249 249 254/961
221 249 248 17/225
222 249 249 62/231
222 249 248 63/755
223 249 249 204/749
223 249 248 11/136
224 249 249 137/496
224 249 248 54/605
225 249 249 166/593
225 249 248 29/338
226 249 249 260/917
226 249 248 82/865
227 249 249 221/770
227 249 248 40/443
228 249 249 205/706
228 249 248 100/999
229 249 249 234/797
229 249 248 5/53
230 249 249 262/883
230 249 248 67/637
231 249 249 205/684
231 249 248 37/378
232 249 249 141/466
232 249 248 12/109
233 249 249 287/940
233 249 248 34/337
234 249 249 283/919
234 249 248 84/731
235 249 249 104/335
235 249 248 19/184
236 249 249 239/764
236 249 248 71/593
237 249 249 259/822
237 249 248 99/944
238 249 249 105/331
238 249 248 58/465
239 249 249 234/733
239 249 248 48/455
240 249 249 114/355
240 249 248 122/937
241 249 249 165/511
241 249 248 42/401
242 249 249 160/493
242 249 248 101/739
243 249 249 314/963
243 249 248 38/373
244 249 249 205/626
244 249 248 9/62
245 249 249 311/946
245 249 248 27/283
246 249 249 193/585
246 249 248 142/899
247 249 249 139/420
247 249 248 9/110
248 249 249 151/455
248 249 248 167/924
249 249 249 165/496
249 249 248 29/565
213 250 250 262/761
213 250 249 83/179
214 250 250 17/49
214 250 249 266/573
215 250 250 36/103
215 250 249 443/934
216 250 250 295/838
216 250 249 183/386
217 250 250 257/725
217 250 249 296/611
218 250 250 283/793
218 250 249 277/573
219 250 250 162/451
219 250 249 253/512
220 250 250 257/711
220 250 249 63/128
221 250 250 4/11
221 250 249 149/296
222 250 250 323/883
222 250 249 500/999
223 250 250 316/859
223 250 249 21/41
224 250 250 334/903
224 250 249 159/313
225 250 250 351/944
225 250 249 468/899
226 250 250 108/289
226 250 249 275/534
227 250 250 270/719
227 250 249 490/927
228 250 250 83/220
228 250 249 501/961
229 250 250 263/694
229 250 249 503/938
230 250 250 349/917
230 250 249 371/704
231 250 250 167/437
231 250 249 349/642
232 250 250 61/159
232 250 249 517/972
233 250 250 253/657
233 250 249 179/325
234 250 250 97/251
234 250 249 507/946
235 250 250 19/49
235 250 249 381/683
236 250 250 375/964
236 250 249 159/295
237 250 250 318/815
237 250 249 465/823
238 250 250 9/23
238 250 249 325/601
239 250 250 359/915
239 250 249 280/489
240 250 250 378/961
240 250 249 483/893
241 250 250 371/941
241 250 249 426/733
242 250 250 81/205
242 250 249 461/856
243 250 250 97/245
243 250 249 216/365
244 250 250 332/837
244 250 249 379/712
245 250 250 89/224
245 250 249 276/455
246 250 250 384/965
246 250 249 426/821
247 250 250 365/916
247 250 249 181/287
248 250 250 379/950
248 250 249 74/151
249 250 250 359/916
249 250 249 571/861
250 250 250 64/505
250 250 249 -51/404
200 251 251 139/355
200 251 250 41/418
201 251 251 384/971
201 251 250 80/803
202 251 251 117/293
202 251 250 101/972
203 251 251 339/841
203 251 250 105/998
204 251 251 395/971
204 251 250 99/904
205 251 251 307/748
205 251 250 25/226
206 251 251 296/715
206 251 250 104/905
207 251 251 43/103
207 251 250 113/976
208 251 251 274/651
208 251 250 83/691
209 251 251 14/33
209 251 250 67/555
210 251 251 115/269
210 251 250 125/999
211 251 251 317/736
211 251 250 36/287
212 251 251 259/597
212 251 250 96/739
213 251 251 45/103
213 251 250 122/939
214 251 251 428/973
214 251 250 131/974
215 251 251 387/874
215 251 250 42/313
216 251 251 209/469
216 251 250 5/36
217 251 251 126/281
217 251 250 17/123
218 251 251 226/501
218 251 250 83/580
219 251 251 250/551
219 251 250 95/669
220 251 251 120/263
220 251 250 143/972
221 251 251 317/691
221 251 250 139/955
222 251 251 95/206
222 251 250 149/987
223 251 251 127/274
223 251 250 71/477
224 251 251 449/964
224 251 250 92/595
225 251 251 241/515
225 251 250 149/981
226 251 251 55/117
226 251 250 145/917
227 251 251 144/305
227 251 250 148/957
228 251 251 293/618
228 251 250 135/836
229 251 251 129/271
229 251 250 107/681
230 251 251 151/316
230 251 250 127/771
231 251 251 247/515
231 251 250 140/879
232 251 251 296/615
232 251 250 93/554
233 251 251 311/644
233 251 250 91/565
234 251 251 421/869
234 251 250 152/889
235 251 251 432/889
235 251 250 147/905
236 251 251 77/158
236 251 250 144/827
237 251 251 151/309
237 251 250 161/986
238 251 251 73/149
238 251 250 173/975
239 251 251 470/957
239 251 250 161/985
240 251 251 412/837
240 251 250 163/900
241 251 251 110/223
241 251 250 61/375
242 251 251 472/955
242 251 250 136/733
243 251 251 51/103
243 251 250 81/505
244 251 251 431/869
244 251 250 139/726
245 251 251 455/916
245 251 250 7/45
246 251 251 96/193
246 251 250 80/399
247 251 251 126/253
247 251 250 15/103
248 251 251 347/696
248 251 250 181/835
249 251 251 257/515
249 251 250 65/526
250 251 251 434/869
250 251 250 20/79
251 251 251 499/999
251 251 250 59/928
179 252 252 169/531
179 252 251 206/997
180 252 252 25/78
180 252 251 207/983
181 252 252 295/916
181 252 251 49/228
182 252 252 167/515
182 252 251 7/32
183 252 252 186/571
183 252 251 95/426
184 252 252 81/247
184 252 251 207/913
185 252 252 55/167
185 252 251 151/654
186 252 252 303/914
186 252 251 155/661
187 252 252 225/676
187 252 251 193/809
188 252 252 135/403
188 252 251 160/661
189 252 252 77/229
189 252 251 171/695
190 252 252 246/727
190 252 251 215/862
191 252 252 200/589
191 252 251 248/979
192 252 252 314/919
192 252 251 224/873
193 252 252 254/741
193 252 251 144/553
194 252 252 219/635
194 252 251 107/406
195 252 252 321/928
195 252 251 58/217
196 252 252 340/977
196 252 251 163/603
197 252 252 149/427
197 252 251 20/73
198 252 252 337/960
198 252 251 139/502
199 252 252 297/844
199 252 251 260/927
200 252 252 297/839
200 252 251 183/646
201 252 252 138/389
201 252 251 76/265
202 252 252 278/779
202 252 251 284/981
203 252 252 197/551
203 252 251 29/99
204 252 252 296/823
204 252 251 112/379
205 252 252 192/533
205 252 251 217/726
206 252 252 262/723
206 252 251 22/73
207 252 252 332/915
207 252 251 188/617
208 252 252 119/326
208 252 251 265/863
209 252 252 365/999
209 252 251 9/29
210 252 252 361/982
210 252 251 176/563
211 252 252 263/715
211 252 251 283/896
212 252 252 305/824
212 252 251 173/544
213 252 252 97/262
213 252 251 221/688
214 252 252 275/738
214 252 251 161/498
215 252 252 19/51
215 252 251 270/827
216 252 252 374/997
216 252 251 45/137
217 252 252 289/771
217 252 251 329/992
218 252 252 265/702
218 252 251 333/998
219 252 252 227/602
219 252 251 327/971
220 252 252 329/866
220 252 251 64/189
221 252 252 377/994
221 252 251 147/430
222 252 252 13/34
222 252 251 166/483
223 252 252 103/270
223 252 251 161/464
224 252 252 269/699
224 252 251 278/797
225 252 252 353/920
225 252 251 56/159
226 252 252 308/795
226 252 251 165/466
227 252 252 22/57
227 252 251 54/151
228 252 252 373/956
228 252 251 73/203
229 252 252 299/770
229 252 251 343/944
230 252 252 46/117
230 252 251 344/941
231 252 252 324/829
231 252 251 350/947
232 252 252 389/981
232 252 251 233/626
233 252 252 37/94
233 252 251 351/932
234 252 252 161/402
234 252 251 359/945
235 252 252 373/940
235 252 251 132/343
236 252 252 212/523
236 252 251 383/984
237 252 252 361/901
237 252 251 156/395
238 252 252 361/877
238 252 251 337/840
239 252 252 131/323
239 252 251 51/125
240 252 252 137/326
240 252 251 200/479
241 252 252 357/866
241 252 251 210/493
242 252 252 71/164
242 252 251 34/77
243 252 252 303/718
243 252 251 443/979
244 252 252 257/567
244 252 251 206/429
245 252 252 179/409
245 252 251 469/947
246 252 252 119/243
246 252 251 281/511
247 252 252 75/161
247 252 251 443/774
248 252 252 271/517
248 252 251 118/195
249 252 252 194/403
249 252 251 470/737
250 252 252 2/3
250 252 251 703/807
251 252 252 257/435
251 252 251 883/918
252 252 252 410/759
252 252 251 431/987
134 253 253 122/931
134 253 252 43/927
135 253 253 97/729
135 253 252 10/213
136 253 253 76/563
136 253 252 17/358
137 253 253 133/971
137 253 252 38/791
138 253 253 5/36
138 253 252 17/350
139 253 253 139/987
139 253 252 36/733
140 253 253 126/883
140 253 252 34/685
141 253 253 129/892
141 253 252 44/877
142 253 253 134/915
142 253 252 26/513
143 253 253 143/964
143 253 252 36/703
144 253 253 109/726
144 253 252 50/967
145 253 253 19/125
145 253 252 41/785
146 253 253 137/891
146 253 252 30/569
147 253 253 103/662
147 253 252 14/263
148 253 253 129/820
148 253 252 13/242
149 253 253 151/949
149 253 252 9/166
150 253 253 151/939
150 253 252 53/969
151 253 253 53/326
151 253 252 33/598
152 253 253 45/274
152 253 252 32/575
153 253 253 159/958
153 253 252 27/481
154 253 253 30/179
154 253 252 55/972
155 253 253 75/443
155 253 252 21/368
156 253 253 155/907
156 253 252 31/539
157 253 253 39/226
157 253 252 57/983
158 253 253 109/626
158 253 252 17/291
159 253 253 132/751
159 253 252 58/985
160 253 253 64/361
160 253 252 29/489
161 253 253 39/218
161 253 252 34/569
162 253 253 103/571
162 253 252 55/914
163 253 253 109/599
163 253 252 2/33
164 253 253 177/965
164 253 252 44/721
165 253 253 32/173
165 253 252 59/960
166 253 253 178/955
166 253 252 6/97
167 253 253 171/910
167 253 252 18/289
168 253 253 99/523
168 253 252 22/351
169 253 253 178/933
169 253 252 20/317
170 253 253 83/432
170 253 252 61/961
171 253 253 133/687
171 253 252 26/407
172 253 253 153/785
172 253 252 16/249
173 253 253 118/601
173 253 252 15/232
174 253 253 149/754
174 253 252 29/446
175 253 253 122/613
175 253 252 59/902
176 253 253 156/779
176 253 252 49/745
177 253 253 74/367
177 253 252 43/650
178 253 253 143/705
178 253 252 27/406
179 253 253 39/191
179 253 252 64/957
180 253 253 192/935
180 253 252 57/848
181 253 253 192/929
181 253 252 59/873
182 253 253 197/948
182 253 252 29/427
183 253 253 23/110
183 253 252 17/249
184 253 253 194/923
184 253 252 64/933
185 253 253 48/227
185 253 252 67/972
186 253 253 197/927
186 253 252 57/823
187 253 253 199/931
187 253 252 30/431
188 253 253 32/149
188 253 252 23/329
189 253 253 173/801
189 253 252 17/242
190 253 253 197/908
190 253 252 57/808
191 253 253 125/573
191 253 252 64/903
192 253 253 101/461
192 253 252 19/267
193 253 253 87/395
193 253 252 71/993
194 253 253 23/104
194 253 252 61/850
195 253 253 221/994
195 253 252 63/874
196 253 253 185/829
196 253 252 67/926
197 253 253 109/486
197 253 252 21/289
198 253 253 217/964
198 253 252 59/809
199 253 253 221/977
199 253 252 55/751
200 253 253 143/630
200 253 252 61/830
201 253 253 226/991
201 253 252 29/393
202 253 253 170/743
202 253 252 73/986
203 253 253 214/931
203 253 252 42/565
204 253 253 169/733
204 253 252 49/657
205 253 253 107/462
205 253 252 73/975
206 253 253 36/155
206 253 252 51/679
207 253 253 157/673
207 253 252 72/955
208 253 253 69/295
208 253 252 9/119
209 253 253 144/613
209 253 252 75/988
210 253 253 223/947
210 253 252 15/197
211 253 253 35/148
211 253 252 35/458
212 253 253 187/789
212 253 252 65/848
213 253 253 124/521
213 253 252 1/13
214 253 253 88/369
214 253 252 51/661
215 253 253 91/380
215 253 252 35/452
216 253 253 101/421
216 253 252 73/940
217 253 253 225/934
217 253 252 53/680
218 253 253 173/717
218 253 252 67/857
219 253 253 157/648
219 253 252 63/803
220 253 253 115/474
220 253 252 17/216
221 253 253 153/628
221 253 252 53/671
222 253 253 10/41
222 253 252 76/959
223 253 253 97/396
223 253 252 75/943
224 253 253 89/363
224 253 252 55/689
225 253 253 115/467
225 253 252 77/961
226 253 253 69/280
226 253 252 72/895
227 253 253 177/715
227 253 252 34/421
228 253 253 213/860
228 253 252 43/530
229 253 253 55/221
229 253 252 69/847
230 253 253 235/944
230 253 252 24/293
231 253 253 250/999
231 253 252 71/863
232 253 253 240/959
232 253 252 68/821
233 253 253 187/743
233 253 252 62/745
234 253 253 187/743
234 253 252 23/274
235 253 253 212/837
235 253 252 20/237
236 253 253 135/533
236 253 252 7/82
237 253 253 62/243
237 253 252 59/687
238 253 253 221/866
238 253 252 76/871
239 253 253 26/101
239 253 252 50/569
240 253 253 244/947
240 253 252 58/645
241 253 253 256/983
241 253 252 38/419
242 253 253 194/743
242 253 252 48/511
243 253 253 9/34
243 253 252 15/158
244 253 253 89/334
244 253 252 85/846
245 253 253 269/991
245 253 252 11/108
246 253 253 162/587
246 253 252 79/703
247 253 253 227/801
247 253 252 65/568
248 253 253 284/959
248 253 252 125/907
249 253 253 83/269
249 253 252 38/269
250 253 253 307/930
250 253 252 91/827
251 253 253 313/702
251 253 252 314/791
252 253 253 69/148
252 253 252 66/151
253 253 253 311/529
253 253 252 9/110
