# UNIF(n=186,lo,hi): D_ren + dipoles; lines "lo hi level amplitude" for the corrected intervals
160 160 160 7/148
160 160 159 -3/847
161 161 161 19/605
161 161 160 -1/285
162 162 162 45/773
162 162 161 0
163 163 163 28/883
163 163 162 -6/733
164 164 164 10/143
164 164 163 1/236
165 165 165 18/553
165 165 164 -5/384
166 166 166 38/459
166 166 165 7/859
167 167 167 59/648
167 167 166 52/635
168 168 168 97/997
168 168 167 5/411
167 169 169 6/73
167 169 168 49/754
169 169 169 73/692
169 169 168 71/723
168 170 170 64/707
168 170 169 5/717
170 170 170 41/359
170 170 169 16/975
169 171 171 97/913
169 171 170 80/817
171 171 171 88/725
171 171 170 89/776
170 172 172 106/909
170 172 171 3/181
172 172 172 26/193
172 172 171 19/904
169 173 173 20/169
169 173 172 85/734
171 173 173 132/985
171 173 172 52/385
173 173 173 133/942
173 173 172 128/951
170 174 174 16/121
170 174 173 17/726
172 174 174 29/528
172 174 173 -3/91
174 174 174 137/852
174 174 173 13/495
169 175 175 100/693
169 175 174 149/957
171 175 175 65/414
171 175 174 101/590
173 175 175 77/458
173 175 174 88/489
174 175 175 9/52
174 175 174 209/718
175 175 175 151/904
175 175 174 158/989
168 176 176 23/154
168 176 175 8/251
170 176 176 26/159
170 176 175 25/666
172 176 176 47/267
172 176 175 13/321
173 176 176 103/567
173 176 175 85/921
174 176 176 21/352
174 176 175 -3/68
175 176 176 9/550
175 176 175 -1/154
176 176 176 99/505
176 176 175 19/584
167 177 177 57/322
167 177 176 193/931
169 177 177 172/915
169 177 176 152/681
170 177 177 193/1000
170 177 176 69/245
171 177 177 52/263
171 177 176 206/877
172 177 177 19/94
172 177 176 42/137
173 177 177 152/737
173 177 176 231/958
174 177 177 46/219
174 177 176 1/3
175 177 177 186/871
175 177 176 193/806
176 177 177 189/872
176 177 176 297/812
177 177 177 29/143
177 177 176 75/388
166 178 178 177/916
166 178 177 38/757
168 178 178 186/905
168 178 177 48/853
169 178 178 185/876
169 178 177 29/347
170 178 178 173/799
170 178 177 33/544
171 178 178 179/808
171 178 177 14/149
172 178 178 226/999
172 178 177 54/859
173 178 178 101/438
173 178 177 101/960
174 178 178 42/179
174 178 177 7/113
175 178 178 87/365
175 178 177 114/961
176 178 178 227/939
176 178 177 37/661
177 178 178 201/821
177 178 177 89/649
178 178 178 63/817
178 178 177 -73/985
165 179 179 70/943
165 179 178 -6/449
166 179 179 59/932
166 179 178 -8/931
167 179 179 67/944
167 179 178 -21/949
168 179 179 6/103
168 179 178 -5/334
169 179 179 43/628
169 179 178 -13/427
170 179 179 49/921
170 179 178 -3/149
171 179 179 53/792
171 179 178 -28/727
172 179 179 17/355
172 179 178 -19/797
173 179 179 267/983
173 179 178 244/709
174 179 179 243/886
174 179 178 256/613
175 179 179 215/777
175 179 178 247/723
176 179 179 94/337
176 179 178 127/287
177 179 179 69/938
177 179 178 -34/509
178 179 179 18/809
178 179 178 -7/388
179 179 179 80/931
179 179 178 -65/774
160 180 180 121/468
160 180 179 8/113
161 180 180 78/295
161 180 179 46/551
162 180 180 219/811
162 180 179 52/667
163 180 180 111/403
163 180 179 87/947
164 180 180 204/727
164 180 179 22/261
165 180 180 241/844
165 180 179 76/761
166 180 180 137/472
166 180 179 88/981
167 180 180 28/95
167 180 179 105/976
168 180 180 206/689
168 180 179 19/202
169 180 180 303/1000
169 180 179 113/981
170 180 180 158/515
170 180 179 17/175
171 180 180 9/29
171 180 179 53/431
172 180 180 165/526
172 180 179 75/761
173 180 180 300/947
173 180 179 89/677
174 180 180 304/951
174 180 179 97/994
175 180 180 302/937
175 180 179 122/861
176 180 180 201/619
176 180 179 33/356
177 180 180 271/829
177 180 179 121/776
178 180 180 318/967
178 180 179 71/883
179 180 180 40/121
179 180 179 159/884
180 180 180 263/792
180 180 179 11/216
155 181 181 264/769
155 181 180 29/64
156 181 181 297/856
156 181 180 313/667
157 181 181 279/796
157 181 180 220/471
158 181 181 212/599
158 181 180 348/719
159 181 181 324/907
159 181 180 335/698
160 181 181 324/899
160 181 180 362/727
161 181 181 189/520
161 181 180 147/299
162 181 181 277/756
162 181 180 23/45
163 181 181 367/994
163 181 180 356/709
164 181 181 151/406
164 181 180 122/233
165 181 181 94/251
165 181 180 499/976
166 181 181 72/191
166 181 180 113/211
167 181 181 11/29
167 181 180 397/765
168 181 181 256/671
168 181 180 447/817
169 181 181 89/232
169 181 180 495/943
170 181 181 241/625
170 181 180 519/929
171 181 181 241/622
171 181 180 515/974
172 181 181 346/889
172 181 180 347/608
173 181 181 281/719
173 181 180 241/455
174 181 181 235/599
174 181 180 239/409
175 181 181 50/127
175 181 180 512/973
176 181 181 47/119
176 181 180 491/816
177 181 181 345/871
177 181 180 341/662
178 181 181 193/486
178 181 180 464/739
179 181 181 201/505
179 181 180 103/211
180 181 181 388/991
180 181 180 614/927
181 181 181 274/789
181 181 180 213/676
146 182 182 388/989
146 182 181 77/782
147 182 182 68/171
147 182 181 53/505
148 182 182 365/906
148 182 181 99/934
149 182 182 195/478
149 182 181 103/915
150 182 182 410/993
150 182 181 107/946
151 182 182 203/486
151 182 181 107/893
152 182 182 389/921
152 182 181 72/601
153 182 182 73/171
153 182 181 102/805
154 182 182 113/262
154 182 181 104/825
155 182 182 267/613
155 182 181 105/788
156 182 182 401/912
156 182 181 103/781
157 182 182 130/293
157 182 181 111/796
158 182 182 401/896
158 182 181 7/51
159 182 182 338/749
159 182 181 59/406
160 182 182 267/587
160 182 181 57/401
161 182 182 456/995
161 182 181 110/729
162 182 182 421/912
162 182 181 125/853
163 182 182 416/895
163 182 181 87/557
164 182 182 211/451
164 182 181 57/379
165 182 182 161/342
165 182 181 5/31
166 182 182 331/699
166 182 181 61/397
167 182 182 10/21
167 182 181 125/752
168 182 182 348/727
168 182 181 117/749
169 182 182 165/343
169 182 181 121/707
170 182 182 159/329
170 182 181 3/19
171 182 182 83/171
171 182 181 150/851
172 182 182 77/158
172 182 181 29/183
173 182 182 271/554
173 182 181 129/709
174 182 182 188/383
174 182 181 141/896
175 182 182 487/989
175 182 181 147/778
176 182 182 441/893
176 182 181 72/469
177 182 182 254/513
177 182 181 107/538
178 182 182 200/403
178 182 181 107/741
179 182 182 459/923
179 182 181 117/542
180 182 182 409/821
180 182 181 53/431
181 182 182 461/924
181 182 181 158/625
182 182 182 499/999
182 182 181 43/678
131 183 183 29/90
131 183 182 129/616
132 183 183 223/688
132 183 182 130/603
133 183 183 201/614
133 183 182 93/421
134 183 183 209/635
134 183 182 86/379
135 183 183 112/337
135 183 182 229/987
136 183 183 174/521
136 183 182 201/845
137 183 183 293/869
137 183 182 109/449
138 183 183 85/251
138 183 182 202/813
139 183 183 67/196
139 183 182 241/952
140 183 183 163/475
140 183 182 52/201
141 183 183 195/563
141 183 182 259/984
142 183 183 335/964
142 183 182 83/309
143 183 183 309/881
143 183 182 143/524
144 183 183 236/671
144 183 182 227/816
145 183 183 153/431
145 183 182 153/542
146 183 183 37/104
146 183 182 165/574
147 183 183 65/181
147 183 182 125/429
148 183 183 141/392
148 183 182 75/253
149 183 183 329/906
149 183 182 157/523
150 183 183 221/608
150 183 182 112/367
151 183 183 214/583
151 183 182 88/285
152 183 183 293/798
152 183 182 181/577
153 183 183 171/461
153 183 182 281/886
154 183 183 251/677
154 183 182 19/59
155 183 183 202/539
155 183 182 260/799
156 183 183 64/171
156 183 182 326/987
157 183 183 301/795
157 183 182 333/998
158 183 183 326/863
158 183 182 65/192
159 183 183 298/779
159 183 182 40/117
160 183 183 374/981
160 183 182 298/859
161 183 183 295/763
161 183 182 137/391
162 183 183 147/382
162 183 182 346/973
163 183 183 357/913
163 183 182 23/64
164 183 183 333/857
164 183 182 347/951
165 183 183 367/927
165 183 182 247/669
166 183 183 267/680
166 183 182 296/789
167 183 183 251/625
167 183 182 199/523
168 183 183 265/667
168 183 182 12/31
169 183 183 407/996
169 183 182 382/969
170 183 183 193/479
170 183 182 219/545
171 183 183 415/993
171 183 182 197/478
172 183 183 313/763
172 183 182 206/489
173 183 183 47/109
173 183 182 7/16
174 183 183 299/711
174 183 182 366/815
175 183 183 278/615
175 183 182 200/419
176 183 183 255/584
176 183 182 243/493
177 183 183 22/45
177 183 182 525/958
178 183 183 341/733
178 183 182 451/790
179 183 183 188/359
179 183 182 517/856
180 183 183 279/580
180 183 182 542/851
181 183 183 665/998
181 183 182 155/178
182 183 183 407/689
182 183 182 627/652
183 183 183 74/137
183 183 182 389/891
98 184 184 93/712
98 184 183 30/647
99 184 184 133/998
99 184 183 9/191
100 184 184 63/463
100 184 183 25/522
101 184 184 128/923
101 184 183 39/802
102 184 184 69/488
102 184 183 4/81
103 184 184 19/132
103 184 183 25/499
104 184 184 28/191
104 184 183 49/964
105 184 184 137/919
105 184 183 47/912
106 184 184 59/389
106 184 183 52/995
107 184 184 149/967
107 184 183 44/831
108 184 184 13/83
108 184 183 36/671
109 184 184 31/195
109 184 183 39/718
110 184 184 160/991
110 184 183 39/709
111 184 184 149/910
111 184 183 30/539
112 184 184 164/987
112 184 183 53/941
113 184 184 82/487
113 184 183 9/158
114 184 184 167/978
114 184 183 31/538
115 184 184 162/937
115 184 183 35/601
116 184 184 171/976
116 184 183 58/985
117 184 184 153/863
117 184 183 59/992
118 184 184 165/919
118 184 183 58/965
119 184 184 63/347
119 184 183 23/379
120 184 184 181/985
120 184 183 35/571
121 184 184 174/937
121 184 183 61/986
122 184 184 167/889
122 184 183 62/993
123 184 184 133/701
123 184 183 39/619
124 184 184 136/709
124 184 183 11/173
125 184 184 152/785
125 184 183 47/733
126 184 184 190/971
126 184 183 37/572
127 184 184 61/309
127 184 183 65/997
128 184 184 66/331
128 184 183 24/365
129 184 184 188/935
129 184 183 43/649
130 184 184 203/1000
130 184 183 36/539
131 184 184 151/738
131 184 183 22/327
132 184 184 70/339
132 184 183 4/59
133 184 184 197/947
133 184 183 17/249
134 184 184 149/710
134 184 183 13/189
135 184 184 56/265
135 184 183 61/881
136 184 184 13/61
136 184 183 47/674
137 184 184 71/331
137 184 183 4/57
138 184 184 213/985
138 184 183 46/651
139 184 184 166/763
139 184 183 15/211
140 184 184 107/488
140 184 183 38/531
141 184 184 157/712
141 184 183 65/903
142 184 184 221/995
142 184 183 51/704
143 184 184 67/300
143 184 183 62/851
144 184 184 137/609
144 184 183 67/914
145 184 184 59/261
145 184 183 37/502
146 184 184 28/123
146 184 183 39/526
147 184 184 75/328
147 184 183 65/872
148 184 184 227/986
148 184 183 74/987
149 184 184 227/982
149 184 183 67/889
150 184 184 232/997
150 184 183 31/409
151 184 184 174/745
151 184 183 8/105
152 184 184 197/838
152 184 183 19/248
153 184 184 196/831
153 184 183 65/844
154 184 184 174/733
154 184 183 58/749
155 184 184 5/21
155 184 183 58/745
156 184 184 144/601
156 184 183 40/511
157 184 184 227/945
157 184 183 64/813
158 184 184 22/91
158 184 183 41/518
159 184 184 212/875
159 184 183 70/879
160 184 184 229/939
160 184 183 41/512
161 184 184 226/925
161 184 183 77/955
162 184 184 107/435
162 184 183 3/37
163 184 184 152/617
163 184 183 77/942
164 184 184 197/794
164 184 183 31/377
165 184 184 197/793
165 184 183 47/566
166 184 184 187/747
166 184 183 59/706
167 184 184 101/403
167 184 183 82/969
168 184 184 252/997
168 184 183 83/974
169 184 184 227/897
169 184 183 13/150
170 184 184 150/587
170 184 183 29/332
171 184 184 32/125
171 184 183 45/503
172 184 184 137/529
172 184 183 53/587
173 184 184 112/431
173 184 183 54/577
174 184 184 227/861
174 184 183 83/877
175 184 184 98/369
175 184 183 44/439
176 184 184 219/809
176 184 183 80/787
177 184 184 160/581
177 184 183 34/303
178 184 184 247/873
178 184 183 111/971
179 184 184 281/950
179 184 183 134/973
180 184 184 119/386
180 184 183 109/772
181 184 184 259/785
181 184 183 54/491
182 184 184 284/637
182 184 183 56/141
183 184 184 443/950
183 184 183 111/254
184 184 184 341/580
184 184 183 75/917
