# UNIF(n=100,lo,hi): D_ren + dipoles; lines "lo hi level amplitude" for the corrected intervals
83 83 83 32/667
83 83 82 -2/497
84 84 84 51/583
84 84 83 0
85 85 85 34/327
85 85 84 52/625
86 86 86 100/873
86 86 85 4/479
87 87 87 17/129
87 87 86 61/520
88 88 88 55/376
88 88 87 3/176
87 89 89 51/380
87 89 88 101/861
89 89 89 127/791
89 89 88 35/237
88 90 90 82/993
88 90 89 -1/35
90 90 90 46/247
90 90 89 15/572
87 91 91 1/6
87 91 90 166/997
89 91 91 155/807
89 91 90 196/985
91 91 91 92/463
91 91 90 105/566
88 92 92 104/529
88 92 91 21/568
90 92 92 193/872
90 92 91 41/963
91 92 92 158/681
91 92 91 121/940
92 92 92 71/871
92 92 91 -40/563
87 93 93 49/207
87 93 92 76/275
89 93 93 159/625
89 93 92 230/771
90 93 93 27/103
90 93 92 116/283
91 93 93 77/969
91 93 92 -31/554
92 93 93 19/733
92 93 92 -11/974
93 93 93 56/639
93 93 92 -65/804
86 94 94 22/83
86 94 93 46/701
87 94 94 275/997
87 94 93 103/993
88 94 94 285/997
88 94 93 38/509
89 94 94 59/200
89 94 93 103/836
90 94 94 206/679
90 94 93 59/754
91 94 94 51/164
91 94 93 127/875
92 94 94 34/107
92 94 93 71/974
93 94 94 259/800
93 94 93 109/622
94 94 94 25/76
94 94 93 41/840
83 95 95 47/137
83 95 94 19/43
84 95 95 344/983
84 95 94 423/871
85 95 95 175/491
85 95 94 247/531
86 95 95 253/698
86 95 94 501/971
87 95 95 353/959
87 95 94 229/474
88 95 95 193/517
88 95 94 6/11
89 95 95 335/886
89 95 94 474/959
90 95 95 345/902
90 95 94 87/151
91 95 95 325/841
91 95 94 53/107
92 95 95 374/959
92 95 94 268/437
93 95 95 377/959
93 95 94 415/868
94 95 95 257/660
94 95 94 629/956
95 95 95 80/231
95 95 94 129/412
79 96 96 390/979
79 96 95 70/639
80 96 96 224/549
80 96 95 97/908
81 96 96 199/477
81 96 95 50/403
82 96 96 250/587
82 96 95 25/211
83 96 96 346/797
83 96 95 15/109
84 96 96 327/740
84 96 95 82/639
85 96 96 358/797
85 96 95 134/891
86 96 96 425/932
86 96 95 106/779
87 96 96 436/943
87 96 95 7/43
88 96 96 258/551
88 96 95 73/517
89 96 96 467/986
89 96 95 33/188
90 96 96 313/654
90 96 95 86/603
91 96 96 385/797
91 96 95 168/883
92 96 96 320/657
92 96 95 121/878
93 96 96 391/797
93 96 95 141/668
94 96 96 272/551
94 96 95 54/451
95 96 96 461/929
95 96 95 71/283
96 96 96 454/911
96 96 95 47/751
70 97 97 151/466
70 97 96 195/907
71 97 97 269/811
71 97 96 75/332
72 97 97 162/485
72 97 96 151/634
73 97 97 213/623
73 97 96 44/177
74 97 97 235/684
74 97 96 106/407
75 97 97 349/992
75 97 96 251/928
76 97 97 212/601
76 97 96 130/461
77 97 97 64/177
77 97 96 253/867
78 97 97 315/871
78 97 96 117/386
79 97 97 361/972
79 97 96 41/131
80 97 97 183/494
80 97 96 71/219
81 97 97 29/76
81 97 96 91/272
82 97 97 272/717
82 97 96 302/873
83 97 97 139/354
83 97 96 251/702
84 97 97 229/589
84 97 96 256/693
85 97 97 88/217
85 97 96 160/417
86 97 97 147/368
86 97 96 393/991
87 97 97 100/237
87 97 96 281/675
88 97 97 397/962
88 97 96 272/631
89 97 97 241/541
89 97 96 435/941
90 97 97 229/531
90 97 96 457/951
91 97 97 110/227
91 97 96 353/656
92 97 97 115/249
92 97 96 477/847
93 97 97 471/904
93 97 96 394/659
94 97 97 425/887
94 97 96 575/909
95 97 97 209/314
95 97 96 345/397
96 97 97 543/920
96 97 96 608/633
97 97 97 365/676
97 97 96 372/853
53 98 98 107/813
53 98 97 39/826
54 98 98 33/241
54 98 97 41/842
55 98 98 71/501
55 98 97 26/519
56 98 98 100/681
56 98 97 39/757
57 98 98 119/786
57 98 97 35/662
58 98 98 121/774
58 98 97 39/719
59 98 98 49/305
59 98 97 1/18
60 98 98 87/526
60 98 97 17/299
61 98 98 10/59
61 98 97 19/327
62 98 98 55/316
62 98 97 51/859
63 98 98 153/860
63 98 97 59/974
64 98 98 35/192
64 98 97 60/971
65 98 98 161/866
65 98 97 26/413
66 98 98 77/405
66 98 97 37/577
67 98 98 155/801
67 98 97 46/705
68 98 98 178/901
68 98 97 61/919
69 98 98 57/284
69 98 97 67/993
70 98 98 151/738
70 98 97 46/671
71 98 98 116/559
71 98 97 25/359
72 98 98 206/975
72 98 97 61/863
73 98 98 181/846
73 98 97 61/850
74 98 98 136/625
74 98 97 50/687
75 98 98 134/609
75 98 97 71/961
76 98 98 199/890
76 98 97 73/975
77 98 98 7/31
77 98 97 46/605
78 98 98 169/737
78 98 97 71/922
79 98 98 201/869
79 98 97 71/907
80 98 98 197/839
80 98 97 34/429
81 98 98 53/224
81 98 97 31/384
82 98 98 214/891
82 98 97 55/673
83 98 98 193/798
83 98 97 32/383
84 98 98 14/57
84 98 97 28/331
85 98 98 159/643
85 98 97 45/517
86 98 98 181/720
86 98 97 50/567
87 98 98 248/979
87 98 97 29/316
88 98 98 8/31
88 98 97 31/333
89 98 98 257/985
89 98 97 37/374
90 98 98 194/727
90 98 97 52/517
91 98 98 272/999
91 98 97 105/943
92 98 98 260/927
92 98 97 5/44
93 98 98 256/871
93 98 97 97/707
94 98 98 31/101
94 98 97 128/909
95 98 98 205/623
95 98 97 94/857
96 98 98 435/976
96 98 97 313/786
97 98 98 176/377
97 98 97 427/978
98 98 98 237/403
98 98 97 81/992
