# UNIF(n=120,lo,hi): D_ren + dipoles; lines "lo hi level amplitude" for the corrected intervals
101 101 101 21/496
101 101 100 -2/497
102 102 102 47/604
102 102 101 0
103 103 103 72/793
103 103 102 32/445
104 104 104 88/889
104 104 103 6/871
105 105 105 47/416
105 105 104 77/774
106 106 106 87/706
106 106 105 13/943
105 107 107 100/943
105 107 106 65/772
107 107 107 135/994
107 107 106 63/505
106 108 108 61/830
106 108 107 -17/826
108 108 108 151/990
108 108 107 21/1000
107 109 109 132/887
107 109 108 69/478
109 109 109 49/300
109 109 108 146/955
106 110 110 33/232
106 110 109 2/107
108 110 110 4/55
108 110 109 -26/737
110 110 110 4/21
110 110 109 23/795
107 111 111 97/528
107 111 110 193/971
109 111 111 153/760
109 111 110 171/790
110 111 111 190/909
110 111 110 327/931
111 111 111 87/434
111 111 110 173/916
106 112 112 164/851
106 112 111 39/956
108 112 112 128/601
108 112 111 35/734
109 112 112 176/793
109 112 111 62/575
110 112 112 55/239
110 112 111 23/476
111 112 112 100/421
111 112 111 88/665
112 112 112 34/427
112 112 111 -11/152
105 113 113 75/926
105 113 112 -10/797
107 113 113 36/143
107 113 112 103/337
108 113 113 127/492
108 113 112 379/981
109 113 113 245/928
109 113 112 149/470
110 113 113 226/839
110 113 112 343/809
111 113 113 1/13
111 113 112 -2/33
112 113 113 11/452
112 113 112 -9/634
113 113 113 67/771
113 113 112 -6/73
104 114 114 66/245
104 114 113 17/237
105 114 114 241/867
105 114 113 73/723
106 114 114 145/507
106 114 113 50/627
107 114 114 292/995
107 114 113 94/813
108 114 114 231/769
108 114 113 55/651
109 114 114 177/577
109 114 113 131/999
110 114 114 271/867
110 114 113 19/225
111 114 114 41/129
111 114 113 65/434
112 114 114 239/741
112 114 113 29/381
113 114 114 295/903
113 114 113 165/931
114 114 114 217/657
114 114 113 44/885
100 115 115 103/299
100 115 114 381/812
101 115 115 285/814
101 115 114 373/812
102 115 115 289/813
102 115 114 325/658
103 115 115 190/527
103 115 114 290/607
104 115 115 339/928
104 115 114 496/959
105 115 115 257/695
105 115 114 435/883
106 115 115 365/976
106 115 114 320/593
107 115 115 82/217
107 115 114 233/463
108 115 115 235/616
108 115 114 271/482
109 115 115 289/751
109 115 114 472/929
110 115 115 313/807
110 115 114 101/172
111 115 115 266/681
111 115 114 65/129
112 115 115 68/173
112 115 114 386/623
113 115 115 381/964
113 115 114 481/997
114 115 115 153/392
114 115 114 419/635
115 115 115 302/871
115 115 114 308/981
94 116 116 187/478
94 116 115 69/715
95 116 116 171/428
95 116 115 56/515
96 116 116 130/319
96 116 115 32/297
97 116 116 164/395
97 116 115 79/655
98 116 116 30/71
98 116 115 56/475
99 116 116 253/589
99 116 115 125/949
100 116 116 236/541
100 116 115 92/725
101 116 116 212/479
101 116 115 141/992
102 116 116 310/691
102 116 115 68/505
103 116 116 194/427
103 116 115 88/579
104 116 116 97/211
104 116 115 87/617
105 116 116 376/809
105 116 115 109/675
106 116 116 254/541
106 116 115 133/913
107 116 116 227/479
107 116 115 125/731
108 116 116 445/931
108 116 115 145/979
109 116 116 356/739
109 116 115 153/844
110 116 116 474/977
110 116 115 147/998
111 116 116 395/809
111 116 115 122/629
112 116 116 219/446
112 116 115 136/967
113 116 116 416/843
113 116 115 211/990
114 116 116 394/795
114 116 115 121/999
115 116 116 286/575
115 116 115 37/147
116 116 116 437/876
116 116 115 62/985
84 117 117 153/475
84 117 116 202/959
85 117 117 61/186
85 117 116 61/278
86 117 117 323/978
86 117 116 167/728
87 117 117 118/351
87 117 116 34/143
88 117 117 166/491
88 117 116 143/578
89 117 117 117/340
89 117 116 178/697
90 117 117 160/463
90 117 116 256/967
91 117 117 311/884
91 117 116 204/749
92 117 117 121/343
92 117 116 123/437
93 117 117 106/295
93 117 116 106/367
94 117 117 309/859
94 117 116 145/487
95 117 117 333/908
95 117 116 111/364
96 117 117 361/985
96 117 116 299/953
97 117 117 235/628
97 117 116 216/673
98 117 117 284/761
98 117 116 307/931
99 117 117 325/851
99 117 116 173/513
100 117 117 201/529
100 117 116 341/985
101 117 117 373/956
101 117 116 320/903
102 117 117 269/695
102 117 116 363/998
103 117 117 324/811
103 117 116 143/383
104 117 117 92/233
104 117 116 314/819
105 117 117 341/830
105 117 116 255/644
106 117 117 377/933
106 117 116 406/997
107 117 117 411/965
107 117 116 117/275
108 117 117 337/810
108 117 116 226/515
109 117 117 13/29
109 117 116 15/32
110 117 117 62/143
110 117 116 86/177
111 117 117 251/516
111 117 116 531/979
112 117 117 448/967
112 117 116 328/579
113 117 117 271/519
113 117 116 239/398
114 117 117 419/873
114 117 116 597/941
115 117 117 604/907
115 117 116 855/983
116 117 117 111/188
116 117 116 961/1000
117 117 117 371/687
117 117 116 161/369
64 118 118 126/943
64 118 117 45/947
65 118 118 19/138
65 118 117 37/760
66 118 118 23/162
66 118 117 41/822
67 118 118 69/473
67 118 117 43/843
68 118 118 149/993
68 118 117 41/786
69 118 118 153/995
69 118 117 9/169
70 118 118 89/564
70 118 117 51/938
71 118 118 56/347
71 118 117 23/415
72 118 118 79/478
72 118 117 53/938
73 118 118 111/658
73 118 117 44/765
74 118 118 159/922
74 118 117 13/222
75 118 118 149/848
75 118 117 49/823
76 118 118 125/697
76 118 117 31/512
77 118 118 27/148
77 118 117 61/992
78 118 118 119/640
78 118 117 62/993
79 118 118 112/593
79 118 117 59/931
80 118 118 134/697
80 118 117 31/482
81 118 118 180/923
81 118 117 65/997
82 118 118 185/933
82 118 117 47/711
83 118 118 91/453
83 118 117 31/463
84 118 118 192/941
84 118 117 31/457
85 118 118 83/402
85 118 117 55/801
86 118 118 22/105
86 118 117 57/820
87 118 118 169/798
87 118 117 41/583
88 118 118 169/787
88 118 117 18/253
89 118 118 67/309
89 118 117 59/820
90 118 118 194/883
90 118 117 59/811
91 118 118 41/185
91 118 117 42/571
92 118 118 79/352
92 118 117 42/565
93 118 118 178/787
93 118 117 59/785
94 118 118 125/546
94 118 117 41/540
95 118 118 139/603
95 118 117 45/586
96 118 118 195/836
96 118 117 66/851
97 118 118 88/375
97 118 117 73/930
98 118 118 184/775
98 118 117 60/757
99 118 118 211/884
99 118 117 29/361
100 118 118 135/559
100 118 117 64/789
101 118 118 223/919
101 118 117 52/631
102 118 118 237/965
102 118 117 67/805
103 118 118 205/831
103 118 117 68/801
104 118 118 1/4
104 118 117 73/851
105 118 118 241/960
105 118 117 88/999
106 118 118 232/911
106 118 117 49/550
107 118 118 198/773
107 118 117 46/497
108 118 118 205/787
108 118 117 3/32
109 118 118 178/677
109 118 117 39/392
110 118 118 29/108
110 118 117 97/960
111 118 118 84/307
111 118 117 102/913
112 118 118 154/547
112 118 117 9/79
113 118 118 201/682
113 118 117 112/815
114 118 118 135/439
114 118 117 75/532
115 118 118 169/513
115 118 117 75/683
116 118 118 226/507
116 118 117 249/626
117 118 118 461/988
117 118 117 38/87
118 118 118 324/551
118 118 117 46/563
