# UNIF(n=41,lo,hi): D_ren + dipoles; lines "lo hi level amplitude" for the corrected intervals
32 32 32 1/6
32 32 31 47/362
33 33 33 17/149
33 33 32 -17/334
34 34 34 36/365
34 34 33 -20/347
33 35 35 129/539
33 35 34 10/671
35 35 35 27/88
35 35 34 16/493
34 36 36 214/597
34 36 35 411/995
35 36 36 99/266
35 36 35 561/896
36 36 36 101/761
36 36 35 -92/813
33 37 37 370/877
33 37 36 73/846
34 37 37 394/889
34 37 36 171/985
35 37 37 301/652
35 37 36 17/180
36 37 37 21/44
36 37 36 209/886
37 37 37 419/855
37 37 36 33/589
30 38 38 359/910
30 38 37 9/25
31 38 38 273/701
31 38 37 259/653
32 38 38 251/559
32 38 37 90/193
33 38 38 410/941
33 38 37 143/280
34 38 38 500/999
34 38 37 104/187
35 38 38 111/239
35 38 37 542/899
36 38 38 550/833
36 38 37 445/518
37 38 38 58/99
37 38 37 911/957
38 38 38 367/682
38 38 37 343/793
22 39 39 75/529
22 39 38 44/809
23 39 39 143/922
23 39 38 51/878
24 39 39 41/247
24 39 38 1/16
25 39 39 48/269
25 39 38 6/91
26 39 39 167/887
26 39 38 13/184
27 39 39 1/5
27 39 38 17/230
28 39 39 83/397
28 39 38 55/692
29 39 39 203/921
29 39 38 49/593
30 39 39 36/157
30 39 38 54/599
31 39 39 137/569
31 39 38 7/75
32 39 39 157/625
32 39 38 73/692
33 39 39 19/72
33 39 38 52/477
34 39 39 281/999
34 39 38 127/950
35 39 39 39/131
35 39 38 133/962
36 39 39 21/65
36 39 38 7/65
37 39 39 177/398
37 39 38 197/486
38 39 39 463/984
38 39 38 426/983
39 39 39 571/969
39 39 38 65/808
