# UNIF(n=40,lo,hi): D_ren + dipoles; lines "lo hi level amplitude" for the corrected intervals
31 31 31 109/660
31 31 30 93/776
32 32 32 57/500
32 32 31 -43/904
33 33 33 82/813
33 33 32 -16/277
32 34 34 193/823
32 34 33 9/488
34 34 34 179/586
34 34 33 19/568
33 35 35 31/87
33 35 34 396/989
34 35 35 350/937
34 35 34 431/691
35 35 35 293/863
35 35 34 165/553
32 36 36 257/615
32 36 35 43/476
33 36 36 188/427
33 36 35 134/759
34 36 36 325/707
34 36 35 27/280
35 36 36 289/607
35 36 35 55/232
36 36 36 445/909
36 36 35 51/902
29 37 37 367/922
29 37 36 284/817
30 37 37 277/706
30 37 36 337/872
31 37 37 360/797
31 37 36 408/889
32 37 37 7/16
32 37 36 289/573
33 37 37 283/564
33 37 36 337/611
34 37 37 411/883
34 37 36 319/532
35 37 37 621/941
35 37 36 806/943
36 37 37 321/547
36 37 36 893/938
37 37 37 538/999
37 37 36 247/571
22 38 38 143/991
22 38 37 46/835
23 38 38 43/275
23 38 37 18/301
24 38 38 157/924
24 38 37 41/645
25 38 38 175/968
25 38 37 12/175
26 38 38 137/708
26 38 37 61/846
27 38 38 165/811
27 38 37 6/77
28 38 38 149/691
28 38 37 10/123
29 38 38 98/435
29 38 37 82/921
30 38 38 161/678
30 38 37 39/422
31 38 38 211/849
31 38 37 75/716
32 38 38 239/913
32 38 37 9/83
33 38 38 271/969
33 38 37 97/728
34 38 38 180/607
34 38 37 4/29
35 38 38 39/121
35 38 37 13/121
36 38 38 313/704
36 38 37 13/32
37 38 38 379/805
37 38 37 154/355
38 38 38 581/986
38 38 37 62/769
