# UNIF(n=168,lo,hi): D_ren + dipoles; lines "lo hi level amplitude" for the corrected intervals
144 144 144 27/514
144 144 143 -3/955
145 145 145 16/475
145 145 144 -1/207
146 146 146 38/583
146 146 145 1/767
147 147 147 4/117
147 147 146 -7/684
148 148 148 71/900
148 148 147 2/349
149 149 149 15/424
149 149 148 -1/63
150 150 150 71/754
150 150 149 9/881
151 151 151 66/635
151 151 150 79/828
150 152 152 67/810
150 152 151 1/482
152 152 152 96/859
152 152 151 4/269
151 153 153 90/899
151 153 152 61/702
153 153 153 25/208
153 153 152 61/542
152 154 154 83/750
152 154 153 1/78
154 154 154 19/143
154 154 153 8/403
151 155 155 106/961
151 155 154 67/662
153 155 155 43/332
153 155 154 83/654
155 155 155 79/563
155 155 154 114/857
152 156 156 55/442
152 156 155 4/217
154 156 156 15/259
154 156 155 -18/581
156 156 156 133/834
156 156 155 23/905
153 157 157 71/469
153 157 156 129/802
155 157 157 117/709
155 157 156 111/637
157 157 157 122/733
157 157 156 33/208
152 158 158 59/380
152 158 157 14/435
154 158 158 159/932
154 158 157 25/676
156 158 158 21/340
156 158 157 -12/281
157 158 158 2/113
157 158 157 -3/536
158 158 158 193/989
158 158 157 27/845
151 159 159 113/627
151 159 158 135/647
153 159 159 54/281
153 159 158 11/49
154 159 159 49/248
154 159 158 273/916
155 159 159 170/839
155 159 158 217/926
156 159 159 91/439
156 159 158 43/131
157 159 159 95/449
157 159 158 29/123
158 159 159 114/529
158 159 158 326/897
159 159 159 117/578
159 159 158 187/971
150 160 160 43/220
150 160 159 45/907
152 160 160 201/962
152 160 159 33/593
153 160 160 191/888
153 160 159 27/301
154 160 160 89/403
154 160 159 29/489
155 160 160 221/977
155 160 159 71/694
156 160 160 46/199
156 160 159 47/788
157 160 160 227/963
157 160 159 110/941
158 160 160 83/346
158 160 159 41/749
159 160 160 48/197
159 160 159 3/22
160 160 160 10/129
160 160 159 -11/149
149 161 161 36/481
149 161 160 -14/937
150 161 161 52/843
150 161 160 -3/349
151 161 161 71/993
151 161 160 -21/845
152 161 161 35/627
152 161 160 -2/131
153 161 161 46/665
153 161 160 -8/233
154 161 161 12/241
154 161 160 -19/936
155 161 161 244/909
155 161 160 97/287
156 161 161 47/173
156 161 160 373/904
157 161 161 245/892
157 161 160 155/459
158 161 161 200/721
158 161 160 229/521
159 161 161 73/985
159 161 160 -61/927
160 161 161 18/797
160 161 160 -5/287
161 161 161 86/999
161 161 160 -39/466
146 162 162 18/67
146 162 161 68/893
147 162 162 25/91
147 162 161 16/173
148 162 162 269/959
148 162 161 73/879
149 162 162 147/514
149 162 161 69/679
150 162 162 288/989
150 162 161 15/169
151 162 162 69/233
151 162 161 101/914
152 162 162 191/635
152 162 161 91/978
153 162 162 148/485
153 162 161 99/829
154 162 162 261/844
154 162 161 32/335
155 162 162 36/115
155 162 161 33/256
156 162 162 107/338
156 162 161 40/419
157 162 162 134/419
157 162 161 7/50
158 162 162 112/347
158 162 161 91/996
159 162 162 55/169
159 162 161 11/71
160 162 162 179/546
160 162 161 79/991
161 162 162 65/197
161 162 161 96/535
162 162 162 214/645
162 162 161 45/887
140 163 163 203/591
140 163 162 317/685
141 163 163 155/446
141 163 162 81/176
142 163 163 233/663
142 163 162 307/640
143 163 163 298/839
143 163 162 179/377
144 163 163 202/563
144 163 162 453/914
145 163 163 309/853
145 163 162 283/580
146 163 163 276/755
146 163 162 431/844
147 163 163 191/518
147 163 162 499/999
148 163 163 371/998
148 163 162 179/341
149 163 163 121/323
149 163 162 487/956
150 163 163 303/803
150 163 162 279/518
151 163 163 87/229
151 163 162 417/806
152 163 163 13/34
152 163 162 313/567
153 163 163 5/13
153 163 162 501/958
154 163 163 292/755
154 163 162 512/905
155 163 163 145/373
155 163 162 506/963
156 163 163 141/361
156 163 162 557/959
157 163 163 264/673
157 163 162 247/472
158 163 163 293/744
158 163 162 594/991
159 163 163 347/878
159 163 162 135/263
160 163 163 247/623
160 163 162 354/565
161 163 163 262/659
161 163 162 439/901
162 163 163 389/994
162 163 162 374/565
163 163 163 142/409
163 163 162 188/597
132 164 164 46/117
132 164 163 98/991
133 164 164 338/847
133 164 163 5/47
134 164 164 389/961
134 164 163 3/28
135 164 164 119/290
135 164 163 73/636
136 164 164 412/991
136 164 163 99/862
137 164 164 269/639
137 164 163 115/937
138 164 164 72/169
138 164 163 67/549
139 164 164 365/847
139 164 163 127/975
140 164 164 430/987
140 164 163 109/847
141 164 164 383/870
141 164 163 118/859
142 164 164 265/596
142 164 163 112/831
143 164 164 79/176
143 164 163 67/465
144 164 164 255/563
144 164 163 101/720
145 164 164 127/278
145 164 163 150/997
146 164 164 146/317
146 164 163 145/999
147 164 164 453/976
147 164 163 95/607
148 164 164 461/986
148 164 163 56/375
149 164 164 145/308
149 164 163 25/154
150 164 164 299/631
150 164 163 42/275
151 164 164 441/925
151 164 163 101/601
152 164 164 152/317
152 164 163 9/58
153 164 164 457/948
153 164 163 173/995
154 164 164 437/902
154 164 163 127/812
155 164 164 458/941
155 164 163 20/111
156 164 164 458/937
156 164 163 65/417
157 164 164 475/968
157 164 163 168/895
158 164 164 163/331
158 164 163 88/577
159 164 164 124/251
159 164 163 83/419
160 164 164 217/438
160 164 163 22/153
161 164 164 374/753
161 164 163 81/376
162 164 164 111/223
162 164 163 79/644
163 164 164 375/752
163 164 163 241/954
164 164 164 430/861
164 164 163 61/963
118 165 165 96/299
118 165 164 107/513
119 165 165 291/896
119 165 164 44/205
120 165 165 265/811
120 165 164 196/885
121 165 165 305/923
121 165 164 5/22
122 165 165 304/915
122 165 164 40/171
123 165 165 217/646
123 165 164 165/689
124 165 165 161/477
124 165 164 121/492
125 165 165 289/847
125 165 164 151/601
126 165 165 123/359
126 165 164 171/664
127 165 165 80/231
127 165 164 151/575
128 165 165 302/869
128 165 164 226/841
129 165 165 124/353
129 165 164 235/859
130 165 165 180/511
130 165 164 123/440
131 165 165 287/806
131 165 164 79/278
132 165 165 76/213
132 165 164 212/731
133 165 165 307/851
133 165 164 53/180
134 165 165 298/825
134 165 164 175/583
135 165 165 118/323
135 165 164 179/588
136 165 165 72/197
136 165 164 271/874
137 165 165 125/338
137 165 164 82/261
138 165 165 319/863
138 165 164 173/541
139 165 165 198/529
139 165 164 147/454
140 165 165 219/586
140 165 164 167/507
141 165 165 25/66
141 165 164 1/3
142 165 165 17/45
142 165 164 258/761
143 165 165 74/193
143 165 164 82/239
144 165 165 341/893
144 165 164 157/450
145 165 165 332/855
145 165 164 314/889
146 165 165 283/733
146 165 164 171/476
147 165 165 161/409
147 165 164 75/206
148 165 165 241/617
148 165 164 196/529
149 165 165 327/818
149 165 164 108/287
150 165 165 309/781
150 165 164 281/733
151 165 165 307/754
151 165 164 120/307
152 165 165 347/864
152 165 164 71/178
153 165 165 308/739
153 165 164 249/608
154 165 165 133/325
154 165 164 401/957
155 165 165 139/323
155 165 164 257/590
156 165 165 89/212
156 165 164 349/780
157 165 165 79/175
157 165 164 287/603
158 165 165 403/924
158 165 164 269/547
159 165 165 446/913
159 165 164 389/711
160 165 165 351/755
160 165 164 65/114
161 165 165 458/875
161 165 164 318/527
162 165 165 201/418
162 165 164 415/652
163 165 165 593/890
163 165 164 249/286
164 165 165 443/750
164 165 164 25/26
165 165 165 424/785
165 165 164 399/914
89 166 166 126/955
89 166 165 27/577
90 166 166 37/274
90 166 165 47/986
91 166 166 4/29
91 166 165 27/557
92 166 166 138/979
92 166 165 18/365
93 166 166 67/466
93 166 165 22/439
94 166 166 92/627
94 166 165 30/589
95 166 166 113/756
95 166 165 50/967
96 166 166 94/617
96 166 165 23/438
97 166 166 113/729
97 166 165 22/413
98 166 166 110/697
98 166 165 2/37
99 166 166 81/505
99 166 165 51/931
100 166 166 77/472
100 166 165 1/18
101 166 166 80/483
101 166 165 31/551
102 166 166 103/612
102 166 165 35/614
103 166 166 169/990
103 166 165 3/52
104 166 166 139/802
104 166 165 17/291
105 166 166 163/928
105 166 165 51/863
106 166 166 49/275
106 166 165 47/786
107 166 166 59/327
107 166 165 24/397
108 166 166 139/760
108 166 165 14/229
109 166 166 166/897
109 166 165 53/858
110 166 166 185/987
110 166 165 62/993
111 166 166 29/153
111 166 165 57/904
112 166 166 137/714
112 166 165 63/989
113 166 166 19/98
113 166 165 47/731
114 166 166 173/882
114 166 165 62/955
115 166 166 102/515
115 166 165 15/229
116 166 166 150/749
116 166 165 8/121
117 166 166 193/955
117 166 165 1/15
118 166 166 183/896
118 166 165 52/773
119 166 166 179/869
119 166 165 67/988
120 166 166 165/793
120 166 165 45/658
121 166 166 69/329
121 166 165 47/682
122 166 166 209/987
122 166 165 28/403
123 166 166 205/961
123 166 165 52/743
124 166 166 76/353
124 166 165 62/879
125 166 166 199/918
125 166 165 51/718
126 166 166 145/663
126 166 165 37/517
127 166 166 195/886
127 166 165 25/347
128 166 166 97/437
128 166 165 50/689
129 166 166 119/533
129 166 165 55/753
130 166 166 113/502
130 166 165 47/639
131 166 166 191/844
131 166 165 49/662
132 166 166 112/491
132 166 165 31/416
133 166 166 102/445
133 166 165 74/987
134 166 166 82/355
134 166 165 4/53
135 166 166 29/125
135 166 165 71/935
136 166 166 205/877
136 166 165 71/929
137 166 166 88/375
137 166 165 1/13
138 166 166 187/791
138 166 165 51/659
139 166 166 209/881
139 166 165 68/873
140 166 166 141/590
140 166 165 29/370
141 166 166 227/947
141 166 165 73/925
142 166 166 163/675
142 166 165 27/340
143 166 166 23/95
143 166 165 2/25
144 166 166 171/701
144 166 165 74/919
145 166 166 155/634
145 166 165 77/948
146 166 166 188/763
146 166 165 69/844
147 166 166 59/239
147 166 165 66/799
148 166 166 115/462
148 166 165 44/529
149 166 166 189/758
149 166 165 15/178
150 166 166 235/934
150 166 165 77/907
151 166 166 185/734
151 166 165 26/301
152 166 166 55/216
152 166 165 79/907
153 166 166 233/913
153 166 165 73/818
154 166 166 187/724
154 166 165 81/899
155 166 166 7/27
155 166 165 71/760
156 166 166 5/19
156 166 165 67/709
157 166 166 35/132
157 166 165 92/919
158 166 166 176/651
158 166 165 85/837
159 166 166 263/956
159 166 165 61/544
160 166 166 188/665
160 166 165 77/674
161 166 166 209/707
161 166 165 91/661
162 166 166 249/808
162 166 165 83/588
163 166 166 158/479
163 166 165 95/864
164 166 166 358/803
164 166 165 29/73
165 166 166 409/877
165 166 165 52/119
166 166 166 478/813
166 166 165 35/428
