# UNIF(n=47,lo,hi): D_ren + dipoles; lines "lo hi level amplitude" for the corrected intervals
37 37 37 103/752
37 37 36 -3/373
38 38 38 160/909
38 38 37 121/829
39 39 39 79/755
39 39 38 -11/194
40 40 40 78/817
40 40 39 -58/901
39 41 41 256/977
39 41 40 13/409
41 41 41 244/779
41 41 40 31/833
38 42 42 49/145
38 42 41 40/99
40 42 42 290/787
40 42 41 174/403
41 42 42 235/623
41 42 41 622/979
42 42 42 123/937
42 42 41 -17/146
37 43 43 367/913
37 43 42 55/669
38 43 43 305/722
38 43 42 52/365
39 43 43 305/692
39 43 42 70/691
40 43 43 281/615
40 43 42 31/168
41 43 43 170/361
41 43 42 73/717
42 43 43 14/29
42 43 42 37/154
43 43 43 457/928
43 43 42 50/863
34 44 44 371/1000
34 44 43 133/424
35 44 44 75/203
35 44 43 312/907
36 44 44 289/706
36 44 43 386/991
37 44 44 198/493
37 44 43 319/758
38 44 44 272/591
38 44 43 155/317
39 44 44 395/891
39 44 43 295/561
40 44 44 438/865
40 44 43 554/975
41 44 44 457/975
41 44 43 587/960
42 44 44 636/961
42 44 43 699/811
43 44 44 502/855
43 44 43 691/724
44 44 44 425/789
44 44 43 421/971
25 45 45 107/771
25 45 44 46/887
26 45 45 146/981
26 45 44 50/903
27 45 45 4/25
27 45 44 10/171
28 45 45 103/609
28 45 44 53/855
29 45 45 30/167
29 45 44 59/909
30 45 45 158/841
30 45 44 46/671
31 45 45 163/824
31 45 44 45/631
32 45 45 31/151
32 45 44 15/199
33 45 45 194/903
33 45 44 38/487
34 45 45 63/284
34 45 44 45/542
35 45 45 105/454
35 45 44 37/432
36 45 45 211/885
36 45 44 19/205
37 45 45 182/733
37 45 44 73/765
38 45 45 53/206
38 45 44 100/933
39 45 45 259/964
39 45 44 16/145
40 45 45 257/902
40 45 44 92/683
41 45 45 243/809
41 45 44 113/813
42 45 45 241/742
42 45 44 93/859
43 45 45 441/991
43 45 44 98/243
44 45 45 392/835
44 45 44 281/647
45 45 45 500/849
45 45 44 69/854
