# UNIF(n=183,lo,hi): D_ren + dipoles; lines "lo hi level amplitude" for the corrected intervals
157 157 157 27/583
157 157 156 -4/887
158 158 158 27/856
158 158 157 -2/735
159 159 159 54/941
159 159 158 0
160 160 160 19/597
160 160 159 -1/133
161 161 161 9/130
161 161 160 1/282
162 162 162 30/919
162 162 161 -5/401
163 163 163 43/523
163 163 162 1/132
164 164 164 25/276
164 164 163 59/725
165 165 165 52/537
165 165 164 7/598
164 166 166 67/827
164 166 165 62/973
166 166 166 35/333
166 166 165 79/808
165 167 167 85/951
165 167 166 1/172
167 167 167 37/325
167 167 166 14/873
166 168 168 65/617
166 168 167 67/691
168 168 168 85/702
168 168 167 43/376
167 169 169 25/216
167 169 168 14/893
169 169 169 89/662
169 169 168 14/675
166 170 170 114/973
166 170 169 107/934
168 170 170 2/15
168 170 169 95/707
170 170 170 32/227
170 170 169 131/975
167 171 171 113/862
167 171 170 1/45
169 171 171 55/991
169 171 170 -24/731
171 171 171 53/330
171 171 170 8/307
166 172 172 102/713
166 172 171 149/965
168 172 172 72/461
168 172 171 147/863
170 172 172 28/167
170 172 171 7/39
171 172 172 47/272
171 172 171 262/901
172 172 172 130/779
172 172 171 139/871
165 173 173 92/623
165 173 172 4/133
167 173 173 87/536
167 173 172 22/607
169 173 173 167/953
169 173 172 9/227
170 173 173 107/591
170 173 172 91/993
171 173 173 45/749
171 173 172 -7/159
172 173 173 15/902
172 173 172 -5/777
173 173 173 182/929
173 173 172 31/957
166 174 174 71/380
166 174 173 159/716
168 174 174 140/711
168 174 173 136/581
169 174 174 55/273
169 174 173 171/559
170 174 174 36/175
170 174 173 32/133
171 174 174 100/477
171 174 173 333/1000
172 174 174 193/905
172 174 173 149/623
173 174 174 34/157
173 174 173 359/982
174 174 174 15/74
174 174 173 17/88
163 175 175 177/925
163 175 174 23/478
165 175 175 131/642
165 175 174 10/183
166 175 175 123/586
166 175 174 81/986
167 175 175 123/571
167 175 174 40/673
168 175 175 15/68
168 175 174 21/226
169 175 175 218/967
169 175 174 61/984
170 175 175 43/187
170 175 174 79/756
171 175 175 59/252
171 175 174 24/391
172 175 175 89/374
172 175 174 87/736
173 175 175 85/352
173 175 174 53/952
174 175 175 183/748
174 175 174 43/314
175 175 175 22/285
175 175 174 -2/27
162 176 176 67/900
162 176 175 -2/173
163 176 176 4/63
163 176 175 -2/287
164 176 176 71/998
164 176 175 -11/532
165 176 176 41/702
165 176 175 -13/950
166 176 176 26/379
166 176 175 -28/955
167 176 176 41/769
167 176 175 -19/992
168 176 176 38/567
168 176 175 -11/292
169 176 176 13/271
169 176 175 -21/908
170 176 176 125/461
170 176 175 309/899
171 176 176 43/157
171 176 175 58/139
172 176 176 123/445
172 176 175 156/457
173 176 176 267/958
173 176 175 23/52
174 176 176 61/829
174 176 175 -63/946
175 176 176 12/539
175 176 175 -16/893
176 176 176 11/128
176 176 175 -83/989
159 177 177 239/892
159 177 176 45/596
160 177 177 189/691
160 177 176 19/212
161 177 177 244/875
161 177 176 82/997
162 177 177 278/979
162 177 176 74/755
163 177 177 106/367
163 177 176 64/727
164 177 177 287/978
164 177 176 68/641
165 177 177 249/836
165 177 176 51/550
166 177 177 151/500
166 177 176 83/728
167 177 177 305/997
167 177 176 42/437
168 177 177 100/323
168 177 176 47/385
169 177 177 293/936
169 177 176 31/317
170 177 177 37/117
170 177 176 59/451
171 177 177 113/354
171 177 176 23/237
172 177 177 292/907
172 177 176 127/899
173 177 177 243/749
173 177 176 52/563
174 177 177 213/652
174 177 176 111/713
175 177 177 71/216
175 177 176 69/860
176 177 177 116/351
176 177 176 119/662
177 177 177 254/765
177 177 176 26/511
152 178 178 211/618
152 178 177 319/706
153 178 178 126/365
153 178 177 359/767
154 178 178 337/966
154 178 177 397/852
155 178 178 265/752
155 178 177 85/176
156 178 178 95/267
156 178 177 353/737
157 178 178 79/220
157 178 177 335/674
158 178 178 309/853
158 178 177 347/707
159 178 178 362/991
159 178 177 74/145
160 178 178 88/239
160 178 177 355/708
161 178 178 266/717
161 178 177 353/675
162 178 178 139/372
162 178 177 406/795
163 178 178 275/731
163 178 177 275/514
164 178 178 301/795
164 178 177 505/974
165 178 178 379/995
165 178 177 199/364
166 178 178 249/650
166 178 177 203/387
167 178 178 233/605
167 178 177 67/120
168 178 178 245/633
168 178 177 65/123
169 178 178 383/985
169 178 177 514/901
170 178 178 280/717
170 178 177 521/984
171 178 178 336/857
171 178 177 347/594
172 178 178 133/338
172 178 177 111/211
173 178 178 182/461
173 178 177 601/999
174 178 178 59/149
174 178 177 463/899
175 178 178 347/874
175 178 177 447/712
176 178 178 39/98
176 178 177 472/967
177 178 178 321/820
177 178 177 151/228
178 178 178 42/331
178 178 177 -17/135
144 179 179 289/733
144 179 178 83/826
145 179 179 231/578
145 179 178 29/285
146 179 179 215/531
146 179 178 80/737
147 179 179 41/100
147 179 178 74/677
148 179 179 61/147
148 179 178 101/869
149 179 179 403/960
149 179 178 83/713
150 179 179 385/907
150 179 178 73/591
151 179 179 136/317
151 179 178 119/967
152 179 179 153/353
152 179 178 3/23
153 179 179 425/971
153 179 178 19/147
154 179 179 243/550
154 179 178 10/73
155 179 179 255/572
155 179 178 83/615
156 179 179 259/576
156 179 178 61/426
157 179 179 243/536
157 179 178 112/799
158 179 179 419/917
158 179 178 24/161
159 179 179 447/971
159 179 178 103/711
160 179 179 51/110
160 179 178 88/569
161 179 179 267/572
161 179 178 111/745
162 179 179 381/811
162 179 178 4/25
163 179 179 121/256
163 179 178 113/741
164 179 179 309/650
164 179 178 130/787
165 179 179 217/454
165 179 178 25/161
166 179 179 319/664
166 179 178 101/593
167 179 179 475/984
167 179 178 69/439
168 179 179 305/629
168 179 178 134/763
169 179 179 391/803
169 179 178 3/19
170 179 179 284/581
170 179 178 96/529
171 179 179 26/53
171 179 178 89/567
172 179 179 377/766
172 179 178 169/896
173 179 179 349/707
173 179 178 99/646
174 179 179 344/695
174 179 178 179/901
175 179 179 129/260
175 179 178 134/929
176 179 179 444/893
176 179 178 200/927
177 179 179 132/265
177 179 178 80/651
178 179 179 223/447
178 179 178 23/91
179 179 179 499/999
179 179 178 22/347
129 180 180 277/865
129 180 179 206/971
130 180 180 255/788
130 180 179 203/933
131 180 180 236/725
131 180 179 217/970
132 180 180 319/970
132 180 179 125/546
133 180 180 163/493
133 180 179 179/762
134 180 180 178/533
134 180 179 125/521
135 180 180 301/897
135 180 179 72/293
136 180 180 285/841
136 180 179 233/930
137 180 180 227/667
137 180 179 31/121
138 180 180 111/323
138 180 179 157/602
139 180 180 248/719
139 180 179 102/383
140 180 180 171/491
140 180 179 232/857
141 180 180 109/312
141 180 179 201/728
142 180 180 315/893
142 180 179 37/132
143 180 180 180/509
143 180 179 273/956
144 180 180 356/997
144 180 179 289/998
145 180 180 288/805
145 180 179 28/95
146 180 180 155/429
146 180 179 272/911
147 180 180 140/387
147 180 179 75/247
148 180 180 148/405
148 180 179 256/833
149 180 180 117/320
149 180 179 223/714
150 180 180 92/249
150 180 179 211/668
151 180 180 181/490
151 180 179 77/240
152 180 180 369/988
152 180 179 167/515
153 180 180 266/713
153 180 179 107/325
154 180 180 208/551
154 180 179 155/466
155 180 180 359/953
155 180 179 289/856
156 180 180 356/933
156 180 179 207/607
157 180 180 329/865
157 180 179 343/991
158 180 180 326/845
158 180 179 50/143
159 180 180 366/953
159 180 179 137/386
160 180 180 137/351
160 180 179 80/223
161 180 180 379/977
161 180 179 247/678
162 180 180 287/726
162 180 179 73/198
163 180 180 189/482
163 180 179 151/403
164 180 180 286/713
164 180 179 103/271
165 180 180 279/703
165 180 179 239/618
166 180 180 376/921
166 180 179 219/556
167 180 180 374/929
167 180 179 261/650
168 180 180 109/261
168 180 179 229/556
169 180 180 362/883
169 180 179 8/19
170 180 180 359/833
170 180 179 164/375
171 180 180 219/521
171 180 179 413/920
172 180 180 446/987
172 180 179 251/526
173 180 180 416/953
173 180 179 205/416
174 180 180 349/714
174 180 179 423/772
175 180 180 447/961
175 180 179 528/925
176 180 180 255/487
176 180 179 247/409
177 180 180 291/605
177 180 179 235/369
178 180 180 665/998
178 180 179 856/983
179 180 180 495/838
179 180 179 376/391
180 180 180 471/872
180 180 179 148/339
96 181 181 109/834
96 181 180 29/625
97 181 181 45/337
97 181 180 26/551
98 181 181 111/815
98 181 180 43/897
99 181 181 46/331
99 181 180 17/349
100 181 181 63/445
100 181 180 40/809
101 181 181 101/700
101 181 180 38/757
102 181 181 127/865
102 181 180 39/766
103 181 181 71/475
103 181 180 36/697
104 181 181 43/283
104 181 180 49/936
105 181 181 138/893
105 181 180 51/961
106 181 181 121/771
106 181 180 53/986
107 181 181 133/834
107 181 180 11/202
108 181 181 111/686
108 181 180 7/127
109 181 181 23/140
109 181 180 49/878
110 181 181 166/997
110 181 180 7/124
111 181 181 49/290
111 181 180 57/998
112 181 181 165/964
112 181 180 35/606
113 181 181 135/778
113 181 180 25/428
114 181 181 114/649
114 181 180 52/881
115 181 181 134/753
115 181 180 46/771
116 181 181 173/961
116 181 180 42/697
117 181 181 150/823
117 181 180 47/772
118 181 181 110/597
118 181 180 59/960
119 181 181 11/59
119 181 180 9/145
120 181 181 149/791
120 181 180 61/974
121 181 181 4/21
121 181 180 11/174
122 181 181 156/811
122 181 180 63/988
123 181 181 7/36
123 181 180 24/373
124 181 181 83/423
124 181 180 53/817
125 181 181 158/797
125 181 180 53/810
126 181 181 1/5
126 181 180 61/925
127 181 181 21/104
127 181 180 51/767
128 181 181 57/280
128 181 180 55/821
129 181 181 202/983
129 181 180 58/859
130 181 181 129/623
130 181 180 61/897
131 181 181 131/627
131 181 180 32/467
132 181 181 113/537
132 181 180 69/1000
133 181 181 149/702
133 181 180 59/849
134 181 181 25/117
134 181 180 27/386
135 181 181 198/919
135 181 180 51/724
136 181 181 80/369
136 181 180 37/522
137 181 181 191/874
137 181 180 71/995
138 181 181 162/737
138 181 180 71/989
139 181 181 171/772
139 181 180 56/775
140 181 181 155/696
140 181 180 25/344
141 181 181 199/887
141 181 180 49/670
142 181 181 154/683
142 181 180 72/979
143 181 181 57/251
143 181 180 68/919
144 181 181 60/263
144 181 180 43/578
145 181 181 17/74
145 181 180 69/922
146 181 181 224/971
146 181 180 24/319
147 181 181 36/155
147 181 180 65/859
148 181 181 159/682
148 181 180 55/723
149 181 181 226/963
149 181 180 14/183
150 181 181 215/913
150 181 180 1/13
151 181 181 233/983
151 181 180 43/556
152 181 181 97/408
152 181 180 50/643
153 181 181 95/397
153 181 180 19/243
154 181 181 125/521
154 181 180 74/941
155 181 181 149/617
155 181 180 65/822
156 181 181 38/157
156 181 180 44/553
157 181 181 115/472
157 181 180 2/25
158 181 181 114/467
158 181 180 17/211
159 181 181 233/948
159 181 180 47/580
160 181 181 209/849
160 181 180 29/355
161 181 181 211/851
161 181 180 77/937
162 181 181 36/145
162 181 180 41/494
163 181 181 250/999
163 181 180 35/419
164 181 181 126/503
164 181 180 73/863
165 181 181 239/946
165 181 180 23/270
166 181 181 213/842
166 181 180 59/681
167 181 181 211/826
167 181 180 82/939
168 181 181 54/211
168 181 180 72/805
169 181 181 167/645
169 181 180 90/997
170 181 181 53/204
170 181 180 83/887
171 181 181 63/239
171 181 180 81/856
172 181 181 252/949
172 181 180 93/928
173 181 181 239/883
173 181 180 99/974
174 181 181 19/69
174 181 180 57/508
175 181 181 245/866
175 181 180 4/35
176 181 181 21/71
176 181 180 65/472
177 181 181 242/785
177 181 180 133/942
178 181 181 323/979
178 181 180 97/882
179 181 181 284/637
179 181 180 253/637
180 181 181 90/193
180 181 180 163/373
181 181 181 575/978
181 181 180 22/269
