# UNIF(n=154,lo,hi): D_ren + dipoles; lines "lo hi level amplitude" for the corrected intervals
131 131 131 1/28
131 131 130 -1/730
132 132 132 49/813
132 132 131 -1/580
133 133 133 8/223
133 133 132 -7/951
134 134 134 67/895
134 134 133 1/309
135 135 135 19/517
135 135 134 -12/887
136 136 136 1/11
136 136 135 8/975
137 137 137 96/947
137 137 136 90/991
138 138 138 97/888
138 138 137 4/301
137 139 139 92/981
137 139 138 57/755
139 139 139 37/311
139 139 138 110/997
138 140 140 30/287
138 140 139 7/783
140 140 140 129/985
140 140 139 8/429
139 141 141 124/993
139 141 140 25/211
141 141 141 122/875
141 141 140 18/137
138 142 142 27/232
138 142 141 5/376
140 142 142 61/1000
140 142 141 -23/795
142 142 142 123/778
142 142 141 4/163
139 143 143 84/577
139 143 142 47/313
141 143 143 139/859
141 143 142 133/790
143 143 143 131/790
143 143 142 152/965
138 144 144 92/627
138 144 143 2/75
140 144 144 148/897
140 144 143 33/989
142 144 144 39/610
142 144 143 -4/97
143 144 144 12/629
143 144 143 -4/857
144 144 144 47/242
144 144 143 19/606
139 145 145 11/59
139 145 144 81/379
141 145 145 107/538
141 145 144 213/937
142 145 145 175/856
142 145 144 196/607
143 145 145 136/649
143 145 144 45/194
144 145 145 214/999
144 145 144 239/662
145 145 145 159/787
145 145 144 113/589
138 146 146 145/721
138 146 145 21/416
139 146 146 89/427
139 146 145 18/211
140 146 146 31/144
140 146 145 39/701
141 146 146 131/591
141 146 145 43/433
142 146 146 71/312
142 146 145 50/873
143 146 146 161/691
143 146 145 61/530
144 146 146 163/685
144 146 145 37/692
145 146 146 241/994
145 146 145 69/509
146 146 146 77/988
146 146 145 -5/68
135 147 147 22/279
135 147 146 -1/133
137 147 147 52/697
137 147 146 -7/367
138 147 147 12/205
138 147 146 -5/488
139 147 147 69/965
139 147 146 -16/533
140 147 147 41/792
140 147 146 -15/901
141 147 147 241/909
141 147 146 191/576
142 147 147 177/658
142 147 146 405/994
143 147 147 145/532
143 147 146 333/998
144 147 147 171/620
144 147 146 371/850
145 147 147 48/643
145 147 146 -57/880
146 147 147 18/785
146 147 146 -12/715
147 147 147 37/429
147 147 146 -83/995
132 148 148 81/316
132 148 147 46/679
134 148 148 245/906
134 148 147 8/105
135 148 148 208/751
135 148 147 78/817
136 148 148 175/618
136 148 147 83/997
137 148 148 124/429
137 148 147 41/388
138 148 148 261/886
138 148 147 27/304
139 148 148 271/904
139 148 147 83/717
140 148 148 223/732
140 148 147 17/184
141 148 148 273/883
141 148 147 62/491
142 148 148 293/935
142 148 147 82/879
143 148 148 151/476
143 148 147 47/340
144 148 148 17/53
144 148 147 89/989
145 148 148 23/71
145 148 147 153/994
146 148 148 283/866
146 148 147 79/1000
147 148 148 300/911
147 148 147 179/1000
148 148 148 299/902
148 148 147 19/376
129 149 149 165/476
129 149 148 220/481
130 149 149 113/322
130 149 148 341/711
131 149 149 109/307
131 149 148 292/617
132 149 149 359/1000
132 149 148 274/551
133 149 149 226/623
133 149 148 135/277
134 149 149 196/535
134 149 148 129/251
135 149 149 274/741
135 149 148 499/999
136 149 149 47/126
136 149 148 80/151
137 149 149 305/811
137 149 148 373/732
138 149 149 346/913
138 149 148 513/941
139 149 149 371/972
139 149 148 350/677
140 149 149 229/596
140 149 148 532/949
141 149 149 346/895
141 149 148 235/451
142 149 149 208/535
142 149 148 389/674
143 149 149 34/87
143 149 148 346/665
144 149 149 64/163
144 149 148 397/665
145 149 149 360/913
145 149 148 67/131
146 149 149 207/523
146 149 148 447/715
147 149 149 357/899
147 149 148 408/839
148 149 149 282/721
148 149 148 43/65
149 149 149 269/775
149 149 148 62/197
121 150 150 326/829
121 150 149 33/322
122 150 150 243/608
122 150 149 91/881
123 150 150 289/712
123 150 149 111/992
124 150 150 297/721
124 150 149 111/992
125 150 150 414/991
125 150 149 68/563
126 150 150 257/607
126 150 149 108/901
127 150 150 238/555
127 150 149 31/240
128 150 150 79/182
128 150 149 51/401
129 150 150 375/854
129 150 149 44/321
130 150 150 301/678
130 150 149 91/680
131 150 150 48/107
131 150 149 37/256
132 150 150 275/607
132 150 149 109/780
133 150 150 423/925
133 150 149 62/409
134 150 150 376/815
134 150 149 133/918
135 150 150 361/776
135 150 149 155/979
136 150 150 128/273
136 150 149 139/932
137 150 150 128/271
137 150 149 61/370
138 150 150 224/471
138 150 149 103/676
139 150 150 269/562
139 150 149 6/35
140 150 150 469/974
140 150 149 139/901
141 150 150 199/411
141 150 149 89/499
142 150 150 310/637
142 150 149 121/784
143 150 150 265/542
143 150 149 11/59
144 150 150 464/945
144 150 149 123/812
145 150 150 277/562
145 150 149 130/659
146 150 150 91/184
146 150 149 133/929
147 150 150 439/885
147 150 149 112/521
148 150 150 466/937
148 150 149 29/237
149 150 150 315/632
149 150 149 207/820
150 150 150 361/723
150 150 149 31/490
108 151 151 26/81
108 151 150 206/989
109 151 151 225/692
109 151 150 204/949
110 151 151 143/437
110 151 150 89/400
111 151 151 169/510
111 151 150 176/769
112 151 151 1/3
112 151 150 47/199
113 151 151 111/329
113 151 150 227/937
114 151 151 159/469
114 151 150 197/790
115 151 151 325/947
115 151 150 37/145
116 151 151 143/415
116 151 150 217/828
117 151 151 263/754
117 151 150 262/979
118 151 151 232/663
118 151 150 262/955
119 151 151 271/765
119 151 150 151/540
120 151 151 49/138
120 151 150 253/884
121 151 151 343/954
121 151 150 30/103
122 151 151 310/861
122 151 150 181/608
123 151 151 244/669
123 151 150 259/856
124 151 151 27/74
124 151 150 156/505
125 151 151 152/411
125 151 150 69/220
126 151 151 17/46
126 151 150 175/547
127 151 151 373/995
127 151 150 173/533
128 151 151 58/155
128 151 150 314/949
129 151 151 344/905
129 151 150 301/897
130 151 151 236/623
130 151 150 291/851
131 151 151 133/345
131 151 150 214/617
132 151 151 298/777
132 151 150 217/614
133 151 151 9/23
133 151 150 47/131
134 151 151 54/139
134 151 150 305/834
135 151 151 37/93
135 151 150 369/992
136 151 151 13/33
136 151 150 159/419
137 151 151 230/567
137 151 150 308/795
138 151 151 287/717
138 151 150 378/955
139 151 151 293/705
139 151 150 356/875
140 151 151 189/463
140 151 150 5/12
141 151 151 207/482
141 151 150 395/911
142 151 151 233/556
142 151 150 115/258
143 151 151 449/996
143 151 150 382/805
144 151 151 423/971
144 151 150 209/426
145 151 151 41/84
145 151 150 479/877
146 151 151 282/607
146 151 150 41/72
147 151 151 79/151
147 151 150 85/141
148 151 151 423/880
148 151 150 215/338
149 151 151 499/749
149 151 150 168/193
150 151 151 277/469
150 151 150 773/804
151 151 151 101/187
151 151 150 354/811
82 152 152 2/15
82 152 151 23/487
83 152 152 40/293
83 152 151 40/831
84 152 152 126/901
84 152 151 13/265
85 152 152 143/1000
85 152 151 38/761
86 152 152 107/732
86 152 151 49/964
87 152 152 125/838
87 152 151 49/948
88 152 152 131/860
88 152 151 41/780
89 152 152 61/393
89 152 151 48/899
90 152 152 63/398
90 152 151 53/977
91 152 152 130/807
91 152 151 55/999
92 152 152 127/774
92 152 151 19/340
93 152 152 166/995
93 152 151 37/653
94 152 152 159/937
94 152 151 5/87
95 152 152 148/859
95 152 151 40/687
96 152 152 107/611
96 152 151 37/627
97 152 152 154/867
97 152 151 42/703
98 152 152 125/693
98 152 151 55/909
99 152 152 138/755
99 152 151 3/49
100 152 152 181/976
100 152 151 57/920
101 152 152 181/964
101 152 151 55/878
102 152 152 71/373
102 152 151 23/363
103 152 152 119/618
103 152 151 21/328
104 152 152 95/487
104 152 151 20/309
105 152 152 14/71
105 152 151 57/872
106 152 152 105/526
106 152 151 64/969
107 152 152 149/739
107 152 151 1/15
108 152 152 194/951
108 152 151 41/609
109 152 152 7/34
109 152 151 18/265
110 152 152 193/927
110 152 151 53/773
111 152 152 21/100
111 152 151 13/188
112 152 152 170/801
112 152 151 3/43
113 152 152 212/991
113 152 151 23/327
114 152 152 51/236
114 152 151 31/437
115 152 152 32/147
115 152 151 71/993
116 152 152 91/414
116 152 151 71/985
117 152 152 210/949
117 152 151 13/179
118 152 152 197/882
118 152 151 65/888
119 152 152 20/89
119 152 151 16/217
120 152 152 217/957
120 152 151 37/498
121 152 152 127/557
121 152 151 11/147
122 152 152 23/100
122 152 151 49/650
123 152 152 141/610
123 152 151 47/619
124 152 152 176/755
124 152 151 66/863
125 152 152 229/978
125 152 151 52/675
126 152 152 17/72
126 152 151 73/941
127 152 152 32/135
127 152 151 24/307
128 152 152 163/682
128 152 151 37/470
129 152 152 53/221
129 152 151 77/970
130 152 152 37/153
130 152 151 49/613
131 152 152 187/771
131 152 151 71/880
132 152 152 91/372
132 152 151 49/603
133 152 152 142/579
133 152 151 64/779
134 152 152 243/982
134 152 151 61/737
135 152 152 94/379
135 152 151 37/441
136 152 152 148/591
136 152 151 40/473
137 152 152 127/506
137 152 151 86/999
138 152 152 223/879
138 152 151 64/737
139 152 152 29/114
139 152 151 64/719
140 152 152 17/66
140 152 151 81/901
141 152 152 157/607
141 152 151 76/815
142 152 152 229/872
142 152 151 92/975
143 152 152 9/34
143 152 151 1/10
144 152 152 260/963
144 152 151 7/69
145 152 152 36/131
145 152 151 53/473
146 152 152 187/662
146 152 151 62/543
147 152 152 291/985
147 152 151 124/901
148 152 152 272/883
148 152 151 93/659
149 152 152 216/655
149 152 151 72/655
150 152 152 181/406
150 152 151 271/682
151 152 152 368/789
151 152 151 433/991
152 152 152 127/216
152 152 151 13/159
