# UNIF(n=175,lo,hi): D_ren + dipoles; lines "lo hi level amplitude" for the corrected intervals
150 150 150 4/123
150 150 149 -1/1000
151 151 151 5/91
151 151 150 -2/997
152 152 152 19/582
152 152 151 -1/165
153 153 153 67/997
153 153 152 2/887
154 154 154 1/30
154 154 153 -6/533
155 155 155 41/509
155 155 154 2/307
156 156 156 19/213
156 156 155 53/671
157 157 157 53/555
157 157 156 5/461
158 158 158 26/249
158 158 157 48/497
157 159 159 53/616
157 159 158 1/274
159 159 159 89/789
159 159 158 11/716
158 160 160 83/808
158 160 159 47/509
160 160 160 78/647
160 160 159 92/811
159 161 161 6/53
159 161 160 3/214
161 161 161 56/419
161 161 160 9/445
158 162 162 92/809
158 162 161 104/959
160 162 162 120/913
160 162 161 11/84
162 162 162 53/377
162 162 161 77/576
159 163 163 29/227
159 163 162 16/799
161 163 163 5/88
161 163 162 -29/906
163 163 163 157/981
163 163 162 15/584
158 164 164 29/208
158 164 163 135/913
160 164 164 153/995
160 164 163 42/253
162 164 164 85/511
162 164 163 99/559
163 164 164 38/221
163 164 163 256/885
164 164 164 1/6
164 164 163 158/993
159 165 165 151/951
159 165 164 33/974
161 165 165 143/827
161 165 164 4/105
162 165 165 64/357
162 165 164 18/199
163 165 165 38/623
163 165 164 -41/944
164 165 165 10/581
164 165 164 -1/165
165 165 165 166/849
165 165 164 17/529
158 166 166 176/959
158 166 165 127/588
160 166 166 185/951
160 166 165 17/74
161 166 166 83/416
161 166 165 13/43
162 166 166 157/769
162 166 165 34/143
163 166 166 202/969
163 166 165 89/269
164 166 166 65/306
164 166 165 24/101
165 166 166 159/736
165 166 165 307/842
166 166 166 16/79
166 166 165 168/871
157 167 167 154/771
157 167 166 35/677
158 167 167 168/815
158 167 166 76/955
159 167 167 136/641
159 167 166 44/769
160 167 167 171/785
160 167 166 65/714
161 167 167 218/977
161 167 166 49/811
162 167 167 13/57
162 167 166 61/591
163 167 167 67/288
163 167 166 53/878
164 167 167 9/38
164 167 166 33/281
165 167 167 71/295
165 167 166 50/907
166 167 167 167/684
166 167 166 131/959
167 167 167 40/517
167 167 166 -25/338
154 168 168 73/955
154 168 167 -3/392
156 168 168 71/976
156 168 167 -1/57
157 168 168 53/886
157 168 167 -3/275
158 168 168 60/859
158 168 167 -5/186
159 168 168 47/864
159 168 167 -17/998
160 168 168 53/780
160 168 167 -19/530
161 168 168 47/964
161 168 167 -3/139
162 168 168 75/278
162 168 167 131/384
163 168 168 272/997
163 168 167 350/843
164 168 168 116/421
164 168 167 71/209
165 168 168 57/205
165 168 167 116/263
166 168 168 71/962
166 168 167 -35/529
167 168 168 11/491
167 168 167 -3/170
168 168 168 51/593
168 168 167 -76/907
151 169 169 61/233
151 169 168 20/281
152 169 169 101/377
152 169 168 46/537
153 169 169 268/979
153 169 168 60/763
154 169 169 50/179
154 169 168 92/971
155 169 169 115/404
155 169 168 81/952
156 169 169 31/107
156 169 168 3/29
157 169 169 43/146
157 169 168 77/852
158 169 169 32/107
158 169 168 106/947
159 169 169 263/867
159 169 168 81/859
160 169 169 221/719
160 169 168 57/473
161 169 169 299/961
161 169 168 19/197
162 169 169 101/321
162 169 168 83/640
163 169 169 295/928
163 169 168 42/437
164 169 169 103/321
164 169 168 137/975
165 169 169 277/856
165 169 168 29/316
166 169 169 299/917
166 169 168 120/773
167 169 169 281/856
167 169 168 43/538
168 169 169 106/321
168 169 168 167/930
169 169 169 155/467
169 169 168 16/315
146 170 170 171/497
146 170 169 21/46
147 170 170 294/845
147 170 169 257/542
148 170 170 339/964
148 170 169 250/531
149 170 170 335/943
149 170 169 349/713
150 170 170 278/775
150 170 169 479/990
151 170 170 164/453
151 170 169 64/127
152 170 170 42/115
152 170 169 278/561
153 170 170 253/687
153 170 169 485/937
154 170 170 304/819
154 170 169 217/429
155 170 170 316/845
155 170 169 511/963
156 170 170 351/932
156 170 169 177/344
157 170 170 334/881
157 170 169 434/799
158 170 170 169/443
158 170 169 499/957
159 170 170 368/959
159 170 169 5/9
160 170 170 49/127
160 170 169 111/211
161 170 170 197/508
161 170 169 54/95
162 170 170 323/829
162 170 169 219/415
163 170 170 9/23
163 170 169 391/671
164 170 170 387/985
164 170 169 95/181
165 170 170 360/913
165 170 169 561/934
166 170 170 377/953
166 170 169 18/35
167 170 170 317/799
167 170 169 520/829
168 170 170 391/983
168 170 169 457/937
169 170 170 245/626
169 170 169 484/731
170 170 170 91/717
170 170 169 -91/723
137 171 171 16/41
137 171 170 91/961
138 171 171 394/995
138 171 170 93/913
139 171 171 257/640
139 171 170 97/942
140 171 171 326/801
140 171 170 99/898
141 171 171 336/815
141 171 170 107/966
142 171 171 48/115
142 171 170 50/423
143 171 171 389/921
143 171 170 66/559
144 171 171 44/103
144 171 170 21/167
145 171 171 301/697
145 171 170 116/929
146 171 171 24/55
146 171 170 101/760
147 171 171 171/388
147 171 170 8/61
148 171 171 408/917
148 171 170 87/623
149 171 171 22/49
149 171 170 82/599
150 171 171 322/711
150 171 170 59/404
151 171 171 179/392
151 171 170 26/183
152 171 171 81/176
152 171 170 134/881
153 171 171 134/289
153 171 170 138/941
154 171 171 431/923
154 171 170 3/19
155 171 171 448/953
155 171 170 92/611
156 171 171 123/260
156 171 170 144/881
157 171 171 79/166
157 171 170 99/644
158 171 171 257/537
158 171 170 99/586
159 171 171 191/397
159 171 170 17/109
160 171 171 278/575
160 171 170 129/739
161 171 171 475/978
161 171 170 46/293
162 171 171 279/572
162 171 170 58/321
163 171 171 166/339
163 171 170 93/595
164 171 171 459/934
164 171 170 167/888
165 171 171 425/862
165 171 170 90/589
166 171 171 449/908
166 171 170 165/832
167 171 171 471/950
167 171 170 130/903
168 171 171 406/817
168 171 170 158/733
169 171 171 241/484
169 171 170 41/334
170 171 171 204/409
170 171 170 189/748
171 171 171 466/933
171 171 170 32/505
123 172 172 319/999
123 172 171 203/965
124 172 172 258/799
124 172 171 196/907
125 172 172 321/988
125 172 171 215/966
126 172 172 202/615
126 172 171 13/57
127 172 172 325/984
127 172 171 221/943
128 172 172 228/683
128 172 171 185/772
129 172 172 313/933
129 172 171 29/118
130 172 172 199/587
130 172 171 233/929
131 172 172 111/326
131 172 171 256/997
132 172 172 343/997
132 172 171 79/302
133 172 172 317/918
133 172 171 73/273
134 172 172 299/857
134 172 171 241/886
135 172 172 344/983
135 172 171 148/533
136 172 172 221/625
136 172 171 277/982
137 172 172 330/931
137 172 171 216/751
138 172 172 149/416
138 172 171 232/795
139 172 172 249/694
139 172 171 195/656
140 172 172 359/990
140 172 171 257/853
141 172 172 351/967
141 172 171 111/362
142 172 172 189/515
142 172 171 68/219
143 172 172 323/880
143 172 171 6/19
144 172 172 75/202
144 172 171 139/435
145 172 172 128/345
145 172 171 203/625
146 172 172 246/655
146 172 171 203/618
147 172 172 373/995
147 172 171 261/782
148 172 172 242/637
148 172 171 329/975
149 172 172 361/953
149 172 171 157/458
150 172 172 123/320
150 172 171 157/453
151 172 172 235/614
151 172 171 294/835
152 172 172 293/753
152 172 171 333/935
153 172 172 364/941
153 172 171 232/641
154 172 172 319/809
154 172 171 265/723
155 172 172 178/455
155 172 171 41/110
156 172 172 265/662
156 172 171 143/378
157 172 172 82/207
157 172 171 166/431
158 172 172 397/974
158 172 171 334/851
159 172 172 80/199
159 172 171 275/687
160 172 172 385/923
160 172 171 343/835
161 172 172 43/105
161 172 171 92/219
162 172 172 335/778
162 172 171 361/827
163 172 172 344/819
163 172 171 277/618
164 172 172 14/31
164 172 171 163/342
165 172 172 113/259
165 172 171 32/65
166 172 172 365/747
166 172 171 357/652
167 172 172 259/557
167 172 171 89/156
168 172 172 412/787
168 172 171 591/979
169 172 172 63/131
169 172 171 538/845
170 172 172 645/968
170 172 171 741/851
171 172 172 557/943
171 172 171 726/755
172 172 172 249/461
172 172 171 203/465
92 173 173 60/457
92 173 172 43/923
93 173 173 127/946
93 173 172 43/907
94 173 173 131/956
94 173 172 4/83
95 173 173 109/779
95 173 172 22/449
96 173 173 89/624
96 173 172 21/422
97 173 173 8/55
97 173 172 23/455
98 173 173 93/628
98 173 172 2/39
99 173 173 62/411
99 173 172 24/461
100 173 173 27/176
100 173 172 35/663
101 173 173 69/442
101 173 172 28/523
102 173 173 131/826
102 173 172 23/424
103 173 173 84/521
103 173 172 37/673
104 173 173 9/55
104 173 172 28/503
105 173 173 121/728
105 173 172 19/337
106 173 173 164/973
106 173 172 53/929
107 173 173 13/76
107 173 172 41/710
108 173 173 139/802
108 173 172 8/137
109 173 173 29/165
109 173 172 55/931
110 173 173 92/517
110 173 172 4/67
111 173 173 11/61
111 173 172 23/381
112 173 173 106/581
112 173 172 58/951
113 173 173 97/525
113 173 172 53/860
114 173 173 167/894
114 173 172 14/225
115 173 173 159/841
115 173 172 45/716
116 173 173 183/958
116 173 172 47/741
117 173 173 57/295
117 173 172 13/203
118 173 173 191/979
118 173 172 52/805
119 173 173 43/218
119 173 172 56/859
120 173 173 42/211
120 173 172 47/715
121 173 173 106/527
121 173 172 25/377
122 173 173 99/488
122 173 172 26/389
123 173 173 159/776
123 173 172 55/816
124 173 173 183/886
124 173 172 40/589
125 173 173 93/446
125 173 172 28/409
126 173 173 204/971
126 173 172 2/29
127 173 173 60/283
127 173 172 23/331
128 173 173 98/459
128 173 172 41/586
129 173 173 14/65
129 173 172 16/227
130 173 173 204/941
130 173 172 53/747
131 173 173 148/677
131 173 172 1/14
132 173 173 75/341
132 173 172 32/445
133 173 173 49/221
133 173 172 53/732
134 173 173 200/897
134 173 172 11/151
135 173 173 211/939
135 173 172 11/150
136 173 173 117/518
136 173 172 70/949
137 173 173 104/457
137 173 172 66/889
138 173 173 174/761
138 173 172 51/683
139 173 173 199/864
139 173 172 42/559
140 173 173 164/709
140 173 172 47/622
141 173 173 147/631
141 173 172 13/171
142 173 173 221/945
142 173 172 38/497
143 173 173 199/845
143 173 172 1/13
144 173 173 82/347
144 173 172 27/349
145 173 173 79/332
145 173 172 67/861
146 173 173 79/331
146 173 172 22/281
147 173 173 149/620
147 173 172 63/800
148 173 173 233/967
148 173 172 73/921
149 173 173 173/713
149 173 172 24/301
150 173 173 205/843
150 173 172 31/386
151 173 173 205/837
151 173 172 61/755
152 173 173 93/379
152 173 172 62/761
153 173 173 89/360
153 173 172 81/988
154 173 173 26/105
154 173 172 40/483
155 173 173 157/629
155 173 172 1/12
156 173 173 1/4
156 173 172 70/829
157 173 173 175/694
157 173 172 33/388
158 173 173 224/887
158 173 172 77/890
159 173 173 151/592
159 173 172 43/493
160 173 173 183/716
160 173 172 26/291
161 173 173 15/58
161 173 172 80/887
162 173 173 197/759
162 173 172 59/631
163 173 173 123/467
163 173 172 47/497
164 173 173 203/765
164 173 172 60/599
165 173 173 145/536
165 173 172 89/876
166 173 173 199/723
166 173 172 106/945
167 173 173 209/739
167 173 172 4/35
168 173 173 55/186
168 173 172 80/581
169 173 173 266/863
169 173 172 12/85
170 173 173 32/97
170 173 172 32/291
171 173 173 107/240
171 173 172 371/934
172 173 173 381/817
172 173 172 423/968
173 173 173 117/199
173 173 172 57/697
