# UNIF(n=90,lo,hi): D_ren + dipoles; lines "lo hi level amplitude" for the corrected intervals
74 74 74 32/407
74 74 73 -3/523
75 75 75 23/237
75 75 74 32/453
76 76 76 85/788
76 76 75 1/239
77 77 77 119/933
77 77 76 100/913
78 78 78 29/205
78 78 77 14/999
79 79 79 125/789
79 79 78 25/174
78 80 80 53/588
78 80 79 -19/813
80 80 80 114/623
80 80 79 22/911
79 81 81 59/319
79 81 80 151/814
81 81 81 194/983
81 81 80 178/973
78 82 82 23/125
78 82 81 17/591
80 82 82 109/508
80 82 81 34/891
82 82 82 19/229
82 82 81 -68/971
79 83 83 62/251
79 83 82 243/856
80 83 83 244/951
80 83 82 245/614
81 83 83 25/307
81 83 82 -11/210
82 83 83 6/221
82 83 82 -9/992
83 83 83 86/975
83 83 82 -17/213
78 84 84 226/823
78 84 83 39/581
79 84 84 167/584
79 84 83 67/572
80 84 84 291/982
80 84 83 43/585
81 84 84 59/193
81 84 83 129/911
82 84 84 136/433
82 84 83 5/71
83 84 84 190/591
83 84 83 119/685
84 84 84 302/921
84 84 83 37/769
75 85 85 343/991
75 85 84 289/651
76 85 85 250/707
76 85 84 429/862
77 85 85 331/918
77 85 84 238/509
78 85 85 287/782
78 85 84 501/941
79 85 85 113/303
79 85 84 457/945
80 85 85 353/933
80 85 84 491/865
81 85 85 366/955
81 85 84 477/976
82 85 85 188/485
82 85 84 536/881
83 85 85 359/917
83 85 84 442/931
84 85 85 227/584
84 85 84 581/885
85 85 85 264/763
85 85 84 309/989
71 86 86 237/596
71 86 85 99/898
72 86 86 136/333
72 86 85 33/311
73 86 86 401/958
73 86 85 49/387
74 86 86 313/731
74 86 85 100/843
75 86 86 268/613
75 86 85 107/754
76 86 86 377/846
76 86 85 82/637
77 86 86 424/935
77 86 85 59/377
78 86 86 358/777
78 86 85 53/390
79 86 86 122/261
79 86 85 83/485
80 86 86 349/737
80 86 85 99/712
81 86 86 389/812
81 86 85 176/939
82 86 86 227/469
82 86 85 78/575
83 86 86 21/43
83 86 85 119/568
84 86 86 94/191
84 86 85 68/573
85 86 86 213/430
85 86 85 246/983
86 86 86 367/737
86 86 85 61/979
63 87 87 229/697
63 87 86 213/979
64 87 87 207/625
64 87 86 193/833
65 87 87 177/520
65 87 86 10/41
66 87 87 321/938
66 87 86 77/299
67 87 87 284/807
67 87 86 87/323
68 87 87 344/975
68 87 86 180/637
69 87 87 238/655
69 87 86 108/367
70 87 87 69/190
70 87 86 55/179
71 87 87 3/8
71 87 86 250/783
72 87 87 183/490
72 87 86 305/918
73 87 87 160/413
73 87 86 316/915
74 87 87 257/669
74 87 86 345/962
75 87 87 383/954
75 87 86 369/986
76 87 87 272/687
76 87 86 40/103
77 87 87 390/931
77 87 86 381/931
78 87 87 349/851
78 87 86 295/694
79 87 87 219/494
79 87 86 107/234
80 87 87 399/929
80 87 86 91/191
81 87 87 287/594
81 87 86 361/675
82 87 87 311/675
82 87 86 532/949
83 87 87 439/844
83 87 86 488/819
84 87 87 401/838
84 87 86 580/919
85 87 87 169/254
85 87 86 33/38
86 87 87 534/905
86 87 86 915/953
87 87 87 501/928
87 87 86 211/484
48 88 88 51/382
48 88 87 41/856
49 88 88 136/979
49 88 87 49/990
50 88 88 101/698
50 88 87 37/724
51 88 88 40/267
51 88 87 1/19
52 88 88 149/959
52 88 87 46/849
53 88 88 128/799
53 88 87 31/557
54 88 88 145/876
54 88 87 2/35
55 88 88 25/147
55 88 87 38/649
56 88 88 127/725
56 88 87 40/667
57 88 88 143/797
57 88 87 56/913
58 88 88 181/982
58 88 87 20/319
59 88 88 106/563
59 88 87 50/781
60 88 88 192/995
60 88 87 55/842
61 88 88 117/595
61 88 87 66/991
62 88 88 176/875
62 88 87 64/943
63 88 88 199/973
63 88 87 13/188
64 88 88 33/158
64 88 87 14/199
65 88 88 39/184
65 88 87 49/684
66 88 88 91/421
66 88 87 53/728
67 88 88 127/580
67 88 87 47/634
68 88 88 149/668
68 88 87 7/93
69 88 88 178/789
69 88 87 53/691
70 88 88 203/884
70 88 87 20/257
71 88 88 167/720
71 88 87 73/919
72 88 88 59/250
72 88 87 46/571
73 88 88 236/991
73 88 87 42/509
74 88 88 63/260
74 88 87 61/729
75 88 88 163/667
75 88 87 52/603
76 88 88 219/880
76 88 87 58/663
77 88 88 219/872
77 88 87 32/351
78 88 88 72/281
78 88 87 91/983
79 88 88 201/775
79 88 87 59/599
80 88 88 226/851
80 88 87 89/888
81 88 88 265/977
81 88 87 1/9
82 88 88 33/118
82 88 87 11/97
83 88 88 293/999
83 88 87 47/343
84 88 88 194/633
84 88 87 139/988
85 88 88 311/946
85 88 87 8/73
86 88 88 41/92
86 88 87 167/419
87 88 88 446/955
87 88 87 134/307
88 88 88 367/624
88 88 87 47/576
