# UNIF(n=98,lo,hi): D_ren + dipoles; lines "lo hi level amplitude" for the corrected intervals
81 81 81 47/966
81 81 80 -2/695
82 82 82 83/966
82 82 81 -1/819
83 83 83 41/399
83 83 82 75/926
84 84 84 39/344
84 84 83 7/919
85 85 85 121/922
85 85 84 112/963
86 86 86 113/777
86 86 85 16/969
85 87 87 121/915
85 87 86 5/44
87 87 87 70/437
87 87 86 51/347
86 88 88 49/584
86 88 87 -23/832
88 88 88 158/851
88 88 87 3/116
87 89 89 133/697
87 89 88 93/473
89 89 89 181/912
89 89 88 109/589
86 90 90 90/463
86 90 89 27/760
88 90 90 153/695
88 90 89 41/981
89 90 90 179/774
89 90 89 109/850
90 90 90 48/587
90 90 89 -9/127
85 91 91 226/963
85 91 90 76/279
87 91 91 102/403
87 91 90 21/71
88 91 91 117/448
88 91 90 235/576
89 91 91 66/827
89 91 90 -27/488
90 91 91 23/880
90 91 90 -10/917
91 91 91 83/946
91 91 90 -63/781
84 92 92 252/961
84 92 91 59/926
85 92 92 137/501
85 92 91 101/989
86 92 92 174/613
86 92 91 11/150
87 92 92 49/167
87 92 91 16/131
88 92 92 155/513
88 92 91 73/943
89 92 92 253/816
89 92 91 87/602
90 92 92 176/555
90 92 91 5/69
91 92 92 54/167
91 92 91 172/983
92 92 92 311/946
92 92 91 13/267
81 93 93 77/226
81 93 92 437/1000
82 93 93 295/848
82 93 92 323/671
83 93 93 50/141
83 93 92 347/752
84 93 93 349/967
84 93 92 201/392
85 93 93 117/319
85 93 92 49/102
86 93 93 316/849
86 93 92 403/742
87 93 93 43/114
87 93 92 453/920
88 93 93 113/296
88 93 92 558/971
89 93 93 164/425
89 93 92 212/429
90 93 93 284/729
90 93 92 365/596
91 93 93 383/975
91 93 92 393/823
92 93 93 283/727
92 93 92 171/260
93 93 93 241/696
93 93 92 159/508
78 94 94 327/809
78 94 93 101/970
79 94 94 403/974
79 94 93 113/929
80 94 94 389/920
80 94 93 97/834
81 94 94 327/758
81 94 93 27/199
82 94 94 374/851
82 94 93 88/695
83 94 94 283/633
83 94 93 88/591
84 94 94 114/251
84 94 93 31/230
85 94 94 288/625
85 94 93 27/167
86 94 94 120/257
86 94 93 116/827
87 94 94 155/328
87 94 93 18/103
88 94 94 75/157
88 94 93 117/824
89 94 94 465/964
89 94 93 89/469
90 94 94 343/705
90 94 93 76/553
91 94 94 25/51
91 94 93 121/574
92 94 94 261/529
92 94 93 74/619
93 94 94 443/893
93 94 93 244/973
94 94 94 436/875
94 94 93 62/991
69 95 95 277/842
69 95 94 150/683
70 95 95 60/181
70 95 94 220/947
71 95 95 164/483
71 95 94 195/802
72 95 95 113/331
72 95 94 71/278
73 95 95 177/506
73 95 94 248/933
74 95 95 333/949
74 95 94 198/713
75 95 95 122/339
75 95 94 287/997
76 95 95 287/797
76 95 94 121/404
77 95 95 286/773
77 95 94 131/423
78 95 95 340/921
78 95 94 283/881
79 95 95 377/991
79 95 94 76/229
80 95 95 185/489
80 95 94 146/425
81 95 95 199/508
81 95 94 161/453
82 95 95 71/183
82 95 94 362/985
83 95 95 353/872
83 95 94 353/924
84 95 95 274/687
84 95 94 81/205
85 95 95 311/738
85 95 94 215/518
86 95 95 364/883
86 95 94 384/893
87 95 95 381/856
87 95 94 239/518
88 95 95 181/420
88 95 94 333/694
89 95 95 371/766
89 95 94 401/746
90 95 95 313/678
90 95 94 166/295
91 95 95 362/695
91 95 94 337/564
92 95 95 297/620
92 95 94 411/650
93 95 95 201/302
93 95 94 232/267
94 95 95 409/693
94 95 94 437/455
95 95 95 453/839
95 95 94 307/704
52 96 96 51/386
52 96 95 26/549
53 96 96 99/722
53 96 95 31/635
54 96 96 99/695
54 96 95 42/835
55 96 96 92/625
55 96 95 44/851
56 96 96 131/860
56 96 95 45/847
57 96 96 117/746
57 96 95 45/826
58 96 96 11/68
58 96 95 32/573
59 96 96 44/265
59 96 95 2/35
60 96 96 104/609
60 96 95 19/325
61 96 96 43/246
61 96 95 59/988
62 96 96 33/184
62 96 95 5/82
63 96 96 165/901
63 96 95 61/981
64 96 96 3/16
64 96 95 31/489
65 96 96 179/937
65 96 95 45/697
66 96 96 172/881
66 96 95 14/213
67 96 96 188/947
67 96 95 45/673
68 96 96 79/390
68 96 95 24/353
69 96 96 22/107
69 96 95 17/246
70 96 96 172/821
70 96 95 69/983
71 96 96 183/862
71 96 95 41/575
72 96 96 78/361
72 96 95 28/387
73 96 96 101/462
73 96 95 51/694
74 96 96 221/994
74 96 95 19/255
75 96 96 42/187
75 96 95 19/251
76 96 96 199/872
76 96 95 53/691
77 96 96 225/977
77 96 95 50/641
78 96 96 167/714
78 96 95 38/481
79 96 96 141/598
79 96 95 64/795
80 96 96 227/948
80 96 95 15/184
81 96 96 233/966
81 96 95 1/12
82 96 96 37/151
82 96 95 32/379
83 96 96 191/774
83 96 95 67/771
84 96 96 199/793
84 96 95 59/670
85 96 96 43/170
85 96 95 11/120
86 96 96 241/935
86 96 95 93/1000
87 96 96 49/188
87 96 95 69/698
88 96 96 265/994
88 96 95 97/965
89 96 96 117/430
89 96 95 67/602
90 96 96 67/239
90 96 95 51/449
91 96 96 223/759
91 96 95 31/226
92 96 96 112/365
92 96 95 107/760
93 96 96 329/1000
93 96 95 76/693
94 96 96 398/893
94 96 95 139/349
95 96 96 303/649
95 96 95 389/891
96 96 96 504/857
96 96 95 4/49
