# UNIF(n=60,lo,hi): D_ren + dipoles; lines "lo hi level amplitude" for the corrected intervals
48 48 48 58/529
48 48 47 -2/343
49 49 49 129/913
49 49 48 93/835
50 50 50 73/452
50 50 49 5/473
51 51 51 119/631
51 51 50 110/663
50 52 52 161/948
50 52 51 6/643
52 52 52 73/789
52 52 51 -53/838
51 53 53 65/687
51 53 52 -11/381
53 53 53 53/576
53 53 52 -36/493
50 54 54 150/601
50 54 53 35/824
52 54 54 173/597
52 54 53 43/792
53 54 54 61/199
53 54 53 19/116
54 54 54 61/190
54 54 53 22/505
49 55 55 291/859
49 55 54 207/502
51 55 55 277/765
51 55 54 277/623
52 55 55 202/543
52 55 54 505/877
53 55 55 91/239
53 55 54 451/997
54 55 55 335/872
54 55 54 240/371
55 55 55 97/282
55 55 54 269/873
48 56 56 331/805
48 56 55 87/859
49 56 56 81/190
49 56 55 46/323
50 56 56 136/309
50 56 55 95/821
51 56 56 43/95
51 56 55 110/651
52 56 56 141/304
52 56 55 22/181
53 56 56 9/19
53 56 55 53/266
54 56 56 95/197
54 56 55 97/868
55 56 56 93/190
55 56 55 16/65
56 56 56 484/977
56 56 55 40/661
43 57 57 208/589
43 57 56 143/541
44 57 57 339/958
44 57 56 227/791
45 57 57 373/995
45 57 56 71/228
46 57 57 151/405
46 57 56 261/782
47 57 57 342/857
47 57 56 25/69
48 57 57 304/773
48 57 56 136/353
49 57 57 361/841
49 57 56 53/125
50 57 57 298/713
50 57 56 446/993
51 57 57 336/709
51 57 56 258/503
52 57 57 405/893
52 57 56 206/379
53 57 57 499/970
53 57 56 569/977
54 57 57 418/881
54 57 56 248/399
55 57 57 373/562
55 57 56 427/494
56 57 57 569/966
56 57 56 113/118
57 57 57 253/469
57 57 56 147/338
32 58 58 65/486
32 58 57 49/997
33 58 58 61/430
33 58 57 49/947
34 58 58 109/723
34 58 57 47/867
35 58 58 119/752
35 58 57 19/335
36 58 58 1/6
36 58 57 15/254
37 58 58 38/219
37 58 57 31/504
38 58 58 49/270
38 58 57 62/973
39 58 58 153/815
39 58 57 9/136
40 58 58 83/425
40 58 57 48/703
41 58 58 42/209
41 58 57 59/833
42 58 58 127/610
42 58 57 48/659
43 58 58 16/75
43 58 57 9/119
44 58 58 184/835
44 58 57 73/941
45 58 58 113/502
45 58 57 11/136
46 58 58 68/293
46 58 57 67/809
47 58 58 40/169
47 58 57 78/895
48 58 58 241/988
48 58 57 51/572
49 58 58 64/257
49 58 57 35/366
50 58 58 155/603
50 58 57 32/327
51 58 58 198/749
51 58 57 37/339
52 58 58 99/361
52 58 57 111/992
53 58 58 275/951
53 58 57 89/655
54 58 58 149/491
54 58 57 113/808
55 58 58 317/970
55 58 57 89/817
56 58 58 167/375
56 58 57 89/222
57 58 58 228/487
57 58 57 44/101
58 58 58 419/712
58 58 57 63/775
