# UNIF(n=173,lo,hi): D_ren + dipoles; lines "lo hi level amplitude" for the corrected intervals
148 148 148 2/61
148 148 147 -1/1000
149 149 149 50/921
149 149 148 -2/825
150 150 150 26/791
150 150 149 -5/883
151 151 151 1/15
151 151 150 1/526
152 152 152 32/955
152 152 151 -9/824
153 153 153 68/849
153 153 152 3/482
154 154 154 66/743
154 154 153 64/817
155 155 155 43/452
155 155 154 4/377
156 156 156 101/969
156 156 155 95/987
155 157 157 71/834
155 157 156 3/979
157 157 157 89/791
157 157 156 9/593
156 158 158 66/647
156 158 157 48/527
158 158 158 105/872
158 158 157 109/963
157 159 159 107/951
157 159 158 13/958
159 159 159 85/637
159 159 158 14/697
156 160 160 112/993
156 160 159 85/796
158 160 160 36/275
158 160 159 97/746
160 160 160 135/961
160 160 159 55/412
157 161 161 103/812
157 161 160 19/978
159 161 161 53/927
159 161 160 -15/472
161 161 161 55/344
161 161 160 23/899
156 162 162 76/549
156 162 161 97/664
158 162 162 49/320
158 162 161 15/91
160 162 162 161/970
160 162 161 3/17
162 162 162 166/997
162 162 161 100/629
157 163 163 110/697
157 163 162 23/692
159 163 163 133/772
159 163 162 11/292
160 163 163 59/330
160 163 162 21/233
161 163 163 61/996
161 163 162 -9/208
162 163 163 7/403
162 163 162 -5/839
163 163 163 128/655
163 163 162 27/842
156 164 164 124/679
156 164 163 212/989
158 164 164 184/949
158 164 163 221/967
159 164 164 197/990
159 164 163 22/73
160 164 164 98/481
160 164 163 214/903
161 164 164 179/860
161 164 163 323/978
162 164 164 94/443
162 164 163 51/215
163 164 164 106/491
163 164 163 47/129
164 164 164 163/805
164 164 163 91/472
155 165 165 111/559
155 165 164 17/334
156 165 165 201/980
156 165 164 65/824
157 165 165 161/762
157 165 164 56/989
158 165 165 216/995
158 165 164 64/707
159 165 165 87/391
159 165 164 3/50
160 165 165 109/479
160 165 164 97/943
161 165 165 232/999
161 165 164 14/233
162 165 165 101/427
162 165 164 115/981
163 165 165 208/865
163 165 164 53/964
164 165 165 214/877
164 165 164 43/315
165 165 165 12/155
165 165 164 -59/798
152 166 166 77/1000
152 166 165 -4/607
154 166 166 3/41
154 166 165 -11/659
155 166 166 41/681
155 166 165 -2/197
156 166 166 69/983
156 166 165 -7/267
157 166 166 53/969
157 166 165 -13/790
158 166 166 68/997
158 166 165 -7/198
159 166 166 31/633
159 166 165 -4/189
160 166 166 229/850
160 166 165 335/984
161 166 166 197/723
161 166 165 403/972
162 166 166 117/425
162 166 165 324/955
163 166 166 167/601
163 166 165 145/329
164 166 166 13/176
164 166 165 -64/969
165 166 166 16/713
165 166 165 -10/569
166 166 166 8/93
166 166 165 -49/585
149 167 167 77/296
149 167 166 66/943
150 167 167 248/931
150 167 166 62/733
151 167 167 67/246
151 167 166 57/734
152 167 167 265/953
152 167 166 29/309
153 167 167 129/455
153 167 166 37/439
154 167 167 235/814
154 167 166 49/477
155 167 167 239/814
155 167 166 7/78
156 167 167 292/979
156 167 166 48/431
157 167 167 263/869
157 167 166 59/629
158 167 167 127/414
158 167 166 61/508
159 167 167 237/763
159 167 166 27/281
160 167 167 219/697
160 167 166 48/371
161 167 167 154/485
161 167 166 37/386
162 167 167 243/758
162 167 166 118/841
163 167 167 119/368
163 167 166 83/906
164 167 167 73/224
164 167 166 150/967
165 167 167 190/579
165 167 166 61/764
166 167 167 69/209
166 167 166 156/869
167 167 167 227/684
167 167 166 33/650
144 168 168 303/884
144 168 167 281/619
145 168 168 95/274
145 168 167 326/691
146 168 168 231/659
146 168 167 276/589
147 168 168 181/511
147 168 167 252/517
148 168 168 127/355
148 168 167 347/720
149 168 168 290/803
149 168 167 229/456
150 168 168 43/118
150 168 167 449/909
151 168 168 326/887
151 168 167 511/990
152 168 168 289/780
152 168 167 56/111
153 168 168 199/533
153 168 167 9/17
154 168 168 355/944
154 168 167 267/520
155 168 168 365/964
155 168 167 122/225
156 168 168 338/887
156 168 167 291/559
157 168 168 373/973
157 168 167 521/939
158 168 168 335/869
158 168 167 31/59
159 168 168 360/929
159 168 167 159/280
160 168 168 44/113
160 168 167 513/973
161 168 168 185/473
161 168 167 428/735
162 168 168 97/247
162 168 167 481/917
163 168 168 257/652
163 168 167 317/528
164 168 168 263/665
164 168 167 274/533
165 168 168 286/721
165 168 167 37/59
166 168 168 278/699
166 168 167 197/404
167 168 168 380/971
167 168 167 431/651
168 168 168 33/260
168 168 167 -93/739
136 169 169 61/155
136 169 168 1/10
137 169 169 109/273
137 169 168 81/800
138 169 169 319/788
138 169 168 29/267
139 169 169 313/763
139 169 168 71/650
140 169 169 231/556
140 169 168 85/728
141 169 169 397/944
141 169 168 95/814
142 169 169 197/463
142 169 168 89/715
143 169 169 182/423
143 169 168 93/752
144 169 169 197/453
144 169 168 17/129
145 169 169 373/849
145 169 168 121/930
146 169 169 185/417
146 169 168 19/137
147 169 169 416/929
147 169 168 17/125
148 169 169 253/560
148 169 168 44/303
149 169 169 77/169
149 169 168 118/835
150 169 169 457/995
150 169 168 124/819
151 169 169 361/780
151 169 168 145/993
152 169 169 324/695
152 169 168 14/89
153 169 169 23/49
153 169 168 149/993
154 169 169 463/980
154 169 168 140/859
155 169 169 241/507
155 169 168 109/711
156 169 169 469/981
156 169 168 133/789
157 169 169 460/957
157 169 168 47/302
158 169 169 100/207
158 169 168 149/855
159 169 169 315/649
159 169 168 129/823
160 169 169 253/519
160 169 168 61/338
161 169 169 440/899
161 169 168 153/980
162 169 169 28/57
162 169 168 171/910
163 169 169 173/351
163 169 168 151/989
164 169 169 307/621
164 169 168 156/787
165 169 169 403/813
165 169 168 139/966
166 169 169 238/479
166 169 168 203/942
167 169 169 471/946
167 169 168 74/603
168 169 169 199/399
168 169 168 143/566
169 169 169 456/913
169 169 168 60/947
122 170 170 311/968
122 170 169 199/936
123 170 170 151/467
123 170 169 89/406
124 170 170 188/575
124 170 169 219/974
125 170 170 171/520
125 170 169 71/307
126 170 170 249/749
126 170 169 182/769
127 170 170 269/805
127 170 169 223/918
128 170 170 51/151
128 170 169 227/915
129 170 170 19/56
129 170 169 61/240
130 170 170 335/977
130 170 169 64/247
131 170 170 253/735
131 170 169 216/815
132 170 170 8/23
132 170 169 99/367
133 170 170 119/341
133 170 169 143/519
134 170 170 286/811
134 170 169 275/982
135 170 170 303/857
135 170 169 2/7
136 170 170 144/403
136 170 169 281/969
137 170 170 213/595
137 170 169 211/714
138 170 170 334/923
138 170 169 169/564
139 170 170 359/991
139 170 169 18/59
140 170 170 137/374
140 170 169 123/398
141 170 170 48/131
141 170 169 205/652
142 170 170 43/116
142 170 169 197/619
143 170 170 163/440
143 170 169 144/445
144 170 170 3/8
144 170 169 73/223
145 170 170 82/219
145 170 169 178/535
146 170 170 277/730
146 170 169 251/746
147 170 170 14/37
147 170 169 253/740
148 170 170 235/612
148 170 169 65/188
149 170 170 382/999
149 170 169 345/982
150 170 170 201/517
150 170 169 284/799
151 170 170 281/727
151 170 169 56/155
152 170 170 119/302
152 170 169 101/276
153 170 170 346/885
153 170 169 83/223
154 170 170 2/5
154 170 169 167/442
155 170 170 78/197
155 170 169 287/746
156 170 170 11/27
156 170 169 367/936
157 170 170 391/973
157 170 169 2/5
158 170 170 221/530
158 170 169 94/229
159 170 170 296/723
159 170 169 254/605
160 170 170 353/820
160 170 169 363/832
161 170 170 396/943
161 170 169 444/991
162 170 170 368/815
162 170 169 435/913
163 170 170 431/988
163 170 169 63/128
164 170 170 171/350
164 170 169 75/137
165 170 170 199/428
165 170 169 328/575
166 170 170 223/426
166 170 169 568/941
167 170 170 151/314
167 170 169 622/977
168 170 170 629/944
168 170 169 229/263
169 170 170 329/557
169 170 169 951/989
170 170 170 424/785
170 170 169 375/859
91 171 171 58/441
91 171 170 39/836
92 171 171 113/841
92 171 170 41/864
93 171 171 39/284
93 171 170 7/145
94 171 171 29/207
94 171 170 47/958
95 171 171 143/1000
95 171 170 18/361
96 171 171 140/961
96 171 170 49/968
97 171 171 139/936
97 171 170 31/603
98 171 171 47/311
98 171 170 23/441
99 171 171 153/994
99 171 170 29/548
100 171 171 135/863
100 171 170 39/727
101 171 171 116/729
101 171 170 13/239
102 171 171 69/427
102 171 170 20/363
103 171 171 123/749
103 171 170 23/412
104 171 171 1/6
104 171 170 23/407
105 171 171 146/863
105 171 170 40/699
106 171 171 148/863
106 171 170 51/881
107 171 171 95/546
107 171 170 43/734
108 171 171 175/993
108 171 170 43/726
109 171 171 67/375
109 171 170 13/217
110 171 171 100/553
110 171 170 52/859
111 171 171 181/988
111 171 170 41/670
112 171 171 131/707
112 171 170 61/987
113 171 171 121/645
113 171 170 62/993
114 171 171 73/385
114 171 170 59/936
115 171 171 179/933
115 171 170 55/864
116 171 171 131/676
116 171 170 51/794
117 171 171 146/745
117 171 170 26/401
118 171 171 91/460
118 171 170 65/994
119 171 171 1/5
119 171 170 58/879
120 171 171 70/347
120 171 170 61/917
121 171 171 161/790
121 171 170 52/775
122 171 171 202/983
122 171 170 19/281
123 171 171 94/453
123 171 170 3/44
124 171 171 133/636
124 171 170 25/364
125 171 171 141/668
125 171 170 65/939
126 171 171 145/682
126 171 170 32/459
127 171 171 198/923
127 171 170 17/242
128 171 171 211/977
128 171 170 50/707
129 171 171 22/101
129 171 170 53/744
130 171 171 217/990
130 171 170 56/781
131 171 171 101/457
131 171 170 53/734
132 171 171 221/994
132 171 170 38/523
133 171 171 95/424
133 171 170 73/998
134 171 171 157/697
134 171 170 17/231
135 171 171 180/793
135 171 170 2/27
136 171 171 190/833
136 171 170 69/926
137 171 171 91/396
137 171 170 3/40
138 171 171 229/992
138 171 170 31/411
139 171 171 83/357
139 171 170 17/224
140 171 171 88/377
140 171 170 10/131
141 171 171 67/285
141 171 170 48/625
142 171 171 155/657
142 171 170 18/233
143 171 171 177/745
143 171 170 68/875
144 171 171 97/407
144 171 170 52/665
145 171 171 6/25
145 171 170 73/928
146 171 171 103/428
146 171 170 62/783
147 171 171 119/491
147 171 170 65/816
148 171 171 103/424
148 171 170 80/997
149 171 171 242/989
149 171 170 31/384
150 171 171 203/828
150 171 170 53/651
151 171 171 187/757
151 171 170 34/415
152 171 171 169/683
152 171 170 73/882
153 171 171 223/894
153 171 170 1/12
154 171 171 249/997
154 171 170 33/391
155 171 171 31/123
155 171 170 59/694
156 171 171 235/931
156 171 170 16/185
157 171 171 244/957
157 171 170 81/929
158 171 171 244/955
158 171 170 87/974
159 171 171 174/673
159 171 170 89/987
160 171 171 171/659
160 171 170 33/353
161 171 171 247/938
161 171 170 59/624
162 171 171 13/49
162 171 170 66/659
163 171 171 241/891
163 171 170 32/315
164 171 171 232/843
164 171 170 95/847
165 171 171 235/831
165 171 170 113/989
166 171 171 212/717
166 171 170 137/995
167 171 171 274/889
167 171 170 12/85
168 171 171 287/870
168 171 170 85/773
169 171 171 107/240
169 171 170 315/793
170 171 171 97/208
170 171 170 52/119
171 171 171 478/813
171 171 170 35/428
