# UNIF(n=78,lo,hi): D_ren + dipoles; lines "lo hi level amplitude" for the corrected intervals
64 64 64 48/499
64 64 63 -1/326
65 65 65 31/261
65 65 64 61/653
66 66 66 64/481
66 66 65 7/801
67 67 67 54/349
67 67 66 19/139
68 68 68 161/908
68 68 67 16/779
67 69 69 113/655
67 69 68 107/661
69 69 69 149/764
69 69 68 139/779
68 70 70 133/656
68 70 69 24/787
70 70 70 23/269
70 70 69 -49/718
67 71 71 92/393
67 71 70 151/584
69 71 71 77/907
69 71 70 -3/65
70 71 71 8/273
70 71 70 -5/963
71 71 71 81/908
71 71 70 -11/141
66 72 72 229/898
66 72 71 53/981
68 72 72 163/574
68 72 71 43/659
69 72 72 244/823
69 72 71 73/539
70 72 72 4/13
70 72 71 58/877
71 72 72 67/211
71 72 71 155/906
72 72 72 15/46
72 72 71 25/533
65 73 73 288/829
65 73 72 391/888
66 73 73 89/250
66 73 72 239/469
67 73 73 123/338
67 73 72 139/299
68 73 73 347/935
68 73 72 530/959
69 73 73 71/188
69 73 72 428/897
70 73 73 344/897
70 73 72 598/997
71 73 73 185/476
71 73 72 467/996
72 73 73 384/991
72 73 72 463/708
73 73 73 19/55
73 73 72 278/893
62 74 74 230/569
62 74 73 29/285
63 74 74 405/973
63 74 73 81/637
64 74 74 56/131
64 74 73 109/940
65 74 74 60/137
65 74 73 23/158
66 74 74 419/936
66 74 73 85/671
67 74 74 431/944
67 74 73 137/838
68 74 74 428/921
68 74 73 53/399
69 74 74 93/197
69 74 73 119/652
70 74 74 101/211
70 74 73 55/417
71 74 74 203/419
71 74 73 116/561
72 74 74 187/382
72 74 73 59/505
73 74 74 199/403
73 74 73 223/895
74 74 74 458/921
74 74 73 52/841
55 75 75 313/934
55 75 74 118/513
56 75 75 191/566
56 75 74 164/665
57 75 75 167/478
57 75 74 17/65
58 75 75 109/311
58 75 74 83/299
59 75 75 361/993
59 75 74 251/858
60 75 75 81/223
60 75 74 41/133
61 75 75 115/304
61 75 74 220/679
62 75 75 302/803
62 75 74 300/883
63 75 75 239/606
63 75 74 142/397
64 75 75 389/998
64 75 74 316/845
65 75 75 170/411
65 75 74 356/897
66 75 75 346/853
66 75 74 216/521
67 75 75 371/844
67 75 74 344/767
68 75 75 255/598
68 75 74 206/439
69 75 75 137/285
69 75 74 428/809
70 75 75 39/85
70 75 74 451/811
71 75 75 181/349
71 75 74 523/883
72 75 75 455/953
72 75 74 611/972
73 75 75 633/952
73 75 74 412/475
74 75 75 427/724
74 75 74 71/74
75 75 75 224/415
75 75 74 149/342
42 76 76 93/683
42 76 75 12/245
43 76 76 112/787
43 76 75 3/59
44 76 76 139/933
44 76 75 44/835
45 76 76 145/937
45 76 75 48/881
46 76 76 92/571
46 76 75 9/160
47 76 76 166/997
47 76 75 4/69
48 76 76 141/817
48 76 75 46/771
49 76 76 149/839
49 76 75 49/799
50 76 76 53/289
50 76 75 9/143
51 76 76 91/484
51 76 75 47/728
52 76 76 6/31
52 76 75 31/469
53 76 76 18/91
53 76 75 13/192
54 76 76 196/965
54 76 75 11/159
55 76 76 148/715
55 76 75 57/805
56 76 76 207/976
56 76 75 71/983
57 76 76 69/320
57 76 75 55/744
58 76 76 15/68
58 76 75 43/571
59 76 76 207/925
59 76 75 73/946
60 76 76 126/551
60 76 75 64/815
61 76 76 129/557
61 76 75 23/285
62 76 76 79/334
62 76 75 65/792
63 76 76 123/514
63 76 75 71/837
64 76 76 11/45
64 76 75 32/371
65 76 76 209/845
65 76 75 41/455
66 76 76 233/921
66 76 75 65/709
67 76 76 29/113
67 76 75 13/133
68 76 76 247/938
68 76 75 25/251
69 76 76 267/991
69 76 75 22/199
70 76 76 271/974
70 76 75 93/823
71 76 76 45/154
71 76 75 121/885
72 76 76 269/880
72 76 75 42/299
73 76 76 43/131
73 76 75 43/393
74 76 76 397/891
74 76 75 293/734
75 76 76 143/306
75 76 75 373/855
76 76 76 10/17
76 76 75 56/687
