# UNIF(n=229,lo,hi): D_ren + dipoles; lines "lo hi level amplitude" for the corrected intervals
199 199 199 7/173
199 199 198 -3/854
200 200 200 23/848
200 200 199 -1/446
201 201 201 37/760
201 201 200 -1/1000
202 202 202 20/733
202 202 201 -5/866
203 203 203 45/784
203 203 202 2/805
204 204 204 1/36
204 204 203 -2/213
205 205 205 39/584
205 205 204 5/912
206 206 206 19/663
206 206 205 -1/76
207 207 207 37/480
207 207 206 5/586
208 208 208 16/533
208 208 207 -13/758
207 209 209 7/109
207 209 208 0
209 209 209 68/767
209 209 208 7/599
208 210 210 2/53
208 210 209 -1/217
210 210 210 49/515
210 210 209 51/571
209 211 211 56/681
209 211 210 5/733
211 211 211 56/549
211 211 210 12/799
210 212 212 89/944
210 212 211 2/23
212 212 212 25/232
212 212 211 77/752
209 213 213 80/943
209 213 212 6/871
211 213 213 9/88
211 213 212 4/283
213 213 213 29/246
213 213 212 11/590
210 214 214 5/116
210 214 213 -1/154
212 214 214 91/788
212 214 213 79/688
214 214 214 65/528
214 214 213 79/670
211 215 215 67/598
211 215 214 1/55
213 215 215 28/223
213 215 214 22/997
215 215 215 128/931
215 215 214 1/44
210 216 216 77/648
210 216 215 66/533
212 216 216 3/23
212 216 215 106/767
214 216 216 29/206
214 216 215 67/454
216 216 216 99/695
216 216 215 10/73
211 217 217 123/928
211 217 216 20/729
213 217 217 129/896
213 217 216 19/619
215 217 217 46/911
215 217 216 -33/916
216 217 217 95/599
216 217 216 91/1000
217 217 217 7/43
217 217 216 25/909
210 218 218 92/623
210 218 217 153/910
212 218 218 134/853
212 218 217 108/601
214 218 218 23/139
214 218 217 107/572
215 218 218 87/514
215 218 217 261/967
216 218 218 127/735
216 218 217 77/408
217 218 218 153/869
217 218 217 116/391
218 218 218 113/673
218 218 217 41/254
209 219 219 139/890
209 219 218 14/365
211 219 219 1/6
211 219 218 27/632
212 219 219 6/35
212 219 218 5/67
213 219 219 142/807
213 219 218 20/441
214 219 219 82/455
214 219 218 5/59
215 219 219 7/38
215 219 218 35/767
216 219 219 171/910
216 219 218 28/291
217 219 219 54/955
217 219 218 -42/907
218 219 219 2/139
218 219 218 -7/888
219 219 219 121/613
219 219 218 23/689
208 220 220 123/667
208 220 219 87/386
210 220 220 178/925
210 220 219 9/38
211 220 220 61/311
211 220 219 203/718
212 220 220 115/576
212 220 219 97/395
213 220 220 137/675
213 220 219 292/971
214 220 220 95/461
214 220 219 209/833
215 220 220 121/579
215 220 219 289/904
216 220 220 134/633
216 220 219 241/958
217 220 220 175/817
217 220 219 184/539
218 220 220 202/933
218 220 219 201/820
219 220 220 148/677
219 220 219 359/972
220 220 220 158/777
220 220 219 145/746
205 221 221 157/810
205 221 220 1/19
207 221 221 56/275
207 221 220 23/396
208 221 221 76/365
208 221 220 49/638
209 221 221 179/842
209 221 220 42/671
210 221 221 189/872
210 221 220 47/557
211 221 221 32/145
211 221 220 58/879
212 221 221 193/860
212 221 220 22/239
213 221 221 204/895
213 221 220 66/971
214 221 221 151/653
214 221 220 56/559
215 221 221 86/367
215 221 220 49/720
216 221 221 51/215
216 221 220 95/868
217 221 221 77/321
217 221 220 35/536
218 221 221 150/619
218 221 220 107/883
219 221 221 45/184
219 221 220 13/225
220 221 221 235/953
220 221 220 43/311
221 221 221 72/941
221 221 220 -67/899
202 222 222 49/655
202 222 221 -6/973
203 222 222 54/797
203 222 221 -4/917
204 222 222 53/739
204 222 221 -4/299
205 222 222 54/845
205 222 221 -1/96
206 222 222 53/768
206 222 221 -9/446
207 222 222 44/731
207 222 221 -9/569
208 222 222 66/989
208 222 221 -7/263
209 222 222 47/831
209 222 221 -13/634
210 222 222 48/739
210 222 221 -21/641
211 222 222 29/548
211 222 221 -1/41
212 222 222 31/486
212 222 221 -17/439
213 222 222 45/916
213 222 221 -12/439
214 222 222 56/883
214 222 221 -43/962
215 222 222 27/601
215 222 221 -28/963
216 222 222 34/123
216 222 221 29/82
217 222 222 79/284
217 222 221 94/221
218 222 222 249/890
218 222 221 266/765
219 222 222 9/32
219 222 221 207/463
220 222 222 4/55
220 222 221 -54/791
221 222 222 1/46
221 222 221 -4/211
222 222 222 85/992
222 222 221 -46/545
197 223 223 251/974
197 223 222 41/581
198 223 223 221/842
198 223 222 55/691
199 223 223 254/951
199 223 222 38/495
200 223 223 211/777
200 223 222 71/822
201 223 223 8/29
201 223 222 55/667
202 223 223 275/982
202 223 222 79/851
203 223 223 73/257
203 223 222 29/331
204 223 223 150/521
204 223 222 88/889
205 223 223 247/847
205 223 222 13/141
206 223 223 263/891
206 223 222 15/143
207 223 223 295/988
207 223 222 5/52
208 223 223 115/381
208 223 222 99/895
209 223 223 290/951
209 223 222 49/493
210 223 223 117/380
210 223 222 113/972
211 223 223 183/589
211 223 222 57/560
212 223 223 162/517
212 223 222 107/877
213 223 223 301/953
213 223 222 63/611
214 223 223 7/22
214 223 222 97/757
215 223 223 33/103
215 223 222 45/437
216 223 223 69/214
216 223 222 78/577
217 223 223 12/37
217 223 222 31/308
218 223 223 314/963
218 223 222 78/541
219 223 223 327/998
219 223 222 67/708
220 223 223 207/629
220 223 222 48/305
221 223 223 261/790
221 223 222 53/651
222 223 223 304/917
222 223 222 172/953
223 223 223 133/400
223 223 222 19/371
191 224 224 101/294
191 224 223 56/121
192 224 224 307/886
192 224 223 181/391
193 224 224 341/976
193 224 223 47/99
194 224 224 305/866
194 224 223 417/880
195 224 224 137/386
195 224 223 35/72
196 224 224 59/165
196 224 223 442/913
197 224 224 300/833
197 224 223 402/809
198 224 224 33/91
198 224 223 39/79
199 224 224 353/967
199 224 223 353/696
200 224 224 241/656
200 224 223 304/605
201 224 224 241/652
201 224 223 61/118
202 224 224 364/979
202 224 223 97/190
203 224 224 341/912
203 224 223 391/743
204 224 224 256/681
204 224 223 481/929
205 224 224 314/831
205 224 223 358/669
206 224 224 161/424
206 224 223 402/767
207 224 224 301/789
207 224 223 417/767
208 224 224 187/488
208 224 223 350/661
209 224 224 147/382
209 224 223 329/596
210 224 224 17/44
210 224 223 340/637
211 224 224 121/312
211 224 223 534/953
212 224 224 137/352
212 224 223 293/546
213 224 224 107/274
213 224 223 33/58
214 224 224 237/605
214 224 223 385/716
215 224 224 387/985
215 224 223 483/835
216 224 224 13/33
216 224 223 37/69
217 224 224 359/909
217 224 223 151/256
218 224 224 382/965
218 224 223 216/407
219 224 224 215/542
219 224 223 569/940
220 224 224 31/78
220 224 223 246/475
221 224 224 84/211
221 224 223 383/608
222 224 224 61/153
222 224 223 258/527
223 224 224 306/781
223 224 223 238/359
224 224 224 125/986
224 224 223 -68/539
180 225 225 317/806
180 225 224 19/191
181 225 225 134/337
181 225 224 94/931
182 225 225 389/968
182 225 224 77/727
183 225 225 54/133
183 225 224 107/999
184 225 225 57/139
184 225 224 101/901
185 225 225 171/413
185 225 224 20/177
186 225 225 415/993
186 225 224 91/771
187 225 225 369/875
187 225 224 44/371
188 225 225 77/181
188 225 224 12/97
189 225 225 402/937
189 225 224 100/807
190 225 225 388/897
190 225 224 121/937
191 225 225 361/828
191 225 224 102/791
192 225 225 344/783
192 225 224 9/67
193 225 225 212/479
193 225 224 123/920
194 225 225 415/931
194 225 224 61/438
195 225 225 443/987
195 225 224 88/637
196 225 225 347/768
196 225 224 73/507
197 225 225 231/508
197 225 224 109/766
198 225 225 167/365
198 225 224 117/788
199 225 225 359/780
199 225 224 121/828
200 225 225 449/970
200 225 224 86/563
201 225 225 276/593
201 225 224 85/568
202 225 225 437/934
202 225 224 117/746
203 225 225 324/689
203 225 224 57/373
204 225 225 43/91
204 225 224 95/591
205 225 225 122/257
205 225 224 61/392
206 225 225 185/388
206 225 224 140/851
207 225 225 113/236
207 225 224 82/519
208 225 225 237/493
208 225 224 92/547
209 225 225 83/172
209 225 224 138/863
210 225 225 293/605
210 225 224 127/739
211 225 225 415/854
211 225 224 119/738
212 225 225 449/921
212 225 224 49/279
213 225 225 466/953
213 225 224 129/797
214 225 225 229/467
214 225 224 101/562
215 225 225 442/899
215 225 224 31/192
216 225 225 449/911
216 225 224 181/981
217 225 225 41/83
217 225 224 67/420
218 225 225 446/901
218 225 224 173/907
219 225 225 489/986
219 225 224 148/955
220 225 225 232/467
220 225 224 1/5
221 225 225 304/611
221 225 224 60/413
222 225 225 419/841
222 225 224 181/836
223 225 225 207/415
223 225 224 106/859
224 225 225 350/701
224 225 224 145/573
225 225 225 499/999
225 225 224 50/787
161 226 226 59/185
161 226 225 164/787
162 226 226 253/787
162 226 225 10/47
163 226 226 264/817
163 226 225 215/988
164 226 226 99/304
164 226 225 197/888
165 226 226 268/819
165 226 225 196/865
166 226 226 61/185
166 226 225 203/880
167 226 226 52/157
167 226 225 4/17
168 226 226 318/953
168 226 225 39/163
169 226 226 321/958
169 226 225 157/644
170 226 226 295/874
170 226 225 155/626
171 226 226 144/425
171 226 225 218/865
172 226 226 330/967
172 226 225 101/395
173 226 226 338/987
173 226 225 253/973
174 226 226 189/548
174 226 225 107/406
175 226 226 155/448
175 226 225 162/605
176 226 226 77/221
176 226 225 205/756
177 226 226 29/83
177 226 225 117/425
178 226 226 336/955
178 226 225 100/359
179 226 226 176/499
179 226 225 271/959
180 226 226 179/504
180 226 225 2/7
181 226 226 247/694
181 226 225 188/649
182 226 226 329/918
182 226 225 283/967
183 226 226 275/766
183 226 225 43/145
184 226 226 265/733
184 226 225 253/845
185 226 226 324/895
185 226 225 47/155
186 226 226 35/96
186 226 225 272/889
187 226 226 335/918
187 226 225 258/833
188 226 226 297/808
188 226 225 243/778
189 226 226 317/862
189 226 225 250/791
190 226 226 319/861
190 226 225 115/361
191 226 226 319/861
191 226 225 281/872
192 226 226 317/849
192 226 225 187/576
193 226 226 231/619
193 226 225 328/999
194 226 226 345/917
194 226 225 329/995
195 226 226 289/769
195 226 225 334/999
196 226 226 279/736
196 226 225 275/817
197 226 226 333/880
197 226 225 276/811
198 226 226 364/953
198 226 225 260/759
199 226 226 381/1000
199 226 225 204/589
200 226 226 209/543
200 226 225 213/611
201 226 226 117/305
201 226 225 49/139
202 226 226 381/982
202 226 225 346/975
203 226 226 231/598
203 226 225 355/989
204 226 226 9/23
204 226 225 325/899
205 226 226 293/753
205 226 225 15/41
206 226 226 47/119
206 226 225 274/743
207 226 226 391/997
207 226 225 276/739
208 226 226 293/734
208 226 225 371/984
209 226 226 307/776
209 226 225 112/293
210 226 226 359/888
210 226 225 183/473
211 226 226 267/668
211 226 225 11/28
212 226 226 122/297
212 226 225 359/899
213 226 226 185/457
213 226 225 371/913
214 226 226 60/143
214 226 225 181/435
215 226 226 240/583
215 226 225 110/259
216 226 226 16/37
216 226 225 433/983
217 226 226 293/695
217 226 225 443/981
218 226 226 428/945
218 226 225 431/899
219 226 226 405/926
219 226 225 46/93
220 226 226 442/903
220 226 225 228/415
221 226 226 339/728
221 226 225 461/806
222 226 226 447/853
222 226 225 251/415
223 226 226 463/962
223 226 225 51/80
224 226 226 665/998
224 226 225 358/411
225 226 226 397/672
225 226 225 403/419
226 226 226 437/809
226 226 225 355/813
120 227 227 49/376
120 227 226 36/779
121 227 227 129/973
121 227 226 43/918
122 227 227 45/334
122 227 226 13/274
123 227 227 96/701
123 227 226 26/541
124 227 227 115/827
124 227 226 9/185
125 227 227 137/970
125 227 226 43/873
126 227 227 137/956
126 227 226 46/923
127 227 227 8/55
127 227 226 35/694
128 227 227 137/929
128 227 226 51/1000
129 227 227 35/234
129 227 226 44/853
130 227 227 117/772
130 227 226 28/537
131 227 227 104/677
131 227 226 33/626
132 227 227 7/45
132 227 226 40/751
133 227 227 133/844
133 227 226 19/353
134 227 227 37/232
134 227 226 53/975
135 227 227 88/545
135 227 226 52/947
136 227 227 57/349
136 227 226 51/920
137 227 227 79/478
137 227 226 37/661
138 227 227 67/401
138 227 226 37/655
139 227 227 109/645
139 227 226 13/228
140 227 227 139/814
140 227 226 57/991
141 227 227 135/782
141 227 226 48/827
142 227 227 34/195
142 227 226 35/598
143 227 227 151/857
143 227 226 16/271
144 227 227 119/669
144 227 226 56/941
145 227 227 122/679
145 227 226 59/983
146 227 227 163/899
146 227 226 15/248
147 227 227 106/579
147 227 226 5/82
148 227 227 53/287
148 227 226 43/700
149 227 227 137/735
149 227 226 13/210
150 227 227 184/979
150 227 226 26/417
151 227 227 150/791
151 227 226 49/780
152 227 227 151/790
152 227 226 21/332
153 227 227 107/555
153 227 226 23/361
154 227 227 142/731
154 227 226 27/421
155 227 227 180/919
155 227 226 31/480
156 227 227 131/664
156 227 226 57/877
157 227 227 176/885
157 227 226 53/810
158 227 227 165/824
158 227 226 58/881
159 227 227 158/783
159 227 226 11/166
160 227 227 196/965
160 227 226 1/15
161 227 227 168/821
161 227 226 11/164
162 227 227 202/981
162 227 226 23/341
163 227 227 73/352
163 227 226 53/781
164 227 227 208/997
164 227 226 67/982
165 227 227 121/576
165 227 226 7/102
166 227 227 15/71
166 227 226 69/1000
167 227 227 198/931
167 227 226 29/418
168 227 227 65/304
168 227 226 41/588
169 227 227 201/934
169 227 226 19/271
170 227 227 146/675
170 227 226 41/582
171 227 227 37/170
171 227 226 25/353
172 227 227 124/567
172 227 226 55/773
173 227 227 211/959
173 227 226 58/811
174 227 227 204/923
174 227 226 63/877
175 227 227 221/994
175 227 226 27/374
176 227 227 167/748
176 227 226 53/731
177 227 227 130/579
177 227 226 62/851
178 227 227 211/936
178 227 226 73/998
179 227 227 17/75
179 227 226 38/517
180 227 227 124/545
180 227 226 49/664
181 227 227 78/341
181 227 226 47/634
182 227 227 216/941
182 227 226 16/215
183 227 227 3/13
183 227 226 45/602
184 227 227 222/959
184 227 226 58/773
185 227 227 151/649
185 227 226 63/836
186 227 227 228/977
186 227 226 68/899
187 227 227 197/840
187 227 226 73/961
188 227 227 218/927
188 227 226 17/223
189 227 227 95/402
189 227 226 16/209
190 227 227 95/401
190 227 226 64/833
191 227 227 234/983
191 227 226 26/337
192 227 227 209/876
192 227 226 59/762
193 227 227 35/146
193 227 226 29/373
194 227 227 239/995
194 227 226 27/346
195 227 227 237/982
195 227 226 59/753
196 227 227 235/972
196 227 226 7/89
197 227 227 232/955
197 227 226 68/861
198 227 227 163/670
198 227 226 77/971
199 227 227 155/634
199 227 226 52/653
200 227 227 117/478
200 227 226 2/25
201 227 227 185/752
201 227 226 78/971
202 227 227 180/731
202 227 226 44/545
203 227 227 176/711
203 227 226 3/37
204 227 227 27/109
204 227 226 27/331
205 227 227 69/277
205 227 226 79/964
206 227 227 239/959
206 227 226 69/836
207 227 227 86/343
207 227 226 55/663
208 227 227 77/307
208 227 226 19/227
209 227 227 101/400
209 227 226 67/796
210 227 227 221/875
210 227 226 31/364
211 227 227 240/943
211 227 226 3/35
212 227 227 55/216
212 227 226 27/310
213 227 227 232/903
213 227 226 83/946
214 227 227 205/797
214 227 226 81/902
215 227 227 136/523
215 227 226 76/839
216 227 227 236/905
216 227 226 32/341
217 227 227 55/208
217 227 226 59/622
218 227 227 41/154
218 227 226 74/737
219 227 227 83/306
219 227 226 96/943
220 227 227 235/852
220 227 226 92/819
221 227 227 232/819
221 227 226 85/743
222 227 227 262/885
222 227 226 101/733
223 227 227 120/389
223 227 226 25/177
224 227 227 168/509
224 227 226 56/509
225 227 227 70/157
225 227 226 293/738
226 227 227 366/785
226 227 226 434/993
227 227 227 107/182
227 227 226 67/819
