# UNIF(n=235,lo,hi): D_ren + dipoles; lines "lo hi level amplitude" for the corrected intervals
205 205 205 15/359
205 205 204 -2/745
206 206 206 2/75
206 206 205 -3/986
207 207 207 15/301
207 207 206 0
208 208 208 16/595
208 208 207 -5/773
209 209 209 39/668
209 209 208 1/322
210 210 210 9/328
210 210 209 -6/601
211 211 211 19/281
211 211 210 3/499
212 212 212 25/881
212 212 211 -4/293
213 213 213 7/90
213 213 212 7/780
214 214 214 7/235
214 214 213 -14/797
213 215 215 62/939
213 215 214 1/1000
215 215 215 29/325
215 215 214 1/83
214 216 216 13/350
214 216 215 -1/176
216 216 216 44/461
216 216 215 38/423
215 217 217 59/705
215 217 216 1/129
217 217 217 79/771
217 217 216 10/653
216 218 218 82/859
216 218 217 17/191
218 218 218 77/713
218 218 217 11/107
215 219 219 41/472
215 219 218 1/122
217 219 219 103/996
217 219 218 13/874
219 219 219 35/296
219 219 218 1/53
216 220 220 34/801
216 220 219 -7/911
218 220 220 103/885
218 220 219 39/335
220 220 220 9/73
220 220 219 24/203
217 221 221 66/581
217 221 220 9/469
219 221 221 11/87
219 221 220 11/486
221 221 221 112/813
221 221 220 3/131
216 222 222 89/738
216 222 221 8/63
218 222 222 72/547
218 222 221 55/392
220 222 222 71/502
220 222 221 137/921
222 222 222 73/512
222 222 221 66/481
215 223 223 16/131
215 223 222 15/634
217 223 223 96/715
217 223 222 1/35
219 223 223 55/379
219 223 222 5/159
221 223 223 49/979
221 223 222 -24/661
222 223 223 128/805
222 223 222 79/866
223 223 223 37/227
223 223 222 21/760
216 224 224 62/415
216 224 223 81/473
218 224 224 149/941
218 224 223 121/665
219 224 224 141/868
219 224 223 232/935
220 224 224 74/445
220 224 223 145/769
221 224 224 79/465
221 224 223 103/380
222 224 224 136/785
222 224 223 185/976
223 224 224 88/499
223 224 223 85/286
224 224 224 148/881
224 224 223 143/885
215 225 225 67/423
215 225 224 28/703
217 225 225 154/915
217 225 224 26/593
218 225 225 144/833
218 225 224 48/635
219 225 225 163/920
219 225 224 3/65
220 225 225 110/607
220 225 224 24/281
221 225 225 37/200
221 225 224 44/953
222 225 225 23/122
222 225 224 63/652
223 225 225 37/658
223 225 224 -2/43
224 225 225 2/141
224 225 224 -6/749
225 225 225 191/967
225 225 224 33/986
212 226 226 50/281
212 226 225 46/213
214 226 226 128/687
214 226 225 160/699
215 226 226 179/941
215 226 225 71/265
216 226 226 32/165
216 226 225 144/601
217 226 226 140/709
217 226 225 217/761
218 226 226 152/757
218 226 225 53/214
219 226 226 114/559
219 226 225 229/757
220 226 226 6/29
220 226 225 79/313
221 226 226 126/601
221 226 225 293/913
222 226 226 191/900
222 226 225 124/491
223 226 226 97/452
223 226 225 13/38
224 226 226 142/655
224 226 225 113/460
225 226 226 156/713
225 226 225 217/587
226 226 226 203/998
226 226 225 176/905
211 227 227 59/300
211 227 226 3/55
212 227 227 198/983
212 227 226 35/494
213 227 227 193/937
213 227 226 33/553
214 227 227 167/794
214 227 226 32/409
215 227 227 80/373
215 227 226 55/861
216 227 227 147/673
216 227 226 13/152
217 227 227 2/9
217 227 226 41/612
218 227 227 151/669
218 227 226 46/495
219 227 227 41/179
219 227 226 20/291
220 227 227 88/379
220 227 226 49/486
221 227 227 162/689
221 227 226 19/277
222 227 227 142/597
222 227 226 10/91
223 227 227 25/104
223 227 226 30/457
224 227 227 25/103
224 227 226 64/527
225 227 227 83/339
225 227 226 4/69
226 227 227 229/928
226 227 226 53/383
227 227 227 25/327
227 227 226 -39/523
208 228 228 31/421
208 228 227 -4/473
209 228 228 1/15
209 228 227 -5/772
210 228 228 64/905
210 228 227 -4/261
211 228 228 8/127
211 228 227 -12/983
212 228 228 3/44
212 228 227 -20/917
213 228 228 23/387
213 228 227 -16/925
214 228 228 64/969
214 228 227 -13/465
215 228 228 8/143
215 228 227 -15/691
216 228 228 36/559
216 228 227 -9/266
217 228 228 41/782
217 228 227 -11/434
218 228 228 37/584
218 228 227 -18/455
219 228 228 41/841
219 228 227 -11/392
220 228 228 33/523
220 228 227 -31/684
221 228 228 43/963
221 228 227 -9/304
222 228 228 139/502
222 228 227 39/110
223 228 228 100/359
223 228 227 412/967
224 228 228 149/532
224 228 227 101/290
225 228 228 161/572
225 228 227 81/181
226 228 228 17/234
226 228 227 -13/190
227 228 228 17/784
227 228 227 -2/105
228 228 228 55/642
228 228 227 -82/971
203 229 229 227/868
203 229 228 63/860
204 229 229 257/966
204 229 228 73/889
205 229 229 268/991
205 229 228 36/455
206 229 229 64/233
206 229 228 31/350
207 229 229 109/391
207 229 228 6/71
208 229 229 257/909
208 229 228 79/834
209 229 229 249/869
209 229 228 79/884
210 229 229 157/541
210 229 228 67/666
211 229 229 220/749
211 229 228 83/886
212 229 229 41/138
212 229 228 17/160
213 229 229 267/889
213 229 228 41/421
214 229 229 115/379
214 229 228 99/886
215 229 229 197/643
215 229 228 25/249
216 229 229 64/207
216 229 228 43/367
217 229 229 295/946
217 229 228 99/965
218 229 229 127/404
218 229 228 121/986
219 229 229 89/281
219 229 228 89/858
220 229 229 318/997
220 229 228 35/272
221 229 229 148/461
221 229 228 3/29
222 229 229 52/161
222 229 228 101/745
223 229 229 291/896
223 229 228 52/515
224 229 229 205/628
224 229 228 144/997
225 229 229 223/680
225 229 228 90/949
226 229 229 300/911
226 229 228 135/857
227 229 229 275/832
227 229 228 15/184
228 229 229 64/193
228 229 228 13/72
229 229 229 140/421
229 229 228 33/644
196 230 230 169/492
196 230 229 155/339
197 230 230 283/817
197 230 229 193/412
198 230 230 22/63
198 230 229 59/126
199 230 230 208/591
199 230 229 463/965
200 230 230 50/141
200 230 229 56/117
201 230 230 354/991
201 230 229 261/532
202 230 230 359/998
202 230 229 482/987
203 230 230 356/983
203 230 229 282/563
204 230 230 187/513
204 230 229 191/384
205 230 230 84/229
205 230 229 311/609
206 230 230 224/607
206 230 229 485/959
207 230 230 121/326
207 230 229 13/25
208 230 230 343/919
208 230 229 481/937
209 230 230 212/565
209 230 229 55/104
210 230 230 287/761
210 230 229 503/967
211 230 230 274/723
211 230 229 331/616
212 230 230 257/675
212 230 229 161/306
213 230 230 148/387
213 230 229 545/999
214 230 230 207/539
214 230 229 230/433
215 230 230 337/874
215 230 229 243/439
216 230 230 257/664
216 230 229 160/299
217 230 230 383/986
217 230 229 333/593
218 230 230 251/644
218 230 229 164/305
219 230 230 269/688
219 230 229 481/844
220 230 230 20/51
220 230 229 538/999
221 230 230 256/651
221 230 229 439/758
222 230 230 151/383
222 230 229 532/991
223 230 230 296/749
223 230 229 477/808
224 230 230 221/558
224 230 229 401/755
225 230 230 302/761
225 230 229 493/814
226 230 230 163/410
226 230 229 157/303
227 230 230 221/555
227 230 229 615/976
228 230 230 193/484
228 230 229 404/825
229 230 230 96/245
229 230 229 242/365
230 230 230 9/71
230 230 229 -107/848
185 231 231 43/109
185 231 230 70/709
186 231 231 61/153
186 231 230 65/628
187 231 231 288/715
187 231 230 76/725
188 231 231 334/821
188 231 230 106/967
189 231 231 313/762
189 231 230 55/497
190 231 231 403/972
190 231 230 85/736
191 231 231 264/631
191 231 230 68/585
192 231 231 306/725
192 231 230 82/677
193 231 231 398/935
193 231 230 119/979
194 231 231 100/233
194 231 230 52/411
195 231 231 321/742
195 231 230 119/940
196 231 231 177/406
196 231 230 101/767
197 231 231 271/617
197 231 230 129/982
198 231 231 96/217
198 231 230 25/183
199 231 231 331/743
199 231 230 86/633
200 231 231 209/466
200 231 230 118/835
201 231 231 302/669
201 231 230 36/257
202 231 231 144/317
202 231 230 99/679
203 231 231 101/221
203 231 230 143/993
204 231 231 57/124
204 231 230 95/633
205 231 231 49/106
205 231 230 128/867
206 231 231 244/525
206 231 230 154/999
207 231 231 306/655
207 231 230 8/53
208 231 231 408/869
208 231 230 55/348
209 231 231 167/354
209 231 230 129/838
210 231 231 445/939
210 231 230 138/853
211 231 231 446/937
211 231 230 31/198
212 231 231 293/613
212 231 230 151/913
213 231 231 322/671
213 231 230 158/995
214 231 231 408/847
214 231 230 25/148
215 231 231 467/966
215 231 230 57/355
216 231 231 423/872
216 231 230 169/980
217 231 231 383/787
217 231 230 160/989
218 231 231 391/801
218 231 230 165/937
219 231 231 117/239
219 231 230 117/721
220 231 231 456/929
220 231 230 179/994
221 231 231 466/947
221 231 230 160/989
222 231 231 473/959
222 231 230 182/985
223 231 231 389/787
223 231 230 104/651
224 231 231 261/527
224 231 230 101/529
225 231 231 193/389
225 231 230 121/780
226 231 231 163/328
226 231 230 200/999
227 231 231 427/858
227 231 230 124/853
228 231 231 147/295
228 231 230 196/905
229 231 231 218/437
229 231 230 119/964
230 231 231 368/737
230 231 230 226/893
231 231 231 499/999
231 231 230 19/299
165 232 232 292/917
165 232 231 63/304
166 232 232 155/483
166 232 231 158/747
167 232 232 319/989
167 232 231 181/837
168 232 232 13/40
168 232 231 214/971
169 232 232 321/983
169 232 231 223/991
170 232 232 327/994
170 232 231 172/751
171 232 232 305/923
171 232 231 71/304
172 232 232 226/679
172 232 231 85/358
173 232 232 125/374
173 232 231 89/368
174 232 232 103/306
174 232 231 181/737
175 232 232 74/219
175 232 231 1/4
176 232 232 131/385
176 232 231 18/71
177 232 232 14/41
177 232 231 233/904
178 232 232 175/509
178 232 231 163/624
179 232 232 129/374
179 232 231 147/554
180 232 232 241/694
180 232 231 248/923
181 232 232 171/491
181 232 231 3/11
182 232 232 142/405
182 232 231 125/453
183 232 232 58/165
183 232 231 199/711
184 232 232 201/568
184 232 231 221/781
185 232 232 327/922
185 232 231 109/380
186 232 232 246/689
186 232 231 71/245
187 232 232 269/752
187 232 231 229/780
188 232 232 121/336
188 232 231 91/307
189 232 232 343/951
189 232 231 208/693
190 232 232 317/873
190 232 231 202/667
191 232 232 309/850
191 232 231 80/261
192 232 232 97/265
192 232 231 302/977
193 232 232 237/647
193 232 231 268/857
194 232 232 83/225
194 232 231 139/441
195 232 232 100/271
195 232 231 270/847
196 232 232 323/869
196 232 231 281/875
197 232 232 262/705
197 232 231 188/579
198 232 232 85/227
198 232 231 120/367
199 232 232 351/938
199 232 231 157/475
200 232 232 43/114
200 232 231 183/550
201 232 232 356/945
201 232 231 265/788
202 232 232 106/279
202 232 231 287/848
203 232 232 259/683
203 232 231 183/535
204 232 232 354/925
204 232 231 74/215
205 232 232 292/765
205 232 231 319/917
206 232 232 347/900
206 232 231 349/997
207 232 232 224/583
207 232 231 23/65
208 232 232 319/821
208 232 231 245/688
209 232 232 311/804
209 232 231 287/797
210 232 232 143/365
210 232 231 339/935
211 232 232 97/249
211 232 231 230/627
212 232 232 393/994
212 232 231 78/211
213 232 232 316/805
213 232 231 265/708
214 232 232 336/841
214 232 231 17/45
215 232 232 253/639
215 232 231 157/410
216 232 232 142/351
216 232 231 31/80
217 232 232 2/5
217 232 231 369/938
218 232 232 284/691
218 232 231 399/998
219 232 232 307/758
219 232 231 24/59
220 232 232 34/81
220 232 231 349/838
221 232 232 411/998
221 232 231 292/687
222 232 232 93/215
222 232 231 253/574
223 232 232 412/977
223 232 231 136/301
224 232 232 400/883
224 232 231 353/736
225 232 232 437/999
225 232 231 332/671
226 232 232 117/239
226 232 231 233/424
227 232 232 421/904
227 232 231 258/451
228 232 232 381/727
228 232 231 395/653
229 232 232 322/669
229 232 231 533/836
230 232 232 665/998
230 232 231 858/985
231 232 232 423/716
231 232 231 126/131
232 232 232 121/224
232 232 231 162/371
123 233 233 129/992
123 233 232 25/542
124 233 233 113/855
124 233 232 42/899
125 233 233 124/923
125 233 232 23/486
126 233 233 100/733
126 233 232 47/981
127 233 233 97/700
127 233 232 47/969
128 233 233 134/953
128 233 232 8/163
129 233 233 142/995
129 233 232 37/745
130 233 233 144/995
130 233 232 45/896
131 233 233 133/906
131 233 232 19/374
132 233 233 18/121
132 233 232 19/370
133 233 233 19/126
133 233 232 42/809
134 233 233 135/884
134 233 232 47/896
135 233 233 110/711
135 233 232 22/415
136 233 233 57/364
136 233 232 31/579
137 233 233 114/719
137 233 232 45/832
138 233 233 98/611
138 233 232 51/934
139 233 233 56/345
139 233 232 37/671
140 233 233 161/981
140 233 232 34/611
141 233 233 42/253
141 233 232 56/997
142 233 233 127/757
142 233 232 48/847
143 233 233 67/395
143 233 232 39/682
144 233 233 55/321
144 233 232 50/867
145 233 233 169/976
145 233 232 58/997
146 233 233 157/898
146 233 232 20/341
147 233 233 145/821
147 233 232 54/913
148 233 233 159/892
148 233 232 58/973
149 233 233 9/50
149 233 232 25/416
150 233 233 73/402
150 233 232 31/512
151 233 233 101/551
151 233 232 31/508
152 233 233 83/449
152 233 232 26/423
153 233 233 36/193
153 233 232 34/549
154 233 233 173/920
154 233 232 57/914
155 233 233 114/601
155 233 232 49/780
156 233 233 121/633
156 233 232 16/253
157 233 233 181/939
157 233 232 57/895
158 233 233 147/757
158 233 232 5/78
159 233 233 157/802
159 233 232 63/976
160 233 233 152/771
160 233 232 5/77
161 233 233 151/760
161 233 232 57/872
162 233 233 1/5
162 233 232 24/365
163 233 233 184/913
163 233 232 9/136
164 233 233 186/917
164 233 232 39/586
165 233 233 19/93
165 233 232 61/911
166 233 233 133/647
166 233 232 27/401
167 233 233 201/971
167 233 232 17/251
168 233 233 76/365
168 233 232 51/749
169 233 233 196/935
169 233 232 68/993
170 233 233 82/389
170 233 232 53/770
171 233 233 122/575
171 233 232 67/968
172 233 233 170/797
172 233 232 53/762
173 233 233 85/396
173 233 232 10/143
174 233 233 96/445
174 233 232 30/427
175 233 233 191/880
175 233 232 69/977
176 233 233 41/188
176 233 232 21/296
177 233 233 77/351
177 233 232 40/561
178 233 233 145/658
178 233 232 55/768
179 233 233 207/934
179 233 232 48/667
180 233 233 71/319
180 233 232 37/512
181 233 233 220/983
181 233 232 57/785
182 233 233 171/761
182 233 232 60/823
183 233 233 68/301
183 233 232 26/355
184 233 233 61/269
184 233 232 5/68
185 233 233 137/601
185 233 232 63/853
186 233 233 35/153
186 233 232 43/580
187 233 233 209/909
187 233 232 72/967
188 233 233 191/828
188 233 232 21/281
189 233 233 169/729
189 233 232 71/946
190 233 233 183/787
190 233 232 47/624
191 233 233 143/612
191 233 232 68/899
192 233 233 183/781
192 233 232 40/527
193 233 233 101/429
193 233 232 33/433
194 233 233 207/877
194 233 232 66/863
195 233 233 83/350
195 233 232 42/547
196 233 233 111/467
196 233 232 47/610
197 233 233 229/959
197 233 232 55/711
198 233 233 67/280
198 233 232 17/219
199 233 233 219/911
199 233 232 77/988
200 233 233 151/627
200 233 232 75/959
201 233 233 233/963
201 233 232 53/675
202 233 233 221/912
202 233 232 45/571
203 233 233 214/879
203 233 232 47/594
204 233 233 235/964
204 233 232 17/214
205 233 233 230/939
205 233 232 67/840
206 233 233 115/469
206 233 232 60/749
207 233 233 103/418
207 233 232 51/634
208 233 233 91/369
208 233 232 27/334
209 233 233 88/355
209 233 232 60/739
210 233 233 63/254
210 233 232 65/796
211 233 233 103/413
211 233 232 58/707
212 233 233 245/982
212 233 232 67/811
213 233 233 64/255
213 233 232 45/542
214 233 233 181/721
214 233 232 81/967
215 233 233 187/740
215 233 232 55/653
216 233 233 252/997
216 233 232 49/575
217 233 233 109/428
217 233 232 71/828
218 233 233 40/157
218 233 232 82/941
219 233 233 237/922
219 233 232 61/695
220 233 233 79/307
220 233 232 38/423
221 233 233 186/715
221 233 232 83/916
222 233 233 6/23
222 233 232 75/799
223 233 233 260/983
223 233 232 50/527
224 233 233 143/537
224 233 232 71/707
225 233 233 86/317
225 233 232 101/992
226 233 233 8/29
226 233 232 81/721
227 233 233 168/593
227 233 232 104/909
228 233 233 241/814
228 233 232 35/254
229 233 233 294/953
229 233 232 113/800
230 233 233 236/715
230 233 232 45/409
231 233 233 70/157
231 233 232 106/267
232 233 233 145/311
232 233 232 316/723
233 233 233 525/893
233 233 232 76/929
