# UNIF(n=148,lo,hi): D_ren + dipoles; lines "lo hi level amplitude" for the corrected intervals
126 126 126 31/537
126 126 125 -1/304
127 127 127 24/653
127 127 126 -5/852
128 128 128 27/371
128 128 127 1/514
129 129 129 13/347
129 129 128 -9/731
130 130 130 54/605
130 130 129 5/698
131 131 131 1/10
131 131 130 42/475
132 132 132 64/593
132 132 131 5/401
133 133 133 111/938
133 133 132 44/403
132 134 134 98/967
132 134 133 5/721
134 134 134 49/377
134 134 133 17/943
133 135 135 97/792
133 135 134 93/815
135 135 135 51/367
135 135 134 109/835
134 136 136 40/639
134 136 135 -26/933
136 136 136 147/934
136 136 135 23/955
133 137 137 72/505
133 137 136 47/325
135 137 137 41/256
135 137 136 20/121
137 137 137 95/574
137 137 136 110/701
134 138 138 59/364
134 138 137 13/413
136 138 138 27/415
136 138 137 -27/667
137 138 138 19/960
137 138 137 -1/239
138 138 138 167/862
138 138 137 14/451
133 139 139 162/883
133 139 138 133/639
135 139 139 129/655
135 139 138 17/76
136 139 139 178/877
136 139 138 307/959
137 139 139 103/494
137 139 138 135/587
138 139 139 167/782
138 139 138 195/542
139 139 139 22/109
139 139 138 184/961
132 140 140 147/746
132 140 139 12/251
134 140 140 209/984
134 140 139 41/763
135 140 140 209/953
135 140 139 61/624
136 140 140 137/607
136 140 139 51/910
137 140 140 22/95
137 140 139 54/473
138 140 140 168/709
138 140 139 47/890
139 140 140 96/397
139 140 139 5/37
140 140 140 49/627
140 140 139 -67/913
131 141 141 67/879
131 141 140 -11/684
132 141 141 41/684
132 141 140 -5/654
133 141 141 69/949
133 141 140 -1/36
134 141 141 35/663
134 141 140 -13/881
135 141 141 211/801
135 141 140 282/859
136 141 141 19/71
136 141 140 393/971
137 141 141 215/792
137 141 140 241/727
138 141 141 267/971
138 141 140 197/453
139 141 141 61/814
139 141 140 -53/825
140 141 141 11/476
140 141 140 -14/851
141 141 141 12/139
141 141 140 -75/901
128 142 142 253/954
128 142 141 43/592
129 142 142 168/617
129 142 141 79/856
130 142 142 101/362
130 142 141 79/982
131 142 142 117/410
131 142 141 101/979
132 142 142 199/683
132 142 141 57/658
133 142 142 267/899
133 142 141 101/887
134 142 142 227/751
134 142 141 61/672
135 142 142 90/293
135 142 141 124/993
136 142 142 173/555
136 142 141 67/727
137 142 142 163/516
137 142 141 110/801
138 142 142 305/954
138 142 141 5/56
139 142 142 307/950
139 142 141 152/991
140 142 142 307/941
140 142 141 46/585
141 142 142 176/535
141 142 141 32/179
142 142 142 221/667
142 142 141 47/932
123 143 143 257/751
123 143 142 230/513
124 143 143 265/764
124 143 142 353/749
125 143 143 293/834
125 143 142 454/975
126 143 143 229/644
126 143 142 355/724
127 143 143 305/848
127 143 142 419/871
128 143 143 361/993
128 143 142 339/667
129 143 143 350/953
129 143 142 488/987
130 143 143 307/828
130 143 142 406/773
131 143 143 361/965
131 143 142 321/635
132 143 143 106/281
132 143 142 345/637
133 143 143 46/121
133 143 142 37/72
134 143 143 139/363
134 143 142 183/328
135 143 143 377/978
135 143 142 497/958
136 143 143 313/807
136 143 142 172/299
137 143 143 321/823
137 143 142 429/827
138 143 143 305/778
138 143 142 28/47
139 143 143 332/843
139 143 142 487/954
140 143 143 191/483
140 143 142 291/466
141 143 143 152/383
141 143 142 154/317
142 143 143 357/913
142 143 142 412/623
143 143 143 194/559
143 143 142 241/766
116 144 144 389/994
116 144 143 76/781
117 144 144 291/731
117 144 143 93/875
118 144 144 263/650
118 144 143 69/647
119 144 144 203/494
119 144 143 27/233
120 144 144 284/681
120 144 143 52/451
121 144 144 417/986
121 144 143 124/993
122 144 144 3/7
122 144 143 97/787
123 144 144 260/599
123 144 143 81/607
124 144 144 427/972
124 144 143 119/912
125 144 144 443/997
125 144 143 131/926
126 144 144 53/118
126 144 143 43/314
127 144 144 417/919
127 144 143 117/785
128 144 144 301/657
128 144 143 73/512
129 144 144 411/889
129 144 143 5/32
130 144 144 401/860
130 144 143 19/129
131 144 144 196/417
131 144 143 134/821
132 144 144 197/416
132 144 143 91/603
133 144 144 464/973
133 144 143 155/911
134 144 144 12/25
134 144 143 70/457
135 144 144 296/613
135 144 143 11/62
136 144 144 84/173
136 144 143 39/254
137 144 144 407/834
137 144 143 175/942
138 144 144 151/308
138 144 143 8/53
139 144 144 479/973
139 144 143 187/950
140 144 144 42/85
140 144 143 1/7
141 144 144 463/934
141 144 143 137/638
142 144 144 86/173
142 144 143 71/581
143 144 144 291/584
143 144 143 242/959
144 144 144 333/667
144 144 143 60/949
104 145 145 169/525
104 145 144 187/889
105 145 145 108/331
105 145 144 73/336
106 145 145 177/539
106 145 144 199/884
107 145 145 194/583
107 145 144 225/971
108 145 145 260/777
108 145 144 157/656
109 145 145 219/646
109 145 144 239/973
110 145 145 281/825
110 145 144 251/992
111 145 145 275/797
111 145 144 251/969
112 145 145 257/742
112 145 144 197/740
113 145 145 20/57
113 145 144 223/820
114 145 145 139/395
114 145 144 277/993
115 145 145 302/847
115 145 144 159/559
116 145 145 279/781
116 145 144 284/975
117 145 145 361/997
117 145 144 43/145
118 145 145 345/952
118 145 144 269/887
119 145 145 43/117
119 145 144 70/227
120 145 145 115/313
120 145 144 86/273
121 145 145 248/665
121 145 144 8/25
122 145 145 35/94
122 145 144 277/848
123 145 145 375/991
123 145 144 66/199
124 145 145 232/615
124 145 144 337/996
125 145 145 53/138
125 145 144 101/294
126 145 145 378/989
126 145 144 349/996
127 145 145 71/182
127 145 144 251/705
128 145 145 332/857
128 145 144 235/647
129 145 145 152/383
129 145 144 193/522
130 145 145 351/893
130 145 144 345/914
131 145 145 100/247
131 145 144 263/682
132 145 145 384/961
132 145 144 356/903
133 145 145 310/747
133 145 144 341/841
134 145 145 223/547
134 145 144 204/491
135 145 145 423/986
135 145 144 388/897
136 145 145 399/953
136 145 144 359/807
137 145 145 141/313
137 145 144 443/935
138 145 145 64/147
138 145 144 466/951
139 145 145 161/330
139 145 144 412/755
140 145 145 385/829
140 145 144 449/789
141 145 145 295/564
141 145 144 332/551
142 145 145 458/953
142 145 144 599/942
143 145 145 461/692
143 145 144 47/54
144 145 145 427/723
144 145 144 722/751
145 145 145 330/611
145 145 144 213/488
78 146 146 62/475
78 146 145 25/538
79 146 146 115/859
79 146 145 45/949
80 146 146 43/313
80 146 145 3/62
81 146 146 9/64
81 146 145 18/365
82 146 146 122/847
82 146 145 19/378
83 146 146 141/958
83 146 145 11/215
84 146 146 45/299
84 146 145 5/96
85 146 146 39/254
85 146 145 26/491
86 146 146 66/421
86 146 145 51/947
87 146 146 65/407
87 146 145 53/969
88 146 146 71/436
88 146 145 1/18
89 146 146 139/839
89 146 145 49/869
90 146 146 41/243
90 146 145 36/629
91 146 146 167/974
91 146 145 30/517
92 146 146 169/969
92 146 145 1/17
93 146 146 168/949
93 146 145 31/520
94 146 146 77/428
94 146 145 29/480
95 146 146 139/762
95 146 145 37/605
96 146 146 183/988
96 146 145 41/662
97 146 146 106/565
97 146 145 26/415
98 146 146 173/909
98 146 145 57/899
99 146 146 73/379
99 146 145 5/78
100 146 146 41/210
100 146 145 54/833
101 146 146 46/233
101 146 145 56/855
102 146 146 1/5
102 146 145 48/725
103 146 146 79/391
103 146 145 47/703
104 146 146 172/841
104 146 145 36/533
105 146 146 172/833
105 146 145 3/44
106 146 146 207/991
106 146 145 55/799
107 146 146 55/261
107 146 145 5/72
108 146 146 62/291
108 146 145 15/214
109 146 146 90/419
109 146 145 41/580
110 146 146 201/926
110 146 145 46/645
111 146 146 103/471
111 146 145 65/904
112 146 146 129/584
112 146 145 62/855
113 146 146 143/643
113 146 145 63/862
114 146 146 75/334
114 146 145 7/95
115 146 146 223/987
115 146 145 15/202
116 146 146 213/934
116 146 145 36/481
117 146 146 219/955
117 146 145 58/769
118 146 146 28/121
118 146 145 19/250
119 146 146 10/43
119 146 145 71/927
120 146 146 225/959
120 146 145 73/946
121 146 146 78/331
121 146 145 62/797
122 146 146 121/509
122 146 145 71/906
123 146 146 21/88
123 146 145 63/797
124 146 146 13/54
124 146 145 52/653
125 146 146 157/650
125 146 145 16/199
126 146 146 242/993
126 146 145 29/358
127 146 146 175/716
127 146 145 63/769
128 146 146 56/227
128 146 145 71/860
129 146 146 116/469
129 146 145 37/442
130 146 146 249/997
130 146 145 33/391
131 146 146 142/567
131 146 145 11/128
132 146 146 138/545
132 146 145 15/173
133 146 146 241/949
133 146 145 4/45
134 146 146 125/486
134 146 145 22/245
135 146 146 256/991
135 146 145 79/848
136 146 146 186/709
136 146 145 28/297
137 146 146 178/673
137 146 145 99/991
138 146 146 109/404
138 146 145 29/286
139 146 146 181/659
139 146 145 111/991
140 146 146 24/85
140 146 145 71/622
141 146 146 184/623
141 146 145 71/516
142 146 146 85/276
142 146 145 23/163
143 146 146 61/185
143 146 145 61/555
144 146 146 218/489
144 146 145 215/541
145 146 146 410/879
145 146 145 419/959
146 146 146 518/881
146 146 145 69/844
