# UNIF(n=167,lo,hi): D_ren + dipoles; lines "lo hi level amplitude" for the corrected intervals
143 143 143 52/997
143 143 142 -3/794
144 144 144 31/923
144 144 143 -1/228
145 145 145 53/817
145 145 144 1/1000
146 146 146 34/997
146 146 145 -5/507
147 147 147 53/674
147 147 146 1/189
148 148 148 28/793
148 148 147 -9/578
149 149 149 14/149
149 149 148 9/913
150 150 150 20/193
150 150 149 95/998
149 151 151 79/961
149 151 150 1/854
151 151 151 76/681
151 151 150 9/617
150 152 152 69/692
150 152 151 47/540
152 152 152 101/842
152 152 151 49/436
151 153 153 59/535
151 153 152 11/908
153 153 153 15/113
153 153 152 14/713
152 154 154 107/828
152 154 153 39/307
154 154 154 140/999
154 154 153 82/617
151 155 155 72/581
151 155 154 7/400
153 155 155 27/463
153 155 154 -5/161
155 155 155 135/847
155 155 154 22/871
152 156 156 37/245
152 156 155 105/652
154 156 156 104/631
154 156 155 34/195
156 156 156 78/469
156 156 155 62/391
151 157 157 95/614
151 157 156 23/738
153 157 157 103/605
153 157 156 13/358
155 157 157 60/967
155 157 156 -18/421
156 157 157 15/839
156 157 156 -5/888
157 157 157 127/651
157 157 156 27/848
150 158 158 101/562
150 158 157 167/799
152 158 158 103/537
152 158 157 129/574
153 158 158 189/958
153 158 157 17/57
154 158 158 17/84
154 158 157 193/823
155 158 158 134/647
155 158 157 287/874
156 158 158 48/227
156 158 157 221/937
157 158 158 176/817
157 158 157 229/630
158 158 158 173/855
158 158 157 67/348
149 159 159 187/960
149 159 158 23/476
151 159 159 153/734
151 159 158 31/567
152 159 159 120/559
152 159 158 87/979
153 159 159 99/449
153 159 158 49/836
154 159 159 211/934
154 159 158 41/403
155 159 159 221/957
155 159 158 28/473
156 159 159 110/467
156 159 158 69/592
157 159 159 199/830
157 159 158 43/789
158 159 159 237/973
158 159 158 79/580
159 159 159 46/593
159 159 158 -68/921
148 160 160 22/295
148 160 159 -10/717
149 160 160 51/830
149 160 159 -7/907
150 160 160 67/940
150 160 159 -17/706
151 160 160 37/665
151 160 159 -2/137
152 160 160 47/681
152 160 159 -8/237
153 160 160 22/443
153 160 159 -19/959
154 160 160 173/645
154 160 159 255/754
155 160 160 101/372
155 160 159 381/923
156 160 160 249/907
156 160 159 326/965
157 160 160 127/458
157 160 159 397/903
158 160 160 2/27
158 160 159 -48/731
159 160 160 22/975
159 160 159 -16/923
160 160 160 34/395
160 160 159 -22/263
145 161 161 176/657
145 161 160 33/443
146 161 161 174/635
146 161 160 91/1000
147 161 161 82/293
147 161 160 79/967
148 161 161 280/981
148 161 160 49/488
149 161 161 25/86
149 161 160 37/422
150 161 161 144/487
150 161 160 39/356
151 161 161 76/253
151 161 160 58/629
152 161 161 57/187
152 161 160 106/893
153 161 161 283/916
153 161 160 54/569
154 161 161 259/828
154 161 160 90/701
155 161 161 87/275
155 161 160 67/705
156 161 161 288/901
156 161 160 87/623
157 161 161 181/561
157 161 160 89/977
158 161 161 163/501
158 161 160 67/433
159 161 161 275/839
159 161 160 67/842
160 161 161 225/682
160 161 160 172/959
161 161 161 141/425
161 161 160 11/217
140 162 162 196/565
140 162 161 425/921
141 162 162 207/590
141 162 161 351/730
142 162 162 294/829
142 162 161 463/973
143 162 162 311/868
143 162 161 291/586
144 162 162 250/691
144 162 161 437/894
145 162 162 88/241
145 162 161 223/436
146 162 162 270/733
146 162 161 500/999
147 162 162 361/972
147 162 161 380/723
148 162 162 338/903
148 162 161 484/949
149 162 162 365/968
149 162 161 489/907
150 162 162 183/482
150 162 161 508/981
151 162 162 248/649
151 162 161 532/963
152 162 162 163/424
152 162 161 359/686
153 162 162 346/895
153 162 161 557/984
154 162 162 382/983
154 162 161 225/428
155 162 162 385/986
155 162 161 484/833
156 162 162 331/844
156 162 161 457/873
157 162 162 365/927
157 162 161 521/869
158 162 162 49/124
158 162 161 440/857
159 162 162 377/951
159 162 161 240/383
160 162 162 97/244
160 162 161 326/669
161 162 162 385/984
161 162 161 139/210
162 162 162 122/961
162 162 161 -99/787
131 163 163 299/763
131 163 162 89/930
132 163 163 368/925
132 163 162 46/445
133 163 163 111/275
133 163 162 56/537
134 163 163 106/259
134 163 162 63/562
135 163 163 338/815
135 163 162 92/819
136 163 163 407/969
136 163 162 13/108
137 163 163 372/875
137 163 162 113/943
138 163 163 403/937
138 163 162 126/983
139 163 163 177/407
139 163 162 9/71
140 163 163 287/653
140 163 162 133/981
141 163 163 408/919
141 163 162 127/954
142 163 163 446/995
142 163 162 68/477
143 163 163 451/997
143 163 162 134/965
144 163 163 47/103
144 163 162 71/476
145 163 163 98/213
145 163 162 129/896
146 163 163 428/923
146 163 162 143/920
147 163 163 64/137
147 163 162 77/519
148 163 163 342/727
148 163 162 150/929
149 163 163 170/359
149 163 162 117/770
150 163 163 476/999
150 163 162 161/962
151 163 163 358/747
151 163 162 66/427
152 163 163 385/799
152 163 162 13/75
153 163 163 447/923
153 163 162 109/699
154 163 163 181/372
154 163 162 169/940
155 163 163 237/485
155 163 162 149/958
156 163 163 391/797
156 163 162 170/907
157 163 163 161/327
157 163 162 143/939
158 163 163 245/496
158 163 162 189/955
159 163 163 268/541
159 163 162 103/717
160 163 163 443/892
160 163 162 59/274
161 163 163 439/882
161 163 162 32/261
162 163 163 371/744
162 163 162 220/871
163 163 163 425/851
163 163 162 43/679
118 164 164 163/506
118 164 163 163/760
119 164 164 83/256
119 164 163 218/985
120 164 164 308/939
120 164 163 72/317
121 164 164 257/779
121 164 163 227/971
122 164 164 317/950
122 164 163 73/305
123 164 164 217/647
123 164 163 44/179
124 164 164 155/457
124 164 163 167/665
125 164 164 232/681
125 164 163 243/944
126 164 164 299/868
126 164 163 21/80
127 164 164 102/295
127 164 163 119/443
128 164 164 308/881
128 164 163 233/852
129 164 164 344/981
129 164 163 223/798
130 164 164 345/973
130 164 163 273/961
131 164 164 274/771
131 164 163 285/983
132 164 164 170/473
132 164 163 214/727
133 164 164 248/689
133 164 163 298/993
134 164 164 67/184
134 164 163 7/23
135 164 164 184/505
135 164 163 31/100
136 164 164 281/762
136 164 163 207/659
137 164 164 254/689
137 164 163 274/857
138 164 164 143/383
138 164 163 281/868
139 164 164 283/759
139 164 163 302/917
140 164 164 347/918
140 164 163 1/3
141 164 164 325/862
141 164 163 20/59
142 164 164 235/614
142 164 163 247/720
143 164 164 329/863
143 164 163 337/966
144 164 164 259/668
144 164 163 89/252
145 164 164 347/900
145 164 163 310/863
146 164 164 46/117
146 164 163 320/879
147 164 164 119/305
147 164 163 359/969
148 164 164 125/313
148 164 163 330/877
149 164 164 319/807
149 164 163 23/60
150 164 164 404/993
150 164 163 77/197
151 164 164 299/745
151 164 163 140/351
152 164 164 267/641
152 164 163 43/105
153 164 164 254/621
153 164 163 269/642
154 164 164 271/630
154 164 163 71/163
155 164 164 316/753
155 164 163 200/447
156 164 164 139/308
156 164 163 277/582
157 164 164 392/899
157 164 163 448/911
158 164 164 253/518
158 164 163 511/934
159 164 164 423/910
159 164 163 65/114
160 164 164 291/556
160 164 163 248/411
161 164 164 351/730
161 164 163 436/685
162 164 164 587/881
162 164 163 377/433
163 164 164 101/171
163 164 163 25/26
164 164 164 451/835
164 164 163 227/520
88 165 165 126/955
88 165 164 27/577
89 165 165 37/274
89 165 164 47/986
90 165 165 4/29
90 165 164 27/557
91 165 165 138/979
91 165 164 18/365
92 165 165 67/466
92 165 164 22/439
93 165 165 92/627
93 165 164 30/589
94 165 165 113/756
94 165 164 50/967
95 165 165 94/617
95 165 164 23/438
96 165 165 113/729
96 165 164 22/413
97 165 165 110/697
97 165 164 2/37
98 165 165 81/505
98 165 164 51/931
99 165 165 77/472
99 165 164 1/18
100 165 165 80/483
100 165 164 31/551
101 165 165 103/612
101 165 164 35/614
102 165 165 169/990
102 165 164 3/52
103 165 165 139/802
103 165 164 17/291
104 165 165 163/928
104 165 164 51/863
105 165 165 49/275
105 165 164 47/786
106 165 165 59/327
106 165 164 24/397
107 165 165 139/760
107 165 164 14/229
108 165 165 166/897
108 165 164 53/858
109 165 165 185/987
109 165 164 62/993
110 165 165 29/153
110 165 164 57/904
111 165 165 137/714
111 165 164 63/989
112 165 165 19/98
112 165 164 47/731
113 165 165 173/882
113 165 164 62/955
114 165 165 102/515
114 165 164 15/229
115 165 165 150/749
115 165 164 8/121
116 165 165 193/955
116 165 164 1/15
117 165 165 183/896
117 165 164 52/773
118 165 165 179/869
118 165 164 67/988
119 165 165 165/793
119 165 164 45/658
120 165 165 69/329
120 165 164 47/682
121 165 165 209/987
121 165 164 28/403
122 165 165 205/961
122 165 164 52/743
123 165 165 76/353
123 165 164 62/879
124 165 165 199/918
124 165 164 51/718
125 165 165 145/663
125 165 164 37/517
126 165 165 195/886
126 165 164 25/347
127 165 165 97/437
127 165 164 50/689
128 165 165 119/533
128 165 164 55/753
129 165 165 113/502
129 165 164 47/639
130 165 165 191/844
130 165 164 49/662
131 165 165 112/491
131 165 164 31/416
132 165 165 102/445
132 165 164 74/987
133 165 165 82/355
133 165 164 4/53
134 165 165 29/125
134 165 164 71/935
135 165 165 205/877
135 165 164 71/929
136 165 165 88/375
136 165 164 1/13
137 165 165 187/791
137 165 164 51/659
138 165 165 209/881
138 165 164 68/873
139 165 165 141/590
139 165 164 29/370
140 165 165 227/947
140 165 164 73/925
141 165 165 163/675
141 165 164 27/340
142 165 165 23/95
142 165 164 2/25
143 165 165 171/701
143 165 164 74/919
144 165 165 155/634
144 165 164 77/948
145 165 165 188/763
145 165 164 69/844
146 165 165 59/239
146 165 164 66/799
147 165 165 115/462
147 165 164 44/529
148 165 165 189/758
148 165 164 15/178
149 165 165 235/934
149 165 164 77/907
150 165 165 185/734
150 165 164 26/301
151 165 165 55/216
151 165 164 79/907
152 165 165 233/913
152 165 164 73/818
153 165 165 187/724
153 165 164 81/899
154 165 165 7/27
154 165 164 71/760
155 165 165 5/19
155 165 164 67/709
156 165 165 35/132
156 165 164 92/919
157 165 165 176/651
157 165 164 85/837
158 165 165 263/956
158 165 164 61/544
159 165 165 188/665
159 165 164 77/674
160 165 165 209/707
160 165 164 91/661
161 165 165 249/808
161 165 164 83/588
162 165 165 158/479
162 165 164 95/864
163 165 165 358/803
163 165 164 29/73
164 165 165 104/223
164 165 164 253/579
165 165 165 361/614
165 165 164 48/587
