# UNIF(n=169,lo,hi): D_ren + dipoles; lines "lo hi level amplitude" for the corrected intervals
145 145 145 32/605
145 145 144 -1/302
146 146 146 1/30
146 146 145 -4/829
147 147 147 48/733
147 147 146 1/862
148 148 148 2/59
148 148 147 -4/391
149 149 149 11/139
149 149 148 5/891
150 150 150 39/443
150 150 149 77/1000
151 151 151 72/763
151 151 150 6/593
152 152 152 46/443
152 152 151 69/722
151 153 153 59/709
151 153 152 1/548
153 153 153 108/965
153 153 152 13/879
152 154 154 20/199
152 154 153 13/147
154 154 154 43/358
154 154 153 105/932
153 155 155 111/1000
153 155 154 4/317
155 155 155 102/767
155 155 154 17/859
152 156 156 83/749
152 156 155 63/610
154 156 156 27/208
154 156 155 73/570
156 156 156 131/934
156 156 155 39/293
153 157 157 124/993
153 157 156 18/991
155 157 157 34/587
155 157 156 -17/543
157 157 157 101/633
157 157 156 12/473
154 158 158 100/659
154 158 157 69/425
156 158 158 19/115
156 158 157 52/297
158 158 158 101/607
158 158 157 123/775
153 159 159 117/751
153 159 158 30/941
155 159 159 153/895
155 159 158 16/435
156 159 159 8/45
156 159 158 89/995
157 159 159 37/599
157 159 158 -24/559
158 159 159 2/113
158 159 158 -5/871
159 159 159 122/625
159 159 158 3/94
152 160 160 15/83
152 160 159 206/977
154 160 160 170/883
154 160 159 59/261
155 160 160 149/753
155 160 159 44/147
156 160 160 199/981
156 160 159 197/837
157 160 160 189/911
157 160 159 280/851
158 160 160 170/803
158 160 159 108/457
159 160 160 202/937
159 160 159 223/613
160 160 160 186/919
160 160 159 47/244
151 161 161 191/974
151 161 160 28/569
153 161 161 40/191
153 161 160 29/524
154 161 161 139/645
154 161 160 61/682
155 161 161 190/859
155 161 160 53/897
156 161 161 65/287
156 161 160 24/235
157 161 161 146/631
157 161 160 36/605
158 161 161 117/496
158 161 160 16/137
159 161 161 6/25
159 161 160 41/750
160 161 161 68/279
160 161 160 119/873
161 161 161 10/129
161 161 160 -67/907
150 162 162 73/985
150 162 161 -7/470
151 162 162 18/295
151 162 161 -6/701
152 162 162 48/677
152 162 161 -17/685
153 162 162 38/687
153 162 161 -13/853
154 162 162 51/742
154 162 161 -27/787
155 162 162 30/607
155 162 161 -16/789
156 162 162 155/577
156 162 161 321/947
157 162 162 28/103
157 162 161 265/641
158 162 162 169/615
158 162 161 271/801
159 162 162 270/973
159 162 161 11/25
160 162 162 68/919
160 162 161 -5/76
161 162 162 22/977
161 162 161 -17/976
162 162 162 79/918
162 162 161 -39/466
145 163 163 126/491
145 163 162 59/874
146 163 163 5/19
146 163 162 67/814
147 163 163 52/193
147 163 162 74/979
148 163 163 149/541
148 163 162 47/511
149 163 163 70/249
149 163 162 37/448
150 163 163 243/848
150 163 162 67/662
151 163 163 285/977
151 163 162 51/577
152 163 163 78/263
152 163 162 105/953
153 163 163 231/767
153 163 162 73/787
154 163 163 128/419
154 163 162 110/923
155 163 163 13/42
155 163 162 61/640
156 163 163 125/399
156 163 162 69/536
157 163 163 274/865
157 163 162 57/598
158 163 163 319/997
158 163 162 67/479
159 163 163 134/415
159 163 162 91/997
160 163 163 167/513
160 163 162 35/226
161 163 163 302/921
161 163 162 67/841
162 163 163 329/997
162 163 162 176/981
163 163 163 289/871
163 163 162 46/907
141 164 164 53/154
141 164 163 393/842
142 164 164 321/922
142 164 163 45/97
143 164 164 333/946
143 164 163 243/503
144 164 164 196/551
144 164 163 336/703
145 164 164 60/167
145 164 163 337/676
146 164 164 317/874
146 164 163 469/956
147 164 164 228/623
147 164 163 451/879
148 164 164 86/233
148 164 163 146/291
149 164 164 365/981
149 164 163 509/966
150 164 164 373/995
150 164 163 251/491
151 164 164 145/384
151 164 163 477/883
152 164 164 203/534
152 164 163 290/559
153 164 164 57/149
153 164 163 296/535
154 164 164 157/408
154 164 163 316/603
155 164 164 337/871
155 164 163 17/30
156 164 164 7/18
156 164 163 331/629
157 164 164 361/924
157 164 163 339/583
158 164 164 370/943
158 164 163 516/985
159 164 164 258/655
159 164 163 598/997
160 164 164 368/931
160 164 163 320/623
161 164 164 159/401
161 164 163 566/903
162 164 164 365/918
162 164 163 329/675
163 164 164 9/23
163 164 163 656/991
164 164 164 49/386
164 164 163 -58/461
133 165 165 368/933
133 165 164 86/881
134 165 165 321/802
134 165 164 67/637
135 165 165 261/643
135 165 164 23/217
136 165 165 202/491
136 165 164 107/941
137 165 165 413/991
137 165 164 88/773
138 165 165 208/493
138 165 164 109/895
139 165 165 257/602
139 165 164 67/553
140 165 165 427/989
140 165 164 84/649
141 165 165 127/291
141 165 164 104/813
142 165 165 433/982
142 165 164 129/944
143 165 165 411/923
143 165 164 57/425
144 165 165 169/376
144 165 164 33/230
145 165 165 39/86
145 165 164 89/637
146 165 165 327/715
146 165 164 115/767
147 165 165 420/911
147 165 164 34/235
148 165 165 426/917
148 165 164 86/551
149 165 165 124/265
149 165 164 7/47
150 165 165 155/329
150 165 164 75/463
151 165 165 367/774
151 165 164 41/269
152 165 165 135/283
152 165 164 126/751
153 165 165 367/765
153 165 164 11/71
154 165 165 313/649
154 165 164 120/691
155 165 165 79/163
155 165 164 147/941
156 165 165 204/419
156 165 164 173/961
157 165 165 287/587
157 165 164 19/122
158 165 165 187/381
158 165 164 121/645
159 165 165 33/67
159 165 164 107/702
160 165 165 251/508
160 165 164 20/101
161 165 165 494/997
161 165 164 70/487
162 165 165 227/457
162 165 164 14/65
163 165 165 337/677
163 165 164 13/106
164 165 165 190/381
164 165 164 218/863
165 165 165 435/871
165 165 164 52/821
119 166 166 249/778
119 166 165 206/971
120 166 166 283/874
120 166 165 157/720
121 166 166 289/887
121 166 165 69/307
122 166 166 29/88
122 166 165 103/447
123 166 166 113/341
123 166 165 68/287
124 166 166 191/570
124 166 165 119/491
125 166 166 33/98
125 166 165 238/957
126 166 166 287/843
126 166 165 229/902
127 166 166 306/895
127 166 165 233/896
128 166 166 281/813
128 166 165 53/200
129 166 166 316/911
129 166 165 229/845
130 166 166 27/77
130 166 165 233/845
131 166 166 307/873
131 166 165 176/625
132 166 166 235/661
132 166 165 200/699
133 166 166 295/828
133 166 165 190/651
134 166 166 281/780
134 166 165 295/996
135 166 166 136/377
135 166 165 83/275
136 166 166 293/803
136 166 165 41/134
137 166 166 349/956
137 166 165 100/321
138 166 166 365/988
138 166 165 201/637
139 166 166 137/371
139 166 165 279/869
140 166 166 89/238
140 166 165 324/997
141 166 166 146/391
141 166 165 311/941
142 166 166 257/679
142 166 165 311/930
143 166 166 359/951
143 166 165 324/953
144 166 166 346/903
144 166 165 323/939
145 166 166 108/283
145 166 165 178/509
146 166 166 189/487
146 166 165 246/695
147 166 166 350/907
147 166 165 203/564
148 166 166 277/704
148 166 165 31/85
149 166 166 98/251
149 166 165 331/892
150 166 166 205/513
150 166 165 26/69
151 166 166 388/981
151 166 165 147/383
152 166 166 208/511
152 166 165 9/23
153 166 166 53/132
153 166 165 105/263
154 166 166 5/12
154 166 165 366/893
155 166 166 304/743
155 166 165 413/985
156 166 166 253/588
156 166 165 163/374
157 166 166 34/81
157 166 165 265/592
158 166 166 311/689
158 166 165 319/670
159 166 166 372/853
159 166 165 365/742
160 166 166 233/477
160 166 165 365/667
161 166 166 225/484
161 166 165 280/491
162 166 166 503/961
162 166 165 347/575
163 166 166 477/992
163 166 165 317/498
164 166 166 601/902
164 166 165 101/116
165 166 166 417/706
165 166 165 25/26
166 166 166 175/324
166 166 165 399/914
89 167 167 77/584
89 167 166 18/385
90 167 167 19/141
90 167 166 47/988
91 167 167 128/929
91 167 166 26/537
92 167 167 134/953
92 167 166 22/447
93 167 167 29/202
93 167 166 50/999
94 167 167 133/909
94 167 166 28/551
95 167 167 84/563
95 167 166 51/988
96 167 167 142/935
96 167 166 11/210
97 167 167 99/640
97 167 166 37/696
98 167 167 81/515
98 167 166 47/872
99 167 167 157/981
99 167 166 17/311
100 167 167 151/929
100 167 166 53/957
101 167 167 19/115
101 167 166 11/196
102 167 167 113/674
102 167 166 5/88
103 167 167 71/417
103 167 166 53/921
104 167 167 29/168
104 167 166 23/395
105 167 167 134/765
105 167 166 32/543
106 167 167 162/913
106 167 166 41/688
107 167 167 43/239
107 167 166 56/929
108 167 167 57/313
108 167 166 53/870
109 167 167 174/943
109 167 166 38/617
110 167 167 67/359
110 167 166 53/852
111 167 167 24/127
111 167 166 11/175
112 167 167 17/89
112 167 166 62/977
113 167 167 121/626
113 167 166 63/983
114 167 167 41/210
114 167 166 13/201
115 167 167 171/866
115 167 166 19/291
116 167 167 59/296
116 167 166 27/410
117 167 167 190/943
117 167 166 21/316
118 167 167 112/551
118 167 166 67/1000
119 167 167 176/857
119 167 166 59/873
120 167 167 170/821
120 167 166 22/323
121 167 167 101/483
121 167 166 66/961
122 167 167 114/541
122 167 166 53/766
123 167 167 77/362
123 167 166 68/975
124 167 167 214/999
124 167 166 38/541
125 167 167 131/606
125 167 166 70/989
126 167 167 173/795
126 167 166 61/856
127 167 167 214/975
127 167 166 43/599
128 167 167 125/566
128 167 166 56/775
129 167 167 53/238
129 167 166 31/426
130 167 167 144/643
130 167 166 29/396
131 167 167 135/598
131 167 166 16/217
132 167 167 59/260
132 167 166 48/647
133 167 167 110/481
133 167 166 41/549
134 167 167 88/383
134 167 166 42/559
135 167 167 169/730
135 167 166 58/767
136 167 167 156/671
136 167 166 76/999
137 167 167 204/871
137 167 166 16/209
138 167 167 71/302
138 167 166 57/740
139 167 167 229/967
139 167 166 72/929
140 167 167 163/686
140 167 166 67/859
141 167 167 230/961
141 167 166 35/446
142 167 167 235/979
142 167 166 67/848
143 167 167 103/426
143 167 166 19/239
144 167 167 223/920
144 167 166 35/437
145 167 167 242/991
145 167 166 76/943
146 167 167 139/568
146 167 166 53/652
147 167 167 91/369
147 167 166 9/110
148 167 167 21/85
148 167 166 41/496
149 167 167 69/277
149 167 166 64/769
150 167 167 126/505
150 167 166 43/510
151 167 167 251/997
151 167 166 75/883
152 167 167 29/115
152 167 166 7/81
153 167 167 161/632
153 167 166 65/746
154 167 167 253/991
154 167 166 89/997
155 167 167 239/925
155 167 166 73/810
156 167 167 118/455
156 167 166 57/610
157 167 167 259/984
157 167 166 81/857
158 167 167 170/641
158 167 166 81/809
159 167 167 169/625
159 167 166 13/128
160 167 167 197/716
160 167 166 109/972
161 167 167 244/863
161 167 166 97/849
162 167 167 149/504
162 167 166 129/937
163 167 167 290/941
163 167 166 119/843
164 167 167 317/961
164 167 166 74/673
165 167 167 358/803
165 167 166 375/944
166 167 167 305/654
166 167 166 409/936
167 167 167 478/813
167 167 166 48/587
