# UNIF(n=49,lo,hi): D_ren + dipoles; lines "lo hi level amplitude" for the corrected intervals
39 39 39 51/359
39 39 38 -2/445
40 40 40 94/527
40 40 39 149/993
41 41 41 41/401
41 41 40 -16/275
42 42 42 55/581
42 42 41 -15/227
41 43 43 207/773
41 43 42 35/971
43 43 43 193/613
43 43 42 33/859
40 44 44 333/971
40 44 43 332/803
42 44 44 269/725
42 44 43 227/520
43 44 44 109/288
43 44 43 44/69
44 44 44 61/466
44 44 43 -36/307
39 45 45 257/627
39 45 44 76/859
40 45 45 427/996
40 45 44 60/407
41 45 45 409/918
41 45 44 31/295
42 45 45 401/871
42 45 44 156/833
43 45 45 416/879
43 45 44 65/627
44 45 45 382/789
44 45 44 7/29
45 45 45 249/505
45 45 44 17/291
35 46 46 80/231
35 46 45 11/38
36 46 46 184/489
36 46 45 167/515
37 46 46 132/353
37 46 45 353/1000
38 46 46 183/443
38 46 45 293/738
39 46 46 138/341
39 46 45 117/274
40 46 46 163/352
40 46 45 234/473
41 46 46 435/977
41 46 45 437/825
42 46 46 419/825
42 46 45 485/849
43 46 46 70/149
43 46 45 27/44
44 46 46 445/672
44 46 45 584/677
45 46 46 487/829
45 46 45 871/912
46 46 46 507/941
46 46 45 318/733
26 47 47 118/861
26 47 46 41/798
27 47 47 145/979
27 47 46 11/202
28 47 47 149/947
28 47 46 25/433
29 47 47 157/936
29 47 46 59/973
30 47 47 165/937
30 47 46 59/923
31 47 47 137/737
31 47 46 1/15
32 47 47 183/946
32 47 46 34/485
33 47 47 59/291
33 47 46 33/454
34 47 47 209/997
34 47 46 69/901
35 47 47 148/677
35 47 46 48/607
36 47 47 201/893
36 47 46 47/560
37 47 47 11/47
37 47 46 7/81
38 47 47 13/54
38 47 46 7/75
39 47 47 250/999
39 47 46 19/198
40 47 47 22/85
40 47 46 41/381
41 47 47 268/993
41 47 46 86/777
42 47 47 285/997
42 47 46 83/615
43 47 47 115/382
43 47 46 119/855
44 47 47 308/947
44 47 46 58/535
45 47 47 235/528
45 47 46 379/941
46 47 47 99/211
46 47 46 405/932
47 47 47 285/484
47 47 46 11/136
