# UNIF(n=244,lo,hi): D_ren + dipoles; lines "lo hi level amplitude" for the corrected intervals
213 213 213 36/877
213 213 212 21/853
214 214 214 17/390
214 214 213 -1/741
215 215 215 22/841
215 215 214 -3/706
216 216 216 11/214
216 216 215 1/725
217 217 217 5/189
217 217 216 -7/932
218 218 218 31/519
218 218 217 2/487
219 219 219 18/665
219 219 218 -10/919
220 220 220 68/989
220 220 219 4/583
221 221 221 11/392
221 221 220 -5/347
222 222 222 77/978
222 222 221 9/929
221 223 223 16/439
221 223 222 -1/1000
223 223 223 15/508
223 223 222 -18/989
222 224 224 5/73
222 224 223 2/713
224 224 224 82/911
224 224 223 8/633
223 225 225 17/466
223 225 224 -1/137
225 225 225 85/886
225 225 224 23/254
224 226 226 70/817
224 226 225 1/108
226 226 226 10/97
226 226 225 3/190
225 227 227 53/546
225 227 226 44/481
227 227 227 75/692
227 227 226 95/919
224 228 228 83/926
224 228 227 1/97
226 228 228 61/581
226 228 227 13/809
228 228 228 45/379
228 228 227 19/987
225 229 229 29/695
225 229 228 -5/527
227 229 229 117/995
227 229 228 115/972
229 229 229 120/971
229 229 228 96/809
224 230 230 89/869
224 230 229 13/821
226 230 230 53/458
226 230 229 1/48
228 230 230 79/619
228 230 229 13/552
230 230 230 96/695
230 230 229 15/647
225 231 231 85/691
225 231 230 123/941
227 231 231 95/713
227 231 230 1/7
229 231 231 39/274
229 231 230 103/686
230 231 231 93/635
230 231 230 159/646
231 231 231 1/7
231 231 230 133/967
224 232 232 43/343
224 232 231 26/993
226 232 232 122/893
226 232 231 28/921
228 232 232 126/859
228 232 231 23/704
229 232 232 113/747
229 232 231 55/698
230 232 232 4/81
230 232 231 -27/737
231 232 232 131/821
231 232 231 89/971
232 232 232 8/49
232 232 231 25/898
223 233 233 63/442
223 233 232 117/722
225 233 233 39/257
225 233 232 99/566
227 233 233 141/881
227 233 232 12/65
228 233 233 155/946
228 233 232 197/787
229 233 233 149/890
229 233 232 55/289
230 233 233 153/896
230 233 232 76/279
231 233 233 173/995
231 233 232 189/992
232 233 233 149/843
232 233 232 232/779
233 233 233 19/113
233 233 232 161/995
222 234 234 139/919
222 234 233 37/987
224 234 234 128/793
224 234 233 25/592
226 234 234 166/973
226 234 233 19/416
227 234 234 82/469
227 234 233 76/985
228 234 234 49/274
228 234 233 16/337
229 234 234 174/953
229 234 233 73/844
230 234 234 99/532
230 234 233 19/404
231 234 234 185/977
231 234 233 61/627
232 234 234 46/825
232 234 233 -43/920
233 234 234 1/72
233 234 233 -7/858
234 234 234 86/435
234 234 233 4/119
221 235 235 148/817
221 235 234 141/638
223 235 235 133/704
223 235 234 89/382
224 235 235 31/161
224 235 234 85/313
225 235 235 127/648
225 235 234 93/383
226 235 235 161/808
226 235 234 237/823
227 235 235 155/766
227 235 234 1/4
228 235 235 39/190
228 235 234 272/893
229 235 235 26/125
229 235 234 46/181
230 235 235 207/983
230 235 234 225/698
231 235 235 125/587
231 235 234 155/611
232 235 235 159/739
232 235 234 154/449
233 235 235 139/640
233 235 234 33/134
234 235 235 214/977
234 235 234 225/608
235 235 235 93/457
235 235 234 152/781
220 236 236 75/374
220 236 235 55/953
221 236 236 58/283
221 236 235 71/963
222 236 236 187/894
222 236 235 18/289
223 236 236 113/530
223 236 235 71/881
224 236 236 28/129
224 236 235 58/879
225 236 236 179/811
225 236 235 52/595
226 236 236 76/339
226 236 235 44/641
227 236 236 154/677
227 236 235 62/657
228 236 236 89/386
228 236 235 24/343
229 236 236 53/227
229 236 235 65/638
230 236 236 107/453
230 236 235 33/475
231 236 236 53/222
231 236 235 73/660
232 236 236 169/701
232 236 235 49/740
233 236 236 9/37
233 236 235 39/320
234 236 236 205/836
234 236 235 31/532
235 236 236 185/749
235 236 235 134/967
236 236 236 21/275
236 236 235 -72/965
215 237 237 39/517
215 237 236 -2/383
217 237 237 65/898
217 237 236 -9/754
218 237 237 53/809
218 237 236 -5/516
219 237 237 59/847
219 237 236 -10/547
220 237 237 8/129
220 237 236 -14/939
221 237 237 29/431
221 237 236 -11/453
222 237 237 52/887
222 237 236 -19/972
223 237 237 29/444
223 237 236 -29/967
224 237 237 34/615
224 237 236 -23/977
225 237 237 61/956
225 237 236 -31/874
226 237 237 19/366
226 237 236 -25/933
227 237 237 59/938
227 237 236 -39/955
228 237 237 25/517
228 237 236 -7/240
229 237 237 61/972
229 237 236 -18/389
230 237 237 37/834
230 237 236 -26/855
231 237 237 63/227
231 237 236 16/45
232 237 237 12/43
232 237 236 397/930
233 237 237 23/82
233 237 236 97/278
234 237 237 184/653
234 237 236 56/125
235 237 237 50/689
235 237 236 -44/641
236 237 237 9/416
236 237 236 -19/990
237 237 237 71/829
237 237 236 -6/71
211 238 238 127/484
211 238 237 53/662
212 238 238 263/986
212 238 237 23/296
213 238 238 233/860
213 238 237 83/962
214 238 238 11/40
214 238 237 65/783
215 238 238 94/337
215 238 237 84/911
216 238 238 149/527
216 238 237 29/330
217 238 238 179/625
217 238 237 73/746
218 238 238 216/745
218 238 237 31/336
219 238 238 22/75
219 238 237 60/581
220 238 238 218/735
220 238 237 82/853
221 238 238 223/744
221 238 237 23/212
222 238 238 277/915
222 238 237 87/875
223 238 238 191/625
223 238 237 51/449
224 238 238 37/120
224 238 237 69/676
225 238 238 310/997
225 238 237 103/868
226 238 238 283/903
226 238 237 53/510
227 238 238 293/928
227 238 237 14/113
228 238 238 289/909
228 238 237 11/105
229 238 238 8/25
229 238 237 110/849
230 238 238 273/848
230 238 237 77/739
231 238 238 281/868
231 238 237 41/301
232 238 238 41/126
232 238 237 88/867
233 238 238 324/991
233 238 237 31/214
234 238 238 197/600
234 238 237 65/683
235 238 238 206/625
235 238 237 139/881
236 238 238 212/641
236 238 237 54/661
237 238 238 69/208
237 238 237 127/703
238 238 238 151/454
238 238 237 2/39
203 239 239 341/997
203 239 238 239/528
204 239 239 339/983
204 239 238 284/613
205 239 239 333/958
205 239 238 51/110
206 239 239 317/905
206 239 238 326/687
207 239 239 349/989
207 239 238 301/635
208 239 239 252/709
208 239 238 411/847
209 239 239 335/936
209 239 238 179/370
210 239 239 236/655
210 239 238 109/220
211 239 239 33/91
211 239 238 209/424
212 239 239 131/359
212 239 238 195/386
213 239 239 366/997
213 239 238 353/704
214 239 239 367/994
214 239 238 196/381
215 239 239 137/369
215 239 238 358/703
216 239 239 134/359
216 239 238 484/925
217 239 239 269/717
217 239 238 473/916
218 239 239 210/557
218 239 238 487/916
219 239 239 25/66
219 239 238 402/769
220 239 239 320/841
220 239 238 428/793
221 239 239 261/683
221 239 238 373/706
222 239 239 259/675
222 239 238 507/926
223 239 239 354/919
223 239 238 412/773
224 239 239 133/344
224 239 238 473/852
225 239 239 239/616
225 239 238 22/41
226 239 239 167/429
226 239 238 291/517
227 239 239 189/484
227 239 238 305/566
228 239 239 150/383
228 239 238 326/571
229 239 239 313/797
229 239 238 431/799
230 239 239 289/734
230 239 238 439/757
231 239 239 163/413
231 239 238 509/947
232 239 239 142/359
232 239 238 13/22
233 239 239 65/164
233 239 238 463/871
234 239 239 353/889
234 239 238 363/599
235 239 239 387/973
235 239 238 211/407
236 239 239 143/359
236 239 238 503/798
237 239 239 347/870
237 239 238 241/492
238 239 239 29/74
238 239 238 557/840
239 239 239 197/567
239 239 238 182/577
192 240 240 121/307
192 240 239 100/999
193 240 240 307/771
193 240 239 85/813
194 240 240 187/465
194 240 239 105/992
195 240 240 121/298
195 240 239 95/861
196 240 240 391/954
196 240 239 91/817
197 240 240 67/162
197 240 239 43/371
198 240 240 305/731
198 240 239 107/917
199 240 240 364/865
199 240 239 97/800
200 240 240 199/469
200 240 239 117/961
201 240 240 216/505
201 240 239 103/815
202 240 240 272/631
202 240 239 91/719
203 240 240 205/472
203 240 239 86/655
204 240 240 7/16
204 240 239 131/999
205 240 240 319/724
205 240 239 17/125
206 240 240 425/958
206 240 239 89/657
207 240 240 372/833
207 240 239 17/121
208 240 240 449/999
208 240 239 6/43
209 240 240 445/984
209 240 239 107/739
210 240 240 207/455
210 240 239 124/865
211 240 240 151/330
211 240 239 67/450
212 240 240 352/765
212 240 239 140/953
213 240 240 167/361
213 240 239 112/733
214 240 240 93/200
214 240 239 126/839
215 240 240 143/306
215 240 239 139/888
216 240 240 455/969
216 240 239 104/679
217 240 240 442/937
217 240 239 61/381
218 240 240 217/458
218 240 239 12/77
219 240 240 59/124
219 240 239 157/960
220 240 240 429/898
220 240 239 143/904
221 240 240 270/563
221 240 239 134/803
222 240 240 129/268
222 240 239 127/793
223 240 240 427/884
223 240 239 122/717
224 240 240 142/293
224 240 239 146/903
225 240 240 334/687
225 240 239 98/565
226 240 240 335/687
226 240 239 34/209
227 240 240 289/591
227 240 239 49/277
228 240 240 379/773
228 240 239 140/859
229 240 240 463/942
229 240 239 161/891
230 240 240 436/885
230 240 239 149/918
231 240 240 432/875
231 240 239 148/799
232 240 240 373/754
232 240 239 139/868
233 240 240 169/341
233 240 239 83/434
234 240 240 486/979
234 240 239 62/399
235 240 240 439/883
235 240 239 110/549
236 240 240 461/926
236 240 239 109/749
237 240 240 476/955
237 240 239 161/743
238 240 240 235/471
238 240 239 115/931
239 240 240 397/795
239 240 239 182/719
240 240 240 499/999
240 240 239 41/645
171 241 241 153/479
171 241 240 185/906
172 241 241 252/785
172 241 240 85/407
173 241 241 205/634
173 241 240 194/911
174 241 241 64/197
174 241 240 169/777
175 241 241 177/541
175 241 240 101/456
176 241 241 256/779
176 241 240 223/987
177 241 241 317/958
177 241 240 91/396
178 241 241 105/316
178 241 240 48/205
179 241 241 280/837
179 241 240 211/887
180 241 241 314/935
180 241 240 177/731
181 241 241 310/917
181 241 240 231/940
182 241 241 19/56
182 241 240 1/4
183 241 241 279/817
183 241 240 187/738
184 241 241 86/251
184 241 240 95/369
185 241 241 10/29
185 241 240 193/740
186 241 241 147/425
186 241 240 94/355
187 241 241 118/339
187 241 240 145/541
188 241 241 200/573
188 241 240 152/559
189 241 241 85/242
189 241 240 272/989
190 241 241 344/977
190 241 240 191/685
191 241 241 259/731
191 241 240 31/110
192 241 241 49/138
192 241 240 251/879
193 241 241 343/960
193 241 240 122/423
194 241 241 349/975
194 241 240 269/921
195 241 241 295/819
195 241 240 74/251
196 241 241 351/973
196 241 240 94/315
197 241 241 322/887
197 241 240 289/960
198 241 241 173/476
198 241 240 293/962
199 241 241 342/935
199 241 240 39/127
200 241 241 41/112
200 241 240 241/776
201 241 241 367/996
201 241 240 292/933
202 241 241 289/784
202 241 240 268/847
203 241 241 321/865
203 241 240 247/775
204 241 241 131/353
204 241 240 316/981
205 241 241 321/859
205 241 240 12/37
206 241 241 285/763
206 241 240 214/653
207 241 241 339/901
207 241 240 283/858
208 241 241 262/697
208 241 240 1/3
209 241 241 25/66
209 241 240 286/853
210 241 241 351/928
210 241 240 21/62
211 241 241 45/118
211 241 240 123/361
212 241 241 317/833
212 241 240 243/706
213 241 241 316/823
213 241 240 341/985
214 241 241 322/841
214 241 240 71/203
215 241 241 365/944
215 241 240 305/867
216 241 241 47/122
216 241 240 107/301
217 241 241 386/991
217 241 240 265/741
218 241 241 145/374
218 241 240 278/769
219 241 241 382/973
219 241 240 282/775
220 241 241 290/743
220 241 240 244/663
221 241 241 181/457
221 241 240 241/650
222 241 241 219/557
222 241 240 313/834
223 241 241 399/997
223 241 240 64/169
224 241 241 67/169
224 241 240 241/628
225 241 241 145/358
225 241 240 304/783
226 241 241 215/537
226 241 240 199/505
227 241 241 123/299
227 241 240 388/969
228 241 241 182/449
228 241 240 301/739
229 241 241 373/888
229 241 240 261/626
230 241 241 321/779
230 241 240 97/228
231 241 241 338/781
231 241 240 206/467
232 241 241 27/64
232 241 240 288/637
233 241 241 237/523
233 241 240 143/298
234 241 241 410/937
234 241 240 395/798
235 241 241 449/917
235 241 240 177/322
236 241 241 388/833
236 241 240 539/942
237 241 241 76/145
237 241 240 121/200
238 241 241 439/912
238 241 240 183/287
239 241 241 665/998
239 241 240 250/287
240 241 241 244/413
240 241 240 353/367
241 241 241 531/983
241 241 240 362/829
129 242 242 123/934
129 242 241 32/687
130 242 242 19/142
130 242 241 5/106
131 242 242 80/589
131 242 241 20/419
132 242 242 135/979
132 242 241 10/207
133 242 242 121/865
133 242 241 28/573
134 242 242 131/923
134 242 241 48/971
135 242 242 101/702
135 242 241 1/20
136 242 242 117/802
136 242 241 33/653
137 242 242 107/724
137 242 241 31/607
138 242 242 96/641
138 242 241 43/833
139 242 242 116/765
139 242 241 45/863
140 242 242 131/853
140 242 241 52/987
141 242 242 23/148
141 242 241 49/921
142 242 242 157/998
142 242 241 49/912
143 242 242 158/993
143 242 241 41/756
144 242 242 151/938
144 242 241 19/347
145 242 242 69/424
145 242 241 10/181
146 242 242 118/717
146 242 241 46/825
147 242 242 74/445
147 242 241 50/889
148 242 242 137/815
148 242 241 53/934
149 242 242 91/536
149 242 241 44/769
150 242 242 41/239
150 242 241 55/953
151 242 242 146/843
151 242 241 58/997
152 242 242 60/343
152 242 241 21/358
153 242 242 176/997
153 242 241 12/203
154 242 242 113/634
154 242 241 23/386
155 242 242 89/495
155 242 241 41/683
156 242 242 47/259
156 242 241 49/810
157 242 242 99/541
157 242 241 46/755
158 242 242 161/872
158 242 241 24/391
159 242 242 59/317
159 242 241 39/631
160 242 242 52/277
160 242 241 47/755
161 242 242 185/978
161 242 241 47/750
162 242 242 169/886
162 242 241 59/935
163 242 242 191/994
163 242 241 63/992
164 242 242 43/222
164 242 241 39/610
165 242 242 166/851
165 242 241 11/171
166 242 242 195/992
166 242 241 9/139
167 242 242 151/763
167 242 241 65/998
168 242 242 193/968
168 242 241 35/534
169 242 242 179/892
169 242 241 41/622
170 242 242 191/945
170 242 241 38/573
171 242 242 157/772
171 242 241 1/15
172 242 242 197/962
172 242 241 11/164
173 242 242 55/267
173 242 241 53/786
174 242 242 163/786
174 242 241 63/929
175 242 242 122/585
175 242 241 67/983
176 242 242 106/505
176 242 241 22/321
177 242 242 88/417
177 242 241 52/755
178 242 242 55/259
178 242 241 52/751
179 242 242 127/595
179 242 241 8/115
180 242 242 169/787
180 242 241 10/143
181 242 242 41/190
181 242 241 55/783
182 242 242 28/129
182 242 241 67/949
183 242 242 99/454
183 242 241 29/409
184 242 242 209/953
184 242 241 57/800
185 242 242 50/227
185 242 241 42/587
186 242 242 200/903
186 242 241 67/932
187 242 242 139/625
187 242 241 55/762
188 242 242 127/568
188 242 241 67/924
189 242 242 200/891
189 242 241 61/838
190 242 242 169/749
190 242 241 34/465
191 242 242 166/733
191 242 241 8/109
192 242 242 216/949
192 242 241 30/407
193 242 242 37/162
193 242 241 29/392
194 242 242 227/989
194 242 241 63/848
195 242 242 35/152
195 242 241 46/617
196 242 242 149/644
196 242 241 67/895
197 242 242 152/655
197 242 241 16/213
198 242 242 128/549
198 242 241 58/769
199 242 242 101/432
199 242 241 14/185
200 242 242 229/975
200 242 241 43/566
201 242 242 235/998
201 242 241 67/879
202 242 242 224/947
202 242 241 73/954
203 242 242 179/755
203 242 241 38/495
204 242 242 236/991
204 242 241 43/558
205 242 242 21/88
205 242 241 61/789
206 242 242 64/267
206 242 241 61/786
207 242 242 67/279
207 242 241 51/655
208 242 242 48/199
208 242 241 39/499
209 242 242 115/476
209 242 241 77/982
210 242 242 240/989
210 242 241 64/813
211 242 242 165/679
211 242 241 41/519
212 242 242 238/975
212 242 241 59/744
213 242 242 163/667
213 242 241 16/201
214 242 242 232/945
214 242 241 76/951
215 242 242 187/761
215 242 241 76/947
216 242 242 239/968
216 242 241 39/484
217 242 242 232/939
217 242 241 37/457
218 242 242 147/592
218 242 241 77/947
219 242 242 118/475
219 242 241 74/905
220 242 242 249/997
220 242 241 63/767
221 242 242 249/997
221 242 241 11/133
222 242 242 49/195
222 242 241 31/373
223 242 242 239/951
223 242 241 55/656
224 242 242 107/423
224 242 241 51/605
225 242 242 106/419
225 242 241 84/985
226 242 242 183/718
226 242 241 81/944
227 242 242 90/353
227 242 241 49/562
228 242 242 107/416
228 242 241 80/911
229 242 242 112/435
229 242 241 63/701
230 242 242 260/999
230 242 241 63/695
231 242 242 119/456
231 242 241 20/213
232 242 242 195/737
232 242 241 67/706
233 242 242 179/672
233 242 241 45/448
234 242 242 54/199
234 242 241 89/874
235 242 242 189/685
235 242 241 10/89
236 242 242 274/967
236 242 241 96/839
237 242 242 167/564
237 242 241 113/820
238 242 242 286/927
238 242 241 63/446
239 242 242 271/821
239 242 241 79/718
240 242 242 383/859
240 242 241 79/199
241 242 242 283/607
241 242 241 323/739
242 242 242 418/711
242 242 241 9/110
