# UNIF(n=97,lo,hi): D_ren + dipoles; lines "lo hi level amplitude" for the corrected intervals
80 80 80 46/951
80 80 79 -1/609
81 81 81 4/47
81 81 80 -2/751
82 82 82 53/519
82 82 81 77/948
83 83 83 38/337
83 83 82 5/768
84 84 84 101/775
84 84 83 59/510
85 85 85 107/738
85 85 84 13/828
84 86 86 37/282
84 86 85 70/613
86 86 86 41/257
86 86 85 131/894
85 87 87 53/621
85 87 86 -11/394
87 87 87 38/205
87 87 86 15/593
86 88 88 58/305
86 88 87 27/137
88 88 88 121/611
88 88 87 97/525
85 89 89 97/502
85 89 88 12/361
87 89 89 9/41
87 89 88 20/493
88 89 89 166/719
88 89 88 84/659
89 89 89 16/195
89 89 88 -10/141
84 90 90 189/809
84 90 89 253/925
86 90 90 26/103
86 90 89 169/570
87 90 90 153/587
87 90 89 163/399
88 90 90 25/314
88 90 89 -36/659
89 90 90 23/884
89 90 89 -2/191
90 90 90 42/479
90 90 89 -7/87
83 91 91 91/349
83 91 90 51/842
84 91 91 95/349
84 91 90 19/191
85 91 91 265/937
85 91 90 71/998
86 91 91 280/957
86 91 90 13/108
87 91 91 262/869
87 91 90 33/434
88 91 91 191/617
88 91 90 65/453
89 91 91 236/745
89 91 90 65/906
90 91 91 74/229
90 91 90 159/911
91 91 91 305/928
91 91 90 8/165
80 92 92 129/380
80 92 91 29/66
81 92 92 335/966
81 92 91 278/575
82 92 92 29/82
82 92 91 309/667
83 92 92 305/847
83 92 91 323/628
84 92 92 354/967
84 92 91 277/575
85 92 92 55/148
85 92 91 535/983
86 92 92 301/799
86 92 91 332/673
87 92 92 299/784
87 92 91 538/935
88 92 92 305/791
88 92 91 471/952
89 92 92 322/827
89 92 91 611/997
90 92 92 161/410
90 92 91 323/676
91 92 92 212/545
91 92 91 597/908
92 92 92 83/650
92 92 91 -103/829
77 93 93 401/997
77 93 92 12/121
78 93 93 124/301
78 93 92 103/879
79 93 93 409/971
79 93 92 31/276
80 93 93 132/307
80 93 92 125/946
81 93 93 227/518
81 93 92 41/332
82 93 93 194/435
82 93 92 101/691
83 93 93 407/898
83 93 92 96/725
84 93 93 454/987
84 93 92 129/808
85 93 93 359/770
85 93 92 23/166
86 93 93 278/589
86 93 92 173/998
87 93 93 325/681
87 93 92 10/71
88 93 93 455/944
88 93 92 61/323
89 93 93 442/909
89 93 92 67/490
90 93 93 49/100
90 93 92 143/680
91 93 93 475/963
91 93 92 18/151
92 93 93 62/125
92 93 92 110/439
93 93 93 427/857
93 93 92 62/993
68 94 94 298/919
68 94 93 152/693
69 94 94 35/107
69 94 93 223/961
70 94 94 105/313
70 94 93 171/704
71 94 94 79/234
71 94 93 247/968
72 94 94 89/257
72 94 93 166/625
73 94 94 299/860
73 94 93 227/818
74 94 94 353/989
74 94 93 208/723
75 94 94 302/845
75 94 93 91/304
76 94 94 43/117
76 94 93 308/995
77 94 94 324/883
77 94 93 306/953
78 94 94 263/695
78 94 93 70/211
79 94 94 93/247
79 94 93 295/859
80 94 94 245/628
80 94 93 97/273
81 94 94 351/908
81 94 93 273/743
82 94 94 113/280
82 94 93 343/898
83 94 94 319/802
83 94 93 32/81
84 94 94 193/459
84 94 93 83/200
85 94 94 374/909
85 94 93 353/821
86 94 94 4/9
86 94 93 191/414
87 94 94 368/855
87 94 93 463/965
88 94 94 481/994
88 94 93 43/80
89 94 94 316/685
89 94 93 184/327
90 94 94 455/874
90 94 93 331/554
91 94 94 464/969
91 94 93 619/979
92 94 94 197/296
92 94 93 591/680
93 94 94 488/827
93 94 93 533/555
94 94 94 379/702
94 94 93 75/172
51 95 95 51/386
51 95 94 26/549
52 95 95 99/722
52 95 94 31/635
53 95 95 99/695
53 95 94 42/835
54 95 95 92/625
54 95 94 44/851
55 95 95 131/860
55 95 94 45/847
56 95 95 117/746
56 95 94 45/826
57 95 95 11/68
57 95 94 32/573
58 95 95 44/265
58 95 94 2/35
59 95 95 104/609
59 95 94 19/325
60 95 95 43/246
60 95 94 59/988
61 95 95 33/184
61 95 94 5/82
62 95 95 165/901
62 95 94 61/981
63 95 95 3/16
63 95 94 31/489
64 95 95 179/937
64 95 94 45/697
65 95 95 172/881
65 95 94 14/213
66 95 95 188/947
66 95 94 45/673
67 95 95 79/390
67 95 94 24/353
68 95 95 22/107
68 95 94 17/246
69 95 95 172/821
69 95 94 69/983
70 95 95 183/862
70 95 94 41/575
71 95 95 78/361
71 95 94 28/387
72 95 95 101/462
72 95 94 51/694
73 95 95 221/994
73 95 94 19/255
74 95 95 42/187
74 95 94 19/251
75 95 95 199/872
75 95 94 53/691
76 95 95 225/977
76 95 94 50/641
77 95 95 167/714
77 95 94 38/481
78 95 95 141/598
78 95 94 64/795
79 95 95 227/948
79 95 94 15/184
80 95 95 233/966
80 95 94 1/12
81 95 95 37/151
81 95 94 32/379
82 95 95 191/774
82 95 94 67/771
83 95 95 199/793
83 95 94 59/670
84 95 95 43/170
84 95 94 11/120
85 95 95 241/935
85 95 94 93/1000
86 95 95 49/188
86 95 94 69/698
87 95 95 265/994
87 95 94 97/965
88 95 95 117/430
88 95 94 67/602
89 95 95 67/239
89 95 94 51/449
90 95 95 223/759
90 95 94 31/226
91 95 95 112/365
91 95 94 107/760
92 95 95 329/1000
92 95 94 76/693
93 95 95 398/893
93 95 94 139/349
94 95 95 430/921
94 95 94 141/323
95 95 95 277/471
95 95 94 79/968
