# UNIF(n=114,lo,hi): D_ren + dipoles; lines "lo hi level amplitude" for the corrected intervals
95 95 95 33/752
95 95 94 -1/709
96 96 96 65/876
96 96 95 -2/923
97 97 97 29/330
97 97 96 1/15
98 98 98 5/52
98 98 97 4/779
99 99 99 36/325
99 99 98 89/932
100 100 100 66/545
100 100 99 3/241
101 101 101 127/942
101 101 100 89/724
100 102 102 1/13
100 102 101 -18/985
102 102 102 53/351
102 102 101 14/699
101 103 103 131/902
101 103 102 23/167
103 103 103 27/166
103 103 102 52/343
102 104 104 13/173
102 104 103 -15/446
104 104 104 154/813
104 104 103 21/743
101 105 105 100/557
101 105 104 180/943
103 105 105 167/839
103 105 104 115/542
105 105 105 1/5
105 105 104 173/920
100 106 106 58/311
100 106 105 13/354
102 106 106 14/67
102 106 105 41/910
103 106 106 95/434
103 106 105 49/463
104 106 106 194/851
104 106 105 25/533
105 106 106 205/868
105 106 105 51/388
106 106 106 72/899
106 106 105 -67/930
99 107 107 73/873
99 107 106 -6/775
101 107 107 32/129
101 107 106 214/717
102 107 107 149/584
102 107 106 43/113
103 107 107 73/279
103 107 106 309/989
104 107 107 251/938
104 107 106 127/302
105 107 107 68/877
105 107 106 -27/454
106 107 107 9/364
106 107 106 -6/445
107 107 107 60/689
107 107 106 -51/623
98 108 108 195/743
98 108 107 12/179
99 108 108 226/831
99 108 107 47/485
100 108 108 248/883
100 108 107 9/118
101 108 108 277/958
101 108 107 71/630
102 108 108 233/785
102 108 107 27/329
103 108 108 196/645
103 108 107 27/209
104 108 108 310/999
104 108 107 67/808
105 108 108 92/291
105 108 107 114/767
106 108 108 179/557
106 108 107 29/385
107 108 108 59/181
107 108 107 117/662
108 108 108 228/691
108 108 107 49/990
95 109 109 101/293
95 109 108 446/995
96 109 109 331/944
96 109 108 469/969
97 109 109 57/160
97 109 108 461/983
98 109 109 47/130
98 109 108 215/422
99 109 109 151/412
99 109 108 69/142
100 109 109 193/520
100 109 108 71/133
101 109 109 98/261
101 109 108 443/889
102 109 109 74/195
102 109 108 557/998
103 109 109 346/903
103 109 108 323/640
104 109 109 201/520
104 109 108 543/929
105 109 109 187/480
105 109 108 281/560
106 109 109 51/130
106 109 108 555/898
107 109 109 388/983
107 109 108 375/779
108 109 109 291/746
108 109 108 573/869
109 109 109 113/326
109 109 108 251/800
90 110 110 95/239
90 110 109 86/855
91 110 110 95/234
91 110 109 69/605
92 110 110 217/524
92 110 109 79/706
93 110 110 316/749
93 110 109 112/887
94 110 110 416/969
94 110 109 5/41
95 110 110 24/55
95 110 109 80/581
96 110 110 424/957
96 110 109 118/903
97 110 110 324/721
97 110 109 72/485
98 110 110 311/683
98 110 109 111/805
99 110 110 360/781
99 110 109 107/674
100 110 110 131/281
100 110 109 45/314
101 110 110 57/121
101 110 109 134/793
102 110 110 341/717
102 110 109 129/881
103 110 110 154/321
103 110 109 109/606
104 110 110 338/699
104 110 109 108/739
105 110 110 318/653
105 110 109 50/259
106 110 110 345/704
106 110 109 48/343
107 110 110 477/968
107 110 109 64/301
108 110 110 355/717
108 110 109 68/563
109 110 110 86/173
109 110 109 251/998
110 110 110 197/395
110 110 109 11/175
80 111 111 142/439
80 111 110 109/510
81 111 111 216/655
81 111 110 159/713
82 111 111 260/783
82 111 110 202/865
83 111 111 22/65
83 111 110 119/491
84 111 111 49/144
84 111 110 149/590
85 111 111 94/271
85 111 110 208/797
86 111 111 227/652
86 111 110 263/971
87 111 111 349/983
87 111 110 248/889
88 111 111 164/461
88 111 110 200/693
89 111 111 175/482
89 111 110 110/371
90 111 111 317/873
90 111 110 272/889
91 111 111 226/609
91 111 110 284/905
92 111 111 10/27
92 111 110 309/956
93 111 111 11/29
93 111 110 54/163
94 111 111 54/143
94 111 110 335/983
95 111 111 26/67
95 111 110 36/103
96 111 111 109/283
96 111 110 175/487
97 111 111 146/367
97 111 110 109/295
98 111 111 83/211
98 111 110 239/629
99 111 111 292/713
99 111 110 145/369
100 111 111 384/953
100 111 110 316/781
101 111 111 317/746
101 111 110 361/853
102 111 111 311/749
102 111 110 239/547
103 111 111 158/353
103 111 110 185/396
104 111 111 349/806
104 111 110 424/875
105 111 111 52/107
105 111 110 478/883
106 111 111 306/661
106 111 110 267/472
107 111 111 489/937
107 111 110 598/997
108 111 111 391/815
108 111 110 627/989
109 111 111 544/817
109 111 110 867/997
110 111 111 503/852
110 111 110 393/409
111 111 111 27/50
111 111 110 397/910
61 112 112 128/953
61 112 111 38/795
62 112 112 136/979
62 112 111 45/917
63 112 112 93/650
63 112 111 9/179
64 112 112 95/644
64 112 111 46/893
65 112 112 5/33
65 112 111 52/987
66 112 112 117/751
66 112 111 39/724
67 112 112 113/708
67 112 111 38/691
68 112 112 159/971
68 112 111 53/944
69 112 112 157/938
69 112 111 40/699
70 112 112 91/531
70 112 111 7/120
71 112 112 25/143
71 112 111 44/741
72 112 112 57/319
72 112 111 35/579
73 112 112 121/665
73 112 111 11/179
74 112 112 127/684
74 112 111 1/16
75 112 112 131/694
75 112 111 29/457
76 112 112 191/993
76 112 111 33/512
77 112 112 74/379
77 112 111 65/994
78 112 112 154/775
78 112 111 14/211
79 112 112 169/839
79 112 111 15/223
80 112 112 146/713
80 112 111 3/44
81 112 112 176/849
81 112 111 61/883
82 112 112 4/19
82 112 111 31/443
83 112 112 205/963
83 112 111 44/621
84 112 112 197/912
84 112 111 35/488
85 112 112 209/958
85 112 111 40/551
86 112 112 194/877
86 112 111 73/994
87 112 112 181/811
87 112 111 11/148
88 112 112 83/367
88 112 111 36/479
89 112 112 199/873
89 112 111 76/999
90 112 112 151/654
90 112 111 1/13
91 112 112 83/357
91 112 111 68/873
92 112 112 101/429
92 112 111 78/991
93 112 112 185/781
93 112 111 19/238
94 112 112 207/863
94 112 111 78/967
95 112 112 198/821
95 112 111 46/561
96 112 112 32/131
96 112 111 73/881
97 112 112 41/167
97 112 111 63/745
98 112 112 215/864
98 112 111 33/386
99 112 112 1/4
99 112 111 70/797
100 112 112 115/453
100 112 111 87/979
101 112 112 82/321
101 112 111 52/563
102 112 112 243/935
102 112 111 19/203
103 112 112 95/362
103 112 111 46/463
104 112 112 211/787
104 112 111 76/753
105 112 112 267/977
105 112 111 24/215
106 112 112 281/999
106 112 111 37/325
107 112 112 253/859
107 112 111 118/859
108 112 112 296/963
108 112 111 21/149
109 112 112 55/167
109 112 111 55/501
110 112 112 419/940
110 112 111 337/847
111 112 112 7/15
111 112 111 359/822
112 112 112 177/301
112 112 111 29/355
