# UNIF(n=52,lo,hi): D_ren + dipoles; lines "lo hi level amplitude" for the corrected intervals
41 41 41 76/595
41 41 40 72/839
42 42 42 59/397
42 42 41 1/397
43 43 43 42/229
43 43 42 154/989
44 44 44 11/112
44 44 43 -11/186
43 45 45 51/497
43 45 44 -7/471
45 45 45 93/986
45 45 44 -2/29
44 46 46 273/992
44 46 45 31/693
46 46 46 58/183
46 46 45 32/783
43 47 47 29/83
43 47 46 379/907
44 47 47 33/91
44 47 46 243/437
45 47 47 271/724
45 47 46 43/98
46 47 47 256/671
46 47 46 595/928
47 47 47 121/353
47 47 46 11/36
42 48 48 205/488
42 48 47 69/677
43 48 48 373/854
43 48 47 101/639
44 48 48 173/383
44 48 47 6/53
45 48 48 397/854
45 48 47 17/88
46 48 48 231/485
46 48 47 97/901
47 48 48 415/854
47 48 47 68/279
48 48 48 241/488
48 48 47 50/841
37 49 49 241/671
37 49 48 32/117
38 49 49 227/632
38 49 48 145/482
39 49 49 55/142
39 49 48 321/961
40 49 49 294/767
40 49 48 69/191
41 49 49 173/411
41 49 48 267/661
42 49 49 377/917
42 49 48 376/869
43 49 49 319/681
43 49 48 499/999
44 49 49 394/877
44 49 48 409/767
45 49 49 208/407
45 49 48 545/949
46 49 49 321/680
46 49 48 117/190
47 49 49 279/421
47 49 48 156/181
48 49 49 529/899
48 49 48 109/114
49 49 49 282/523
49 49 48 423/974
28 50 50 132/965
28 50 49 47/926
29 50 50 84/575
29 50 49 9/167
30 50 50 104/665
30 50 49 29/511
31 50 50 153/928
31 50 49 7/117
32 50 50 151/865
32 50 49 1/16
33 50 50 113/620
33 50 49 55/838
34 50 50 165/862
34 50 49 3/44
35 50 50 171/862
35 50 49 71/993
36 50 50 99/478
36 50 49 47/636
37 50 50 111/520
37 50 49 33/425
38 50 50 91/410
38 50 49 2/25
39 50 50 181/794
39 50 49 76/897
40 50 50 232/981
40 50 49 27/310
41 50 50 219/902
41 50 49 20/213
42 50 50 33/131
42 50 49 27/280
43 50 50 185/711
43 50 49 50/463
44 50 50 42/155
44 50 49 96/865
45 50 50 43/150
45 50 49 73/540
46 50 50 165/547
46 50 49 17/122
47 50 50 169/519
47 50 49 108/995
48 50 50 142/319
48 50 49 383/952
49 50 50 128/273
49 50 49 104/239
50 50 50 385/654
50 50 49 73/900
