# UNIF(n=230,lo,hi): D_ren + dipoles; lines "lo hi level amplitude" for the corrected intervals
200 200 200 26/639
200 200 199 -3/959
201 201 201 19/699
201 201 200 -1/397
202 202 202 35/716
202 202 201 0
203 203 203 19/695
203 203 202 -4/665
204 204 204 35/608
204 204 203 2/721
205 205 205 18/647
205 205 204 -9/938
206 206 206 52/777
206 206 205 2/349
207 207 207 20/697
207 207 206 -13/976
208 208 208 64/829
208 208 207 7/801
209 209 209 29/965
209 209 208 -17/983
208 210 210 63/976
208 210 209 0
210 210 210 15/169
210 210 209 3/253
209 211 211 23/608
209 211 210 -4/803
211 211 211 77/808
211 211 210 49/548
210 212 212 81/982
210 212 211 7/964
212 212 212 49/480
212 212 211 1/66
211 213 213 89/942
211 213 212 45/518
213 213 213 89/825
213 213 212 29/283
210 214 214 23/270
210 214 213 5/666
212 214 214 91/888
212 214 213 14/967
214 214 214 23/195
214 214 213 16/853
211 215 215 34/787
211 215 214 -3/434
213 215 215 88/761
213 215 214 108/941
215 215 215 77/625
215 215 214 107/907
212 216 216 73/650
212 216 215 17/911
214 216 216 111/883
214 216 215 13/582
216 216 216 48/349
216 216 215 13/570
211 217 217 104/873
211 217 216 83/671
213 217 217 107/819
213 217 216 104/753
215 217 217 92/653
215 217 216 140/949
217 217 217 60/421
217 217 216 131/956
212 218 218 125/941
212 218 217 27/965
214 218 218 47/326
214 218 217 5/161
216 218 218 22/437
216 218 217 -32/889
217 218 218 119/750
217 218 217 47/516
218 218 218 85/522
218 218 217 18/653
211 219 219 62/419
211 219 218 107/637
213 219 219 14/89
213 219 218 139/774
214 219 219 53/328
214 219 218 209/849
215 219 219 26/157
215 219 218 23/123
216 219 219 94/555
216 219 218 265/982
217 219 219 144/833
217 219 218 10/53
218 219 219 87/494
218 219 218 62/209
219 219 219 87/518
219 219 218 160/991
210 220 220 142/907
210 220 219 27/691
212 220 220 115/689
212 220 219 9/208
213 220 220 40/233
213 220 219 19/253
214 220 220 173/982
214 220 219 43/940
215 220 220 46/255
215 220 219 49/576
216 220 220 113/613
216 220 219 19/414
217 220 220 91/484
217 220 219 35/363
218 220 220 32/567
218 220 219 -33/713
219 220 220 13/908
219 220 219 -7/890
220 220 220 61/309
220 220 219 12/359
209 221 221 167/904
209 221 220 179/795
211 221 221 58/301
211 221 220 133/562
212 221 221 119/606
212 221 220 167/591
213 221 221 199/996
213 221 220 94/383
214 221 221 13/64
214 221 220 199/662
215 221 221 73/354
215 221 220 157/626
216 221 221 193/923
216 221 220 295/923
217 221 221 151/713
217 221 220 251/998
218 221 221 3/14
218 221 220 299/876
219 221 221 191/882
219 221 220 187/763
220 221 221 190/869
220 221 220 65/176
221 221 221 193/949
221 221 220 104/535
206 222 222 171/880
206 222 221 53/989
208 222 222 192/941
208 222 221 58/985
209 222 222 175/839
209 222 221 10/129
210 222 222 122/573
210 222 221 43/680
211 222 222 79/364
211 222 221 35/412
212 222 222 192/869
212 222 221 25/376
213 222 222 206/917
213 222 221 16/173
214 222 222 206/903
214 222 221 46/673
215 222 222 28/121
215 222 221 20/199
216 222 222 117/499
216 222 221 11/161
217 222 222 117/493
217 222 221 59/538
218 222 222 239/996
218 222 221 62/947
219 222 222 231/953
219 222 221 115/948
220 222 222 227/928
220 222 221 25/432
221 222 222 237/961
221 222 221 61/441
222 222 222 41/536
222 222 221 -55/738
203 223 223 58/773
203 223 222 -6/859
204 223 223 7/103
204 223 222 -5/977
205 223 223 43/598
205 223 222 -14/995
206 223 223 33/515
206 223 222 -9/814
207 223 223 35/506
207 223 222 -6/289
208 223 223 54/895
208 223 222 -6/367
209 223 223 45/673
209 223 222 -21/775
210 223 223 45/794
210 223 222 -17/812
211 223 223 62/953
211 223 222 -6/181
212 223 223 22/415
212 223 222 -7/283
213 223 223 38/595
213 223 222 -8/205
214 223 223 49/996
214 223 222 -25/906
215 223 223 61/961
215 223 222 -23/512
216 223 223 17/378
216 223 222 -29/991
217 223 223 193/698
217 223 222 99/280
218 223 223 101/363
218 223 222 350/823
219 223 223 197/704
219 223 222 89/256
220 223 223 272/967
220 223 222 363/812
221 223 223 71/976
221 223 222 -11/161
222 223 223 1/46
222 223 222 -17/895
223 223 223 85/992
223 223 222 -84/995
198 224 224 85/329
198 224 223 67/931
199 224 224 191/726
199 224 223 61/754
200 224 224 197/736
200 224 223 45/577
201 224 224 117/430
201 224 223 68/777
202 224 224 207/749
202 224 223 75/898
203 224 224 269/959
203 224 223 91/970
204 224 224 262/921
204 224 223 27/305
205 224 224 175/607
205 224 223 57/571
206 224 224 233/798
206 224 223 78/839
207 224 224 125/423
207 224 223 100/947
208 224 224 295/987
208 224 223 94/971
209 224 224 229/758
209 224 223 111/998
210 224 224 300/983
210 224 223 99/991
211 224 224 224/727
211 224 223 30/257
212 224 224 254/817
212 224 223 51/499
213 224 224 269/858
213 224 223 35/286
214 224 224 243/769
214 224 223 3/29
215 224 224 205/644
215 224 223 108/841
216 224 224 308/961
216 224 223 45/436
217 224 224 189/586
217 224 223 44/325
218 224 224 230/709
218 224 223 37/367
219 224 224 166/509
219 224 223 71/492
220 224 224 97/296
220 224 223 9/95
221 224 224 261/793
221 224 223 94/597
222 224 224 301/911
222 224 223 51/626
223 224 224 184/555
223 224 223 63/349
224 224 224 269/809
224 224 223 48/937
192 225 225 311/904
192 225 224 442/957
193 225 225 263/758
193 225 224 298/645
194 225 225 304/869
194 225 224 363/766
195 225 225 250/709
195 225 224 439/928
196 225 225 264/743
196 225 224 414/853
197 225 225 160/447
197 225 224 335/693
198 225 225 177/491
198 225 224 66/133
199 225 225 339/934
199 225 224 177/359
200 225 225 194/531
200 225 224 461/910
201 225 225 357/971
201 225 224 130/259
202 225 225 145/392
202 225 224 487/943
203 225 225 221/594
203 225 224 203/398
204 225 225 269/719
204 225 224 163/310
205 225 225 375/997
205 225 224 313/605
206 225 225 31/82
206 225 224 477/892
207 225 225 359/945
207 225 224 518/989
208 225 225 129/338
208 225 224 520/957
209 225 225 23/60
209 225 224 480/907
210 225 225 266/691
210 225 224 549/995
211 225 225 383/991
211 225 224 374/701
212 225 225 45/116
212 225 224 517/923
213 225 225 211/542
213 225 224 471/878
214 225 225 191/489
214 225 224 525/923
215 225 225 373/952
215 225 224 93/173
216 225 225 323/822
216 225 224 539/932
217 225 225 381/967
217 225 224 230/429
218 225 225 126/319
218 225 224 23/39
219 225 225 327/826
219 225 224 381/718
220 225 225 265/668
220 225 224 23/38
221 225 225 312/785
221 225 224 29/56
222 225 225 127/319
222 225 224 257/408
223 225 225 185/464
223 225 224 398/813
224 225 225 163/416
224 225 224 478/721
225 225 225 329/947
225 225 224 275/872
181 226 226 41/104
181 226 225 63/619
182 226 226 161/404
182 226 225 13/126
183 226 226 385/956
183 226 225 39/361
184 226 226 286/703
184 226 225 105/962
185 226 226 53/129
185 226 225 13/114
186 226 226 129/311
186 226 225 58/505
187 226 226 301/719
187 226 225 95/793
188 226 226 381/902
188 226 225 118/981
189 226 226 170/399
189 226 225 50/399
190 226 226 171/398
190 226 225 106/845
191 226 226 149/344
191 226 225 108/827
192 226 226 399/914
192 226 225 107/821
193 226 226 128/291
193 226 225 59/435
194 226 226 109/246
194 226 225 90/667
195 226 226 361/809
195 226 225 83/591
196 226 226 31/69
196 226 225 138/991
197 226 226 393/869
197 226 225 86/593
198 226 226 289/635
198 226 225 49/342
199 226 226 310/677
199 226 225 49/328
200 226 226 415/901
200 226 225 127/864
201 226 226 384/829
201 226 225 121/788
202 226 226 265/569
202 226 225 134/891
203 226 226 397/848
203 226 225 135/857
204 226 226 335/712
204 226 225 91/593
205 226 226 269/569
205 226 225 111/688
206 226 226 161/339
206 226 225 52/333
207 226 226 446/935
207 226 225 133/806
208 226 226 479/1000
208 226 225 45/284
209 226 226 365/759
209 226 225 29/172
210 226 226 349/723
210 226 225 159/992
211 226 226 249/514
211 226 225 161/935
212 226 226 349/718
212 226 225 100/619
213 226 226 256/525
213 226 225 54/307
214 226 226 403/824
214 226 225 65/401
215 226 226 77/157
215 226 225 95/528
216 226 226 446/907
216 226 225 75/464
217 226 226 209/424
217 226 225 65/352
218 226 226 331/670
218 226 225 148/927
219 226 226 50/101
219 226 225 171/896
220 226 226 493/994
220 226 225 49/316
221 226 226 78/157
221 226 225 200/999
222 226 226 307/617
222 226 225 109/750
223 226 226 141/283
223 226 225 89/411
224 226 226 209/419
224 226 225 49/397
225 226 226 353/707
225 226 225 103/407
226 226 226 499/999
226 226 225 42/661
161 227 227 113/354
161 227 226 23/113
162 227 227 43/134
162 227 226 152/729
163 227 227 141/436
163 227 226 205/963
164 227 227 13/40
164 227 226 199/914
165 227 227 93/284
165 227 226 184/829
166 227 227 126/383
166 227 226 107/472
167 227 227 289/872
167 227 226 3/13
168 227 227 231/694
168 227 226 117/497
169 227 227 288/859
169 227 226 45/188
170 227 227 308/915
170 227 226 239/980
171 227 227 338/997
171 227 226 161/650
172 227 227 131/385
172 227 226 239/948
173 227 227 331/966
173 227 226 166/649
174 227 227 219/637
174 227 226 219/842
175 227 227 341/985
175 227 226 208/789
176 227 227 25/72
176 227 226 259/967
177 227 227 136/389
177 227 226 182/671
178 227 227 95/271
178 227 226 19/69
179 227 227 6/17
179 227 226 129/463
180 227 227 75/212
180 227 226 251/888
181 227 227 265/744
181 227 226 2/7
182 227 227 101/283
182 227 226 175/604
183 227 227 129/359
183 227 226 185/632
184 227 227 325/903
184 227 226 288/971
185 227 227 291/803
185 227 226 277/925
186 227 227 332/915
186 227 226 37/122
187 227 227 19/52
187 227 226 56/183
188 227 227 358/979
188 227 226 241/778
189 227 227 151/410
189 227 226 164/525
190 227 227 7/19
190 227 226 269/851
191 227 227 229/617
191 227 226 209/656
192 227 227 203/547
192 227 226 175/543
193 227 227 316/845
193 227 226 313/964
194 227 227 37/99
194 227 226 22/67
195 227 227 188/499
195 227 226 291/880
196 227 227 108/287
196 227 226 325/972
197 227 227 115/303
197 227 226 307/912
198 227 227 197/520
198 227 226 178/523
199 227 227 13/34
199 227 226 247/721
200 227 227 299/784
200 227 226 62/179
201 227 227 277/719
201 227 226 319/915
202 227 227 306/797
202 227 226 257/729
203 227 227 325/837
203 227 226 225/634
204 227 227 167/432
204 227 226 14/39
205 227 227 269/687
205 227 226 265/733
206 227 227 373/958
206 227 226 15/41
207 227 227 279/706
207 227 226 319/865
208 227 227 319/813
208 227 226 31/83
209 227 227 379/949
209 227 226 23/61
210 227 227 188/475
210 227 226 125/327
211 227 227 146/361
211 227 226 65/168
212 227 227 399/998
212 227 226 11/28
213 227 227 362/881
213 227 226 121/303
214 227 227 181/447
214 227 226 358/881
215 227 227 337/803
215 227 226 305/733
216 227 227 7/17
216 227 226 409/963
217 227 227 330/763
217 227 226 396/899
218 227 227 113/268
218 227 226 443/981
219 227 227 130/287
219 227 226 233/486
220 227 227 290/663
220 227 226 46/93
221 227 227 70/143
221 227 226 367/668
222 227 227 95/204
222 227 226 461/806
223 227 227 305/582
223 227 226 326/539
224 227 227 399/829
224 227 226 51/80
225 227 227 665/998
225 227 226 439/504
226 227 227 423/716
226 227 226 529/550
227 227 227 121/224
227 227 226 355/813
121 228 228 49/376
121 228 227 36/779
122 228 228 129/973
122 228 227 43/918
123 228 228 45/334
123 228 227 13/274
124 228 228 96/701
124 228 227 26/541
125 228 228 115/827
125 228 227 9/185
126 228 228 137/970
126 228 227 43/873
127 228 228 137/956
127 228 227 46/923
128 228 228 8/55
128 228 227 35/694
129 228 228 137/929
129 228 227 51/1000
130 228 228 35/234
130 228 227 44/853
131 228 228 117/772
131 228 227 28/537
132 228 228 104/677
132 228 227 33/626
133 228 228 7/45
133 228 227 40/751
134 228 228 133/844
134 228 227 19/353
135 228 228 37/232
135 228 227 53/975
136 228 228 88/545
136 228 227 52/947
137 228 228 57/349
137 228 227 51/920
138 228 228 79/478
138 228 227 37/661
139 228 228 67/401
139 228 227 37/655
140 228 228 109/645
140 228 227 13/228
141 228 228 139/814
141 228 227 57/991
142 228 228 135/782
142 228 227 48/827
143 228 228 34/195
143 228 227 35/598
144 228 228 151/857
144 228 227 16/271
145 228 228 119/669
145 228 227 56/941
146 228 228 122/679
146 228 227 59/983
147 228 228 163/899
147 228 227 15/248
148 228 228 106/579
148 228 227 5/82
149 228 228 53/287
149 228 227 43/700
150 228 228 137/735
150 228 227 13/210
151 228 228 184/979
151 228 227 26/417
152 228 228 150/791
152 228 227 49/780
153 228 228 151/790
153 228 227 21/332
154 228 228 107/555
154 228 227 23/361
155 228 228 142/731
155 228 227 27/421
156 228 228 180/919
156 228 227 31/480
157 228 228 131/664
157 228 227 57/877
158 228 228 176/885
158 228 227 53/810
159 228 228 165/824
159 228 227 58/881
160 228 228 158/783
160 228 227 11/166
161 228 228 196/965
161 228 227 1/15
162 228 228 168/821
162 228 227 11/164
163 228 228 202/981
163 228 227 23/341
164 228 228 73/352
164 228 227 53/781
165 228 228 208/997
165 228 227 67/982
166 228 228 121/576
166 228 227 7/102
167 228 228 15/71
167 228 227 69/1000
168 228 228 198/931
168 228 227 29/418
169 228 228 65/304
169 228 227 41/588
170 228 228 201/934
170 228 227 19/271
171 228 228 146/675
171 228 227 41/582
172 228 228 37/170
172 228 227 25/353
173 228 228 124/567
173 228 227 55/773
174 228 228 211/959
174 228 227 58/811
175 228 228 204/923
175 228 227 63/877
176 228 228 221/994
176 228 227 27/374
177 228 228 167/748
177 228 227 53/731
178 228 228 130/579
178 228 227 62/851
179 228 228 211/936
179 228 227 73/998
180 228 228 17/75
180 228 227 38/517
181 228 228 124/545
181 228 227 49/664
182 228 228 78/341
182 228 227 47/634
183 228 228 216/941
183 228 227 16/215
184 228 228 3/13
184 228 227 45/602
185 228 228 222/959
185 228 227 58/773
186 228 228 151/649
186 228 227 63/836
187 228 228 228/977
187 228 227 68/899
188 228 228 197/840
188 228 227 73/961
189 228 228 218/927
189 228 227 17/223
190 228 228 95/402
190 228 227 16/209
191 228 228 95/401
191 228 227 64/833
192 228 228 234/983
192 228 227 26/337
193 228 228 209/876
193 228 227 59/762
194 228 228 35/146
194 228 227 29/373
195 228 228 239/995
195 228 227 27/346
196 228 228 237/982
196 228 227 59/753
197 228 228 235/972
197 228 227 7/89
198 228 228 232/955
198 228 227 68/861
199 228 228 163/670
199 228 227 77/971
200 228 228 155/634
200 228 227 52/653
201 228 228 117/478
201 228 227 2/25
202 228 228 185/752
202 228 227 78/971
203 228 228 180/731
203 228 227 44/545
204 228 228 176/711
204 228 227 3/37
205 228 228 27/109
205 228 227 27/331
206 228 228 69/277
206 228 227 79/964
207 228 228 239/959
207 228 227 69/836
208 228 228 86/343
208 228 227 55/663
209 228 228 77/307
209 228 227 19/227
210 228 228 101/400
210 228 227 67/796
211 228 228 221/875
211 228 227 31/364
212 228 228 240/943
212 228 227 3/35
213 228 228 55/216
213 228 227 27/310
214 228 228 232/903
214 228 227 83/946
215 228 228 205/797
215 228 227 81/902
216 228 228 136/523
216 228 227 76/839
217 228 228 236/905
217 228 227 32/341
218 228 228 55/208
218 228 227 59/622
219 228 228 41/154
219 228 227 74/737
220 228 228 83/306
220 228 227 96/943
221 228 228 235/852
221 228 227 92/819
222 228 228 232/819
222 228 227 85/743
223 228 228 262/885
223 228 227 101/733
224 228 228 120/389
224 228 227 25/177
225 228 228 168/509
225 228 227 56/509
226 228 228 70/157
226 228 227 293/738
227 228 228 366/785
227 228 227 316/723
228 228 228 107/182
228 228 227 76/929
