# UNIF(n=139,lo,hi): D_ren + dipoles; lines "lo hi level amplitude" for the corrected intervals
118 118 118 32/843
118 118 117 -2/683
119 119 119 15/217
119 119 118 -1/1000
120 120 120 38/989
120 120 119 -6/605
121 121 121 77/892
121 121 120 3/607
122 122 122 25/256
122 122 121 63/743
123 123 123 15/142
123 123 122 10/933
124 124 124 69/590
124 124 123 3/28
123 125 125 93/971
123 125 124 1/379
125 125 125 79/616
125 125 124 10/599
124 126 126 90/761
124 126 125 17/158
126 126 126 4/29
126 126 125 4/31
125 127 127 43/654
125 127 126 -16/607
127 127 127 136/871
127 127 126 19/822
124 128 128 53/386
124 128 127 127/931
126 128 128 64/407
126 128 127 109/678
128 128 128 44/267
128 128 127 149/956
125 129 129 157/1000
125 129 128 11/401
127 129 129 22/327
127 129 128 -21/533
129 129 129 38/197
129 129 128 13/428
124 130 130 146/819
124 130 129 1/5
126 130 130 6/31
126 130 129 88/403
128 130 130 180/871
128 130 129 176/775
129 130 130 24/113
129 130 129 63/176
130 130 130 117/581
130 130 129 149/781
123 131 131 34/179
123 131 130 21/500
125 131 131 141/680
125 131 130 32/645
126 131 131 17/79
126 131 130 69/731
127 131 131 115/517
127 131 130 15/281
128 131 131 85/371
128 131 130 109/972
129 131 131 155/659
129 131 130 41/798
130 131 131 188/781
130 131 130 127/946
131 131 131 73/929
131 131 130 -3/41
122 132 132 59/753
122 132 131 -7/690
124 132 132 24/323
124 132 131 -6/257
125 132 132 53/979
125 132 131 -10/909
126 132 132 256/983
126 132 131 243/751
127 132 132 214/807
127 132 131 176/439
128 132 132 193/716
128 132 131 158/481
129 132 132 273/998
129 132 131 337/779
130 132 132 65/863
130 132 131 -23/364
131 132 132 6/257
131 132 131 -13/823
132 132 132 51/590
132 132 131 -52/627
119 133 133 74/289
119 133 132 40/617
121 133 133 269/990
121 133 132 53/714
122 133 133 229/821
122 133 132 21/215
123 133 133 2/7
123 133 132 9/110
124 133 133 189/647
124 133 132 26/237
125 133 133 172/577
125 133 132 73/837
126 133 133 249/820
126 133 132 74/607
127 133 133 298/965
127 133 132 73/814
128 133 133 280/893
128 133 132 113/835
129 133 133 48/151
129 133 132 5/57
130 133 133 158/491
130 133 132 79/519
131 133 133 27/83
131 133 132 20/257
132 133 133 177/539
132 133 132 64/359
133 133 133 146/441
133 133 132 38/757
116 134 134 291/844
116 134 133 46/101
117 134 134 236/675
117 134 133 469/975
118 134 134 79/223
118 134 133 69/146
119 134 134 151/421
119 134 133 412/823
120 134 134 86/237
120 134 133 451/925
121 134 134 332/905
121 134 133 394/759
122 134 134 222/599
122 134 133 1/2
123 134 134 281/751
123 134 133 430/801
124 134 134 339/898
124 134 133 131/257
125 134 134 279/733
125 134 133 51/92
126 134 134 354/923
126 134 133 131/254
127 134 134 314/813
127 134 133 256/447
128 134 134 227/584
128 134 133 512/991
129 134 134 346/885
129 134 133 401/675
130 134 134 191/486
130 134 133 277/544
131 134 134 107/271
131 134 133 366/587
132 134 134 67/169
132 134 133 49/101
133 134 134 313/801
133 134 133 651/985
134 134 134 15/118
134 134 133 -35/279
109 135 135 364/929
109 135 134 9/95
110 135 135 235/589
110 135 134 11/105
111 135 135 399/983
111 135 134 104/991
112 135 135 387/938
112 135 134 113/980
113 135 135 119/284
113 135 134 59/516
114 135 135 361/849
114 135 134 74/591
115 135 135 429/995
115 135 134 22/179
116 135 135 429/982
116 135 134 53/394
117 135 135 441/997
117 135 134 35/268
118 135 135 401/896
118 135 134 99/691
119 135 135 224/495
119 135 134 82/597
120 135 135 444/971
120 135 134 137/904
121 135 135 332/719
121 135 134 93/650
122 135 135 281/603
122 135 134 85/533
123 135 135 431/917
123 135 134 71/481
124 135 135 280/591
124 135 134 142/849
125 135 135 473/991
125 135 134 146/969
126 135 135 235/489
126 135 134 95/542
127 135 135 59/122
127 135 134 144/949
128 135 135 465/956
128 135 134 143/776
129 135 135 177/362
129 135 134 109/728
130 135 135 281/572
130 135 134 181/924
131 135 135 480/973
131 135 134 27/190
132 135 135 51/103
132 135 134 178/831
133 135 135 303/610
133 135 134 82/673
134 135 135 385/773
134 135 134 207/821
135 135 135 294/589
135 135 134 25/396
98 136 136 148/459
98 136 135 31/144
99 136 136 279/859
99 136 135 17/76
100 136 136 30/91
100 136 135 3/13
101 136 136 209/630
101 136 135 70/293
102 136 136 305/906
102 136 135 113/460
103 136 136 311/919
103 136 135 232/915
104 136 136 308/897
104 136 135 254/977
105 136 136 341/989
105 136 135 197/736
106 136 136 141/403
106 136 135 256/935
107 136 136 312/889
107 136 135 245/871
108 136 136 161/452
108 136 135 141/491
109 136 136 293/821
109 136 135 139/472
110 136 136 287/792
110 136 135 181/603
111 136 136 161/444
111 136 135 75/244
112 136 136 367/996
112 136 135 143/457
113 136 136 88/239
113 136 135 201/628
114 136 136 333/889
114 136 135 14/43
115 136 136 327/875
115 136 135 189/568
116 136 136 147/386
116 136 135 223/659
117 136 136 223/588
117 136 135 233/674
118 136 136 308/795
118 136 135 312/887
119 136 136 343/891
119 136 135 281/782
120 136 136 311/788
120 136 135 308/841
121 136 136 79/202
121 136 135 277/740
122 136 136 52/129
122 136 135 116/303
123 136 136 283/711
123 136 135 295/753
124 136 136 352/851
124 136 135 171/424
125 136 136 363/893
125 136 135 146/353
126 136 136 315/736
126 136 135 78/181
127 136 136 394/943
127 136 135 412/929
128 136 136 94/209
128 136 135 337/713
129 136 136 10/23
129 136 135 246/503
130 136 136 387/794
130 136 135 97/178
131 136 136 413/890
131 136 135 552/971
132 136 136 402/769
132 136 135 233/387
133 136 136 404/841
133 136 135 565/889
134 136 136 405/608
134 136 135 859/987
135 136 136 486/823
135 136 135 695/723
136 136 136 492/911
136 136 135 127/291
73 137 137 115/876
73 137 136 42/899
74 137 137 122/905
74 137 136 22/461
75 137 137 50/361
75 137 136 39/800
76 137 137 43/303
76 137 136 9/181
77 137 137 47/323
77 137 136 7/138
78 137 137 143/961
78 137 136 48/929
79 137 137 53/348
79 137 136 1/19
80 137 137 44/283
80 137 136 52/971
81 137 137 146/919
81 137 136 20/367
82 137 137 57/352
82 137 136 53/957
83 137 137 153/926
83 137 136 38/675
84 137 137 56/333
84 137 136 2/35
85 137 137 152/887
85 137 136 35/603
86 137 137 166/953
86 137 136 58/985
87 137 137 153/863
87 137 136 58/971
88 137 137 9/50
88 137 136 52/859
89 137 137 127/694
89 137 136 61/994
90 137 137 139/749
90 137 136 54/869
91 137 137 95/504
91 137 136 61/969
92 137 137 38/199
92 137 136 63/989
93 137 137 193/996
93 137 136 63/977
94 137 137 101/515
94 137 136 3/46
95 137 137 69/347
95 137 136 44/667
96 137 137 113/562
96 137 136 1/15
97 137 137 197/967
97 137 136 55/816
98 137 137 163/792
98 137 136 61/896
99 137 137 204/979
99 137 136 41/596
100 137 137 61/290
100 137 136 68/979
101 137 137 199/935
101 137 136 39/556
102 137 137 79/368
102 137 136 63/890
103 137 137 160/737
103 137 136 1/14
104 137 137 114/521
104 137 136 70/971
105 137 137 163/737
105 137 136 71/976
106 137 137 47/211
106 137 136 62/845
107 137 137 203/902
107 137 136 45/608
108 137 137 94/415
108 137 136 73/978
109 137 137 132/577
109 137 136 7/93
110 137 137 26/113
110 137 136 23/303
111 137 137 23/99
111 137 136 15/196
112 137 137 85/364
112 137 136 43/557
113 137 137 62/263
113 137 136 67/861
114 137 137 166/701
114 137 136 71/904
115 137 137 191/799
115 137 136 68/859
116 137 137 6/25
116 137 136 79/988
117 137 137 55/227
117 137 136 79/980
118 137 137 221/909
118 137 136 50/613
119 137 137 151/615
119 137 136 81/985
120 137 137 149/605
120 137 136 82/983
121 137 137 164/659
121 137 136 35/416
122 137 137 154/617
122 137 136 3/35
123 137 137 205/812
123 137 136 41/474
124 137 137 211/833
124 137 136 11/124
125 137 137 242/943
125 137 136 77/859
126 137 137 255/989
126 137 136 4/43
127 137 137 258/985
127 137 136 50/531
128 137 137 257/973
128 137 136 57/571
129 137 137 221/820
129 137 136 23/227
130 137 137 250/911
130 137 136 15/134
131 137 137 239/847
131 137 136 17/149
132 137 137 271/918
132 137 136 89/647
133 137 137 133/432
133 137 136 113/801
134 137 137 329/998
134 137 136 10/91
135 137 137 403/904
135 137 136 95/239
136 137 137 341/731
136 137 136 301/689
137 137 137 137/233
137 137 136 81/991
