# UNIF(n=145,lo,hi): D_ren + dipoles; lines "lo hi level amplitude" for the corrected intervals
123 123 123 4/71
123 123 122 -1/214
124 124 124 29/785
124 124 123 -1/210
125 125 125 25/349
125 125 124 1/1000
126 126 126 29/771
126 126 125 -11/964
127 127 127 25/283
127 127 126 4/641
128 128 128 83/836
128 128 127 80/913
129 129 129 58/541
129 129 128 6/511
130 130 130 73/620
130 130 129 107/986
129 131 131 76/763
129 131 130 5/972
131 131 131 73/564
131 131 130 17/973
130 132 132 71/586
130 132 131 70/621
132 132 132 137/989
132 132 131 103/792
131 133 133 31/486
131 133 132 -17/616
133 133 133 157/1000
133 133 132 13/549
130 134 134 73/518
130 134 133 1/7
132 134 134 93/584
132 134 133 71/432
134 134 134 131/793
134 134 133 106/677
131 135 135 13/81
131 135 134 12/403
133 135 135 40/607
133 135 134 -17/422
134 135 135 5/246
134 135 134 -4/985
135 135 135 83/429
135 135 134 2/65
130 136 136 2/11
130 136 135 203/983
132 136 136 181/924
132 136 135 124/557
133 136 136 75/371
133 136 135 281/880
134 136 136 21/101
134 136 135 220/959
135 136 136 181/849
135 136 135 271/754
136 136 136 99/491
136 136 135 83/434
129 137 137 113/580
129 137 136 20/441
131 137 137 113/536
131 137 136 47/904
132 137 137 121/555
132 137 136 92/955
133 137 137 193/859
133 137 136 43/783
134 137 137 229/992
134 137 136 63/556
135 137 137 100/423
135 137 136 32/613
136 137 137 92/381
136 137 136 69/512
137 137 137 13/166
137 137 136 -71/968
128 138 138 68/889
128 138 137 -3/217
129 138 138 21/349
129 138 137 -1/176
130 138 138 67/919
130 138 137 -22/843
131 138 138 17/321
131 138 137 -1/75
132 138 138 184/701
132 138 137 314/959
133 138 138 194/727
133 138 137 40/99
134 138 138 172/635
134 138 137 185/559
135 138 138 207/754
135 138 137 295/679
136 138 138 74/987
136 138 137 -3/47
137 138 138 9/389
137 138 137 -7/432
138 138 138 43/498
138 138 137 -33/397
125 139 139 186/709
125 139 138 37/534
126 139 139 253/938
126 139 138 5/56
127 139 139 44/159
127 139 138 7/90
128 139 139 223/787
128 139 138 99/982
129 139 139 181/625
129 139 138 40/473
130 139 139 294/995
130 139 138 64/571
131 139 139 282/937
131 139 138 83/930
132 139 139 247/807
132 139 138 101/817
133 139 139 23/74
133 139 138 44/483
134 139 139 237/752
134 139 138 58/425
135 139 139 307/962
135 139 138 7/79
136 139 139 274/849
136 139 138 146/955
137 139 139 103/316
137 139 138 31/396
138 139 139 193/587
138 139 138 5/28
139 139 139 53/160
139 139 138 23/457
121 140 140 61/177
121 140 139 435/926
122 140 140 314/899
122 140 139 357/769
123 140 140 318/899
123 140 139 67/137
124 140 140 92/257
124 140 139 179/373
125 140 140 164/453
125 140 139 141/278
126 140 140 266/727
126 140 139 265/537
127 140 140 364/985
127 140 139 43/82
128 140 140 351/941
128 140 139 53/105
129 140 140 111/295
129 140 139 469/867
130 140 140 371/978
130 140 139 347/676
131 140 140 378/989
131 140 139 165/296
132 140 140 346/899
132 140 139 395/762
133 140 140 251/648
133 140 139 142/247
134 140 140 383/983
134 140 139 309/596
135 140 140 349/891
135 140 139 558/937
136 140 140 98/249
136 140 139 99/194
137 140 140 383/969
137 140 139 467/748
138 140 140 73/184
138 140 139 17/35
139 140 140 292/747
139 140 139 281/425
140 140 140 23/181
140 140 139 -117/932
114 141 141 369/937
114 141 140 31/308
115 141 141 391/976
115 141 140 96/947
116 141 141 215/528
116 141 140 80/721
117 141 141 299/723
117 141 140 31/280
118 141 141 81/193
118 141 140 87/721
119 141 141 266/625
119 141 140 55/461
120 141 141 204/473
120 141 140 71/547
121 141 141 183/419
121 141 140 127/999
122 141 141 301/681
122 141 140 115/831
123 141 141 367/821
123 141 140 123/917
124 141 141 436/965
124 141 140 98/669
125 141 141 293/642
125 141 140 85/606
126 141 141 399/866
126 141 140 146/947
127 141 141 86/185
127 141 140 81/557
128 141 141 458/977
128 141 140 58/359
129 141 141 463/980
129 141 140 149/997
130 141 141 79/166
130 141 140 64/379
131 141 141 402/839
131 141 140 151/993
132 141 141 473/981
132 141 140 3/17
133 141 141 467/963
133 141 140 64/419
134 141 141 449/921
134 141 140 92/497
135 141 141 362/739
135 141 140 131/871
136 141 141 245/498
136 141 140 11/56
137 141 141 161/326
137 141 140 119/835
138 141 141 111/224
138 141 140 145/676
139 141 141 165/332
139 141 140 98/803
140 141 141 279/560
140 141 140 28/111
141 141 141 320/641
141 141 140 52/823
102 142 142 259/806
102 142 141 76/357
103 142 142 279/862
103 142 141 19/86
104 142 142 259/789
104 142 141 156/685
105 142 142 147/445
105 142 141 224/951
106 142 142 139/415
106 142 141 205/847
107 142 142 329/977
107 142 141 157/629
108 142 142 311/911
108 142 141 254/993
109 142 142 239/697
109 142 141 5/19
110 142 142 138/397
110 142 141 233/866
111 142 142 293/840
111 142 141 187/677
112 142 142 267/755
112 142 141 115/408
113 142 142 67/189
113 142 141 236/817
114 142 142 119/331
114 142 141 108/367
115 142 142 9/25
115 142 141 131/435
116 142 142 263/720
116 142 141 72/235
117 142 142 335/917
117 142 141 88/281
118 142 142 289/779
118 142 141 127/399
119 142 142 83/224
119 142 141 144/443
120 142 142 217/576
120 142 141 35/106
121 142 142 201/535
121 142 141 92/273
122 142 142 75/196
122 142 141 242/707
123 142 142 379/995
123 142 141 307/879
124 142 142 387/995
124 142 141 224/631
125 142 142 328/849
125 142 141 121/334
126 142 142 213/538
126 142 141 294/797
127 142 142 362/923
127 142 141 249/661
128 142 142 158/391
128 142 141 353/917
129 142 142 73/183
129 142 141 198/503
130 142 142 259/625
130 142 141 213/526
131 142 142 307/754
131 142 141 337/812
132 142 142 3/7
132 142 141 86/199
133 142 142 64/153
133 142 141 441/992
134 142 142 402/893
134 142 141 152/321
135 142 142 57/131
135 142 141 479/978
136 142 142 455/933
136 142 141 545/999
137 142 142 461/993
137 142 141 293/515
138 142 142 365/698
138 142 141 597/991
139 142 142 271/564
139 142 141 611/961
140 142 142 441/662
140 142 141 853/980
141 142 142 75/127
141 142 141 945/983
142 142 142 539/998
142 142 141 340/779
76 143 143 67/513
76 143 142 2/43
77 143 143 113/842
77 143 142 41/863
78 143 143 122/887
78 143 142 11/227
79 143 143 89/631
79 143 142 48/971
80 143 143 29/201
80 143 142 50/993
81 143 143 131/887
81 143 142 51/994
82 143 143 111/736
82 143 142 19/364
83 143 143 125/811
83 143 142 23/433
84 143 143 11/70
84 143 142 21/389
85 143 143 157/979
85 143 142 9/164
86 143 143 161/986
86 143 142 37/664
87 143 143 110/661
87 143 142 55/972
88 143 143 166/981
88 143 142 50/871
89 143 143 113/656
89 143 142 6/103
90 143 143 88/503
90 143 142 16/271
91 143 143 95/534
91 143 142 17/284
92 143 143 37/205
92 143 142 2/33
93 143 143 174/949
93 143 142 39/635
94 143 143 97/522
94 143 142 45/724
95 143 143 182/965
95 143 142 37/588
96 143 143 131/686
96 143 142 7/110
97 143 143 116/599
97 143 142 32/497
98 143 143 67/342
98 143 142 30/461
99 143 143 134/675
99 143 142 61/927
100 143 143 184/917
100 143 142 45/677
101 143 143 51/251
101 143 142 62/923
102 143 143 63/307
102 143 142 55/811
103 143 143 65/313
103 143 142 67/978
104 143 143 197/940
104 143 142 15/217
105 143 143 202/953
105 143 142 67/960
106 143 143 143/669
106 143 142 44/625
107 143 143 199/921
107 143 142 66/929
108 143 143 27/124
108 143 142 24/335
109 143 143 11/50
109 143 142 37/512
110 143 143 220/993
110 143 142 62/851
111 143 143 81/362
111 143 142 67/912
112 143 143 59/262
112 143 142 73/986
113 143 143 138/607
113 143 142 48/643
114 143 143 75/328
114 143 142 55/731
115 143 143 3/13
115 143 142 16/211
116 143 143 74/319
116 143 142 12/157
117 143 143 125/534
117 143 142 63/818
118 143 143 95/404
118 143 142 41/528
119 143 143 121/510
119 143 142 32/409
120 143 143 207/869
120 143 142 76/963
121 143 143 199/828
121 143 142 40/503
122 143 143 41/170
122 143 142 53/660
123 143 143 101/415
123 143 142 39/482
124 143 143 114/467
124 143 142 73/892
125 143 143 241/978
125 143 142 81/982
126 143 143 191/773
126 143 142 68/813
127 143 143 151/605
127 143 142 7/83
128 143 143 250/999
128 143 142 59/687
129 143 143 125/494
129 143 142 50/577
130 143 143 217/855
130 143 142 55/619
131 143 143 100/389
131 143 142 71/791
132 143 143 55/213
132 143 142 61/655
133 143 143 257/980
133 143 142 59/626
134 143 143 257/972
134 143 142 99/991
135 143 143 41/152
135 143 142 22/217
136 143 143 173/630
136 143 142 99/884
137 143 143 83/294
137 143 142 109/955
138 143 143 189/640
138 143 142 97/705
139 143 143 93/302
139 143 142 126/893
140 143 143 243/737
140 143 142 81/737
141 143 143 255/572
141 143 142 31/78
142 143 143 146/313
142 143 142 45/103
143 143 143 401/682
143 143 142 30/367
