# UNIF(n=138,lo,hi): D_ren + dipoles; lines "lo hi level amplitude" for the corrected intervals
117 117 117 1/26
117 117 116 -2/681
118 118 118 57/830
118 118 117 -1/1000
119 119 119 37/952
119 119 118 -4/403
120 120 120 79/919
120 120 119 5/977
121 121 121 85/873
121 121 120 62/741
122 122 122 63/598
122 122 121 10/921
123 123 123 87/743
123 123 122 105/982
122 124 124 91/957
122 124 123 1/334
124 124 124 95/742
124 124 123 2/119
123 125 125 69/586
123 125 124 23/218
125 125 125 115/833
125 125 124 104/807
124 126 126 33/502
124 126 125 -5/194
126 126 126 56/359
126 126 125 9/388
123 127 127 85/622
123 127 126 121/905
125 127 127 115/733
125 127 126 61/383
127 127 127 123/746
127 127 126 69/443
124 128 128 119/761
124 128 127 1/36
126 128 128 52/773
126 128 127 -23/590
128 128 128 107/555
128 128 127 7/230
123 129 129 154/867
123 129 128 83/421
125 129 129 152/787
125 129 128 118/545
127 129 129 199/964
127 129 128 201/889
128 129 129 201/947
128 129 128 283/792
129 129 129 28/139
129 129 128 37/194
122 130 130 128/677
122 130 129 2/47
124 130 130 43/208
124 130 129 1/20
125 130 130 196/913
125 130 129 77/813
126 130 130 133/599
126 130 129 31/578
127 130 130 224/979
127 130 129 112/997
128 130 130 90/383
128 130 129 17/330
129 130 130 83/345
129 130 129 9/67
130 130 130 11/140
130 130 129 -69/944
121 131 131 27/340
121 131 130 -1/98
123 131 131 41/546
123 131 130 -4/171
124 131 131 53/967
124 131 130 -5/453
125 131 131 181/696
125 131 130 232/721
126 131 131 89/336
126 131 130 292/731
127 131 131 122/453
127 131 130 291/889
128 131 131 155/567
128 131 130 389/901
129 131 131 41/543
129 131 130 -17/269
130 131 131 8/341
130 131 130 -7/443
131 131 131 57/659
131 131 130 -35/422
120 132 132 270/997
120 132 131 17/227
121 132 132 173/622
121 132 131 79/804
122 132 132 120/421
122 132 131 41/498
123 132 132 244/837
123 132 131 89/808
124 132 132 283/951
124 132 131 12/137
125 132 132 47/155
125 132 131 116/949
126 132 132 281/911
126 132 131 17/189
127 132 132 307/980
127 132 131 45/332
128 132 132 27/85
128 132 131 37/421
129 132 132 293/911
129 132 131 101/663
130 132 132 319/981
130 132 131 61/783
131 132 132 240/731
131 132 131 130/729
132 132 132 48/145
132 132 131 45/896
115 133 133 140/407
115 133 132 379/841
116 133 133 142/407
116 133 132 439/921
117 133 133 64/181
117 133 132 396/845
118 133 133 304/849
118 133 132 167/336
119 133 133 354/977
119 133 132 263/543
120 133 133 122/333
120 133 132 509/986
121 133 133 298/805
121 133 132 403/810
122 133 133 348/931
122 133 132 85/159
123 133 133 195/517
123 133 132 457/900
124 133 133 89/234
124 133 132 425/769
125 133 133 156/407
125 133 132 413/803
126 133 133 232/601
126 133 132 571/999
127 133 133 61/157
127 133 132 329/638
128 133 133 213/545
128 133 132 283/477
129 133 133 310/789
129 133 132 385/757
130 133 133 392/993
130 133 132 281/451
131 133 133 44/111
131 133 132 16/33
132 133 133 383/980
132 133 132 267/404
133 133 133 331/954
133 133 132 61/194
109 134 134 287/722
109 134 133 17/160
110 134 134 286/707
110 134 133 89/837
111 134 134 262/637
111 134 133 26/223
112 134 134 239/572
112 134 133 90/779
113 134 134 299/705
113 134 133 12/95
114 134 134 428/995
114 134 133 43/347
115 134 134 262/601
115 134 133 128/945
116 134 134 381/863
116 134 133 79/601
117 134 134 361/808
117 134 133 52/361
118 134 134 333/737
118 134 133 78/565
119 134 134 258/565
119 134 133 7/46
120 134 134 309/670
120 134 133 131/912
121 134 134 452/971
121 134 133 159/994
122 134 134 463/986
122 134 133 57/385
123 134 134 427/902
123 134 133 143/853
124 134 134 176/369
124 134 133 45/298
125 134 134 463/964
125 134 133 148/843
126 134 134 218/451
126 134 133 119/783
127 134 134 370/761
127 134 133 164/889
128 134 134 109/223
128 134 133 67/447
129 134 134 443/902
129 134 133 59/301
130 134 134 182/369
130 134 133 125/879
131 134 134 452/913
131 134 133 3/14
132 134 134 224/451
132 134 133 49/402
133 134 134 379/761
133 134 133 175/694
134 134 134 289/579
134 134 133 43/681
97 135 135 257/794
97 135 134 204/967
98 135 135 310/951
98 135 134 83/378
99 135 135 217/656
99 135 134 223/983
100 135 135 210/631
100 135 134 143/608
101 135 135 313/927
101 135 134 177/731
102 135 135 319/940
102 135 134 250/999
103 135 135 21/61
103 135 134 169/658
104 135 135 215/622
104 135 134 9/34
105 135 135 182/519
105 135 134 129/476
106 135 135 319/907
106 135 134 158/567
107 135 135 313/877
107 135 134 201/706
108 135 135 64/179
108 135 134 258/883
109 135 135 102/281
109 135 134 45/151
110 135 135 296/815
110 135 134 222/727
111 135 135 100/271
111 135 134 307/987
112 135 135 351/952
112 135 134 191/600
113 135 135 3/8
113 135 134 323/997
114 135 135 217/580
114 135 134 268/809
115 135 135 69/181
115 135 134 91/270
116 135 135 134/353
116 135 134 227/659
117 135 135 373/962
117 135 134 311/887
118 135 135 371/963
118 135 134 349/974
119 135 135 265/671
119 135 134 99/271
120 135 135 9/23
120 135 134 31/83
121 135 135 73/181
121 135 134 269/704
122 135 135 313/786
122 135 134 273/698
123 135 135 12/29
123 135 134 383/951
124 135 135 98/241
124 135 134 309/748
125 135 135 399/932
125 135 134 412/957
126 135 135 415/993
126 135 134 261/589
127 135 135 148/329
127 135 134 205/434
128 135 135 277/637
128 135 134 153/313
129 135 135 486/997
129 135 134 487/894
130 135 135 84/181
130 135 134 341/600
131 135 135 367/702
131 135 134 431/716
132 135 135 380/791
132 135 134 577/908
133 135 135 399/599
133 135 134 704/809
134 135 135 587/994
134 135 134 422/439
135 135 135 411/761
135 135 134 357/818
73 136 136 49/373
73 136 135 34/727
74 136 136 98/725
74 136 135 11/230
75 136 136 19/137
75 136 135 25/512
76 136 136 43/302
76 136 135 17/341
77 136 136 57/391
77 136 135 43/846
78 136 136 95/636
78 136 135 44/849
79 136 136 127/832
79 136 135 41/777
80 136 136 42/269
80 136 135 41/763
81 136 136 18/113
81 136 135 47/860
82 136 136 129/793
82 136 135 55/989
83 136 136 144/869
83 136 135 24/425
84 136 136 109/645
84 136 135 54/941
85 136 136 93/541
85 136 135 35/601
86 136 136 149/851
86 136 135 35/592
87 136 136 119/669
87 136 135 22/367
88 136 136 173/956
88 136 135 56/921
89 136 136 83/452
89 136 135 30/487
90 136 136 53/284
90 136 135 57/913
91 136 136 164/867
91 136 135 62/981
92 136 136 29/151
92 136 135 61/953
93 136 136 190/977
93 136 135 9/139
94 136 136 188/953
94 136 135 50/763
95 136 136 183/917
95 136 135 53/800
96 136 136 71/351
96 136 135 53/791
97 136 136 175/856
97 136 135 48/709
98 136 136 199/961
98 136 135 31/453
99 136 136 124/593
99 136 135 66/955
100 136 136 167/789
100 136 135 65/931
101 136 136 211/988
101 136 135 53/752
102 136 136 167/773
102 136 135 39/548
103 136 136 203/932
103 136 135 53/738
104 136 136 135/613
104 136 135 49/676
105 136 136 69/311
105 136 135 40/547
106 136 136 137/611
106 136 135 56/759
107 136 136 179/793
107 136 135 71/954
108 136 136 122/535
108 136 135 59/786
109 136 136 220/959
109 136 135 29/383
110 136 136 136/587
110 136 135 72/943
111 136 136 208/893
111 136 135 53/688
112 136 136 135/574
112 136 135 8/103
113 136 136 194/821
113 136 135 49/625
114 136 136 209/876
114 136 135 72/911
115 136 136 109/455
115 136 135 44/551
116 136 136 209/864
116 136 135 64/795
117 136 136 151/622
117 136 135 40/491
118 136 136 115/469
118 136 135 23/280
119 136 136 46/187
119 136 135 1/12
120 136 136 133/535
120 136 135 77/916
121 136 136 195/782
121 136 135 31/362
122 136 136 28/111
122 136 135 58/671
123 136 136 203/802
123 136 135 61/688
124 136 136 109/425
124 136 135 31/346
125 136 136 251/974
125 136 135 61/656
126 136 136 255/974
126 136 135 93/988
127 136 136 221/837
127 136 135 99/992
128 136 136 52/193
128 136 135 86/849
129 136 136 107/390
129 136 135 107/956
130 136 136 213/755
130 136 135 111/973
131 136 136 281/952
131 136 135 37/269
132 136 136 157/510
132 136 135 45/319
133 136 136 268/813
133 136 135 109/992
134 136 136 440/987
134 136 135 64/161
135 136 136 355/761
135 136 135 263/602
136 136 136 137/233
136 136 135 47/575
