# UNIF(n=192,lo,hi): D_ren + dipoles; lines "lo hi level amplitude" for the corrected intervals
166 166 166 14/285
166 166 165 -2/827
167 167 167 2/65
167 167 166 -1/218
168 168 168 56/937
168 168 167 1/761
169 169 169 25/802
169 169 168 -9/989
170 170 170 25/351
170 170 169 2/397
171 171 171 27/841
171 171 170 -9/653
172 172 172 27/322
172 172 171 7/795
173 173 173 41/446
173 173 172 64/767
174 174 174 90/917
174 174 173 4/315
173 175 175 27/320
173 175 174 56/813
175 175 175 77/727
175 175 174 19/192
174 176 176 29/313
174 176 175 8/963
176 176 176 112/975
176 176 175 11/654
175 177 177 15/139
175 177 176 11/109
177 177 177 60/493
177 177 176 40/347
174 178 178 68/687
174 178 177 9/881
176 178 178 107/905
176 178 177 17/966
178 178 178 91/673
178 178 177 15/703
175 179 179 91/755
175 179 178 43/359
177 179 179 109/806
177 179 178 88/641
179 179 179 141/997
179 179 178 37/274
174 180 180 32/271
174 180 179 18/971
176 180 180 70/521
176 180 179 11/444
178 180 180 52/961
178 180 179 -13/388
180 180 180 122/757
180 180 179 23/868
175 181 181 39/266
175 181 180 123/769
177 181 181 13/82
177 181 180 87/500
179 181 181 49/290
179 181 180 163/898
180 181 181 104/599
180 181 180 59/202
181 181 181 157/939
181 181 180 105/656
174 182 182 77/505
174 182 181 2/59
176 182 182 31/187
176 182 181 31/795
178 182 182 161/907
178 182 181 41/989
179 182 182 172/941
179 182 181 4/43
180 182 182 53/897
180 182 181 -17/382
181 182 182 2/125
181 182 181 -3/445
182 182 182 169/861
182 182 181 17/520
173 183 183 130/723
173 183 182 78/367
175 183 183 188/989
175 183 182 92/405
176 183 183 15/77
176 183 182 116/407
177 183 183 155/778
177 183 182 213/896
178 183 183 181/890
178 183 182 139/450
179 183 183 195/941
179 183 182 147/605
180 183 183 82/389
180 183 182 299/893
181 183 183 149/696
181 183 182 63/262
182 183 183 61/281
182 183 182 314/857
183 183 183 14/69
183 183 182 119/615
172 184 184 193/981
172 184 183 47/895
174 184 184 131/629
174 184 183 51/878
175 184 184 173/810
175 184 183 35/411
176 184 184 167/764
176 184 183 41/661
177 184 184 209/936
177 184 183 80/841
178 184 184 74/325
178 184 183 3/47
179 184 184 35/151
179 184 183 53/500
180 184 184 192/815
180 184 183 55/879
181 184 184 93/389
181 184 183 91/764
182 184 184 180/743
182 184 183 29/515
183 184 184 101/412
183 184 183 121/881
184 184 184 74/961
184 184 183 -27/364
169 185 185 31/405
169 185 184 -2/285
170 185 185 12/179
170 185 184 -3/778
171 185 185 7/96
171 185 184 -15/949
172 185 185 41/660
172 185 184 -10/927
173 185 185 43/615
173 185 184 -23/955
174 185 185 56/977
174 185 184 -15/898
175 185 185 55/813
175 185 184 -18/563
176 185 185 19/362
176 185 184 -5/233
177 185 185 49/739
177 185 184 -32/807
178 185 185 9/190
178 185 184 -19/766
179 185 185 103/378
179 185 184 323/934
180 185 185 256/931
180 185 184 181/432
181 185 185 239/862
181 185 184 195/569
182 185 185 257/920
182 185 184 262/591
183 185 185 66/899
183 185 184 -67/999
184 185 185 8/361
184 185 184 -12/659
185 185 185 14/163
185 185 184 -29/345
166 186 186 5/19
166 186 185 21/284
167 186 186 18/67
167 186 185 33/382
168 186 186 226/825
168 186 185 72/893
169 186 186 101/362
169 186 185 58/615
170 186 186 262/923
170 186 185 34/393
171 186 186 178/617
171 186 185 65/638
172 186 186 157/536
172 186 185 41/448
173 186 186 175/589
173 186 185 51/467
174 186 186 109/362
174 186 185 17/178
175 186 186 25/82
175 186 185 29/249
176 186 186 128/415
176 186 185 79/804
177 186 186 188/603
177 186 185 73/589
178 186 186 205/651
178 186 185 97/976
179 186 186 273/859
179 186 185 30/227
180 186 186 25/78
180 186 185 69/703
181 186 186 281/870
181 186 185 117/823
182 186 186 228/701
182 186 185 59/634
183 186 186 253/773
183 186 185 97/621
184 186 186 261/793
184 186 185 76/943
185 186 186 213/644
185 186 185 178/989
186 186 186 280/843
186 186 185 13/255
160 187 187 323/941
160 187 186 381/826
161 187 187 103/297
161 187 186 191/415
162 187 187 297/848
162 187 186 247/519
163 187 187 169/478
163 187 186 452/955
164 187 187 269/754
164 187 186 479/978
165 187 187 104/289
165 187 186 479/987
166 187 187 250/689
166 187 186 260/517
167 187 187 64/175
167 187 186 197/397
168 187 187 367/996
168 187 186 185/359
169 187 187 275/741
169 187 186 127/251
170 187 187 312/835
170 187 186 447/848
171 187 187 349/928
171 187 186 160/311
172 187 187 14/37
172 187 186 7/13
173 187 187 145/381
173 187 186 121/232
174 187 187 256/669
174 187 186 539/981
175 187 187 5/13
175 187 186 127/241
176 187 187 349/903
176 187 186 431/769
177 187 187 33/85
177 187 186 516/973
178 187 187 377/967
178 187 186 504/881
179 187 187 209/534
179 187 186 155/292
180 187 187 218/555
180 187 186 271/463
181 187 187 80/203
181 187 186 244/463
182 187 187 117/296
182 187 186 359/596
183 187 187 65/164
183 187 186 281/545
184 187 187 147/370
184 187 186 485/772
185 187 187 385/967
185 187 186 442/905
186 187 187 251/641
186 187 186 210/317
187 187 187 315/907
187 187 186 127/403
151 188 188 280/711
151 188 187 97/951
152 188 188 306/767
152 188 187 19/184
153 188 188 61/151
153 188 187 91/831
154 188 188 406/993
154 188 187 31/281
155 188 188 170/411
155 188 187 7/60
156 188 188 284/679
156 188 187 104/889
157 188 188 375/887
157 188 187 112/907
158 188 188 129/302
158 188 187 53/430
159 188 188 239/554
159 188 187 36/277
160 188 188 402/923
160 188 187 98/759
161 188 188 229/521
161 188 187 75/551
162 188 188 239/539
162 188 187 109/810
163 188 188 402/899
163 188 187 112/789
164 188 188 87/193
164 188 187 128/917
165 188 188 303/667
165 188 187 91/617
166 188 188 443/968
166 188 187 111/770
167 188 188 430/933
167 188 187 139/910
168 188 188 393/847
168 188 187 106/715
169 188 188 403/863
169 188 187 62/393
170 188 188 366/779
170 188 187 133/876
171 188 188 422/893
171 188 187 126/775
172 188 188 354/745
172 188 187 109/704
173 188 188 438/917
173 188 187 136/813
174 188 188 12/25
174 188 187 157/999
175 188 188 461/956
175 188 187 70/407
176 188 188 247/510
176 188 187 155/977
177 188 188 319/656
177 188 187 118/667
178 188 188 411/842
178 188 187 59/371
179 188 188 241/492
179 188 187 164/899
180 188 188 86/175
180 188 187 68/431
181 188 188 485/984
181 188 187 166/877
182 188 188 171/346
182 188 187 153/995
183 188 188 325/656
183 188 187 133/668
184 188 188 71/143
184 188 187 121/837
185 188 188 98/197
185 188 187 154/713
186 188 188 436/875
186 188 187 71/577
187 188 188 491/984
187 188 187 111/439
188 188 188 499/999
188 188 187 21/331
135 189 189 208/647
135 189 188 205/986
136 189 189 292/903
136 189 188 197/921
137 189 189 238/729
137 189 188 131/598
138 189 189 193/588
138 189 188 103/458
139 189 189 219/661
139 189 188 117/509
140 189 189 282/847
140 189 188 57/242
141 189 189 335/997
141 189 188 31/129
142 189 189 325/963
142 189 188 133/541
143 189 189 299/878
143 189 188 149/595
144 189 189 333/974
144 189 188 11/43
145 189 189 307/890
145 189 188 185/711
146 189 189 343/991
146 189 188 262/987
147 189 189 22/63
147 189 188 247/916
148 189 189 297/848
148 189 188 219/797
149 189 189 312/883
149 189 188 259/929
150 189 189 249/703
150 189 188 149/525
151 189 189 243/680
151 189 188 149/518
152 189 189 29/81
152 189 188 55/188
153 189 189 358/991
153 189 188 149/503
154 189 189 361/998
154 189 188 202/671
155 189 189 280/767
155 189 188 194/637
156 189 189 179/490
156 189 188 133/430
157 189 189 319/865
157 189 188 227/726
158 189 189 52/141
158 189 188 285/898
159 189 189 165/443
159 189 188 227/708
160 189 189 265/712
160 189 188 27/83
161 189 189 337/896
161 189 188 45/137
162 189 189 264/703
162 189 188 333/1000
163 189 189 297/782
163 189 188 38/113
164 189 189 369/974
164 189 188 251/736
165 189 189 28/73
165 189 188 169/491
166 189 189 279/730
166 189 188 37/106
167 189 189 31/80
167 189 188 253/718
168 189 189 59/153
168 189 188 89/249
169 189 189 371/947
169 189 188 152/421
170 189 189 304/781
170 189 188 48/131
171 189 189 205/517
171 189 188 295/796
172 189 189 81/206
172 189 188 364/967
173 189 189 306/761
173 189 188 345/904
174 189 189 389/978
174 189 188 314/809
175 189 189 335/819
175 189 188 341/863
176 189 189 123/305
176 189 188 122/303
177 189 189 289/691
177 189 188 386/935
178 189 189 133/324
178 189 188 27/64
179 189 189 324/751
179 189 188 343/783
180 189 189 69/164
180 189 188 285/634
181 189 189 175/387
181 189 188 407/852
182 189 189 38/87
182 189 188 472/957
183 189 189 89/182
183 189 188 142/259
184 189 189 181/389
184 189 188 462/809
185 189 189 386/737
185 189 188 293/485
186 189 189 89/185
186 189 188 451/708
187 189 189 665/998
187 189 188 209/240
188 189 189 433/733
188 189 188 251/261
189 189 189 491/909
189 189 188 303/694
101 190 190 60/461
101 190 189 19/411
102 190 190 19/143
102 190 189 46/979
103 190 190 73/539
103 190 189 26/545
104 190 190 112/811
104 190 189 39/805
105 190 190 107/761
105 190 189 29/590
106 190 190 115/803
106 190 189 20/401
107 190 190 52/357
107 190 189 49/969
108 190 190 91/614
108 190 189 2/39
109 190 190 89/591
109 190 189 4/77
110 190 190 109/712
110 190 189 1/19
111 190 190 145/933
111 190 189 21/394
112 190 190 155/982
112 190 189 19/352
113 190 190 57/356
113 190 189 13/238
114 190 190 13/80
114 190 189 45/814
115 190 190 14/85
115 190 189 44/787
116 190 190 76/455
116 190 189 47/831
117 190 190 169/999
117 190 189 57/997
118 190 190 167/974
118 190 189 53/917
119 190 190 97/559
119 190 189 8/137
120 190 190 158/899
120 190 189 37/627
121 190 190 171/962
121 190 189 55/923
122 190 190 174/967
122 190 189 44/731
123 190 190 181/995
123 190 189 37/609
124 190 190 168/913
124 190 189 53/864
125 190 190 166/893
125 190 189 19/307
126 190 190 178/947
126 190 189 62/993
127 190 190 171/901
127 190 189 8/127
128 190 190 117/610
128 190 189 49/771
129 190 190 6/31
129 190 189 51/796
130 190 190 35/179
130 190 189 61/944
131 190 190 128/649
131 190 189 14/215
132 190 190 93/467
132 190 189 56/853
133 190 190 52/259
133 190 189 58/877
134 190 190 46/227
134 190 189 1/15
135 190 190 165/808
135 190 189 39/581
136 190 190 41/199
136 190 189 14/207
137 190 190 204/983
137 190 189 67/984
138 190 190 9/43
138 190 189 43/627
139 190 190 157/745
139 190 189 41/594
140 190 190 92/433
140 190 189 31/446
141 190 190 34/159
141 190 189 67/958
142 190 190 211/979
142 190 189 54/767
143 190 190 214/987
143 190 189 25/353
144 190 190 97/444
144 190 189 34/477
145 190 190 29/132
145 190 189 20/279
146 190 190 214/967
146 190 189 22/305
147 190 190 208/935
147 190 189 52/717
148 190 190 151/674
148 190 189 17/233
149 190 190 95/422
149 190 189 71/968
150 190 190 17/75
150 190 189 65/881
151 190 190 181/795
151 190 189 68/917
152 190 190 223/973
152 190 189 22/295
153 190 190 55/239
153 190 189 73/974
154 190 190 63/272
154 190 189 26/345
155 190 190 209/899
155 190 189 49/647
156 190 190 164/701
156 190 189 15/197
157 190 190 50/213
157 190 189 29/379
158 190 190 184/779
158 190 189 1/13
159 190 190 181/764
159 190 189 31/401
160 190 190 41/172
160 190 189 38/489
161 190 190 163/682
161 190 189 76/973
162 190 190 82/341
162 190 189 53/675
163 190 190 47/195
163 190 189 3/38
164 190 190 81/334
164 190 189 5/63
165 190 190 26/107
165 190 189 19/238
166 190 190 190/777
166 190 189 50/623
167 190 190 169/690
167 190 189 69/854
168 190 190 160/649
168 190 189 68/837
169 190 190 59/239
169 190 189 80/977
170 190 190 131/527
170 190 189 7/85
171 190 190 54/217
171 190 189 39/469
172 190 190 87/347
172 190 189 61/729
173 190 190 65/259
173 190 189 56/661
174 190 190 227/897
174 190 189 65/762
175 190 190 246/971
175 190 189 70/807
176 190 190 188/735
176 190 189 41/469
177 190 190 237/925
177 190 189 47/525
178 190 190 106/409
178 190 189 29/321
179 190 190 227/873
179 190 189 25/267
180 190 190 177/671
180 190 189 89/940
181 190 190 237/892
181 190 189 77/768
182 190 190 179/661
182 190 189 97/954
183 190 190 192/697
183 190 189 89/793
184 190 190 193/682
184 190 189 87/761
185 190 190 71/240
185 190 189 119/864
186 190 190 300/973
186 190 189 134/949
187 190 190 228/691
187 190 189 76/691
188 190 190 177/397
188 190 189 361/909
189 190 190 256/549
189 190 189 170/389
190 190 190 224/381
190 190 189 53/648
