# UNIF(n=92,lo,hi): D_ren + dipoles; lines "lo hi level amplitude" for the corrected intervals
76 76 76 77/955
76 76 75 -3/667
77 77 77 57/578
77 77 76 51/694
78 78 78 7/64
78 78 77 1/195
79 79 79 48/373
79 79 78 99/887
80 80 80 67/470
80 80 79 1/68
81 81 81 140/881
81 81 80 143/989
80 82 82 55/622
80 82 81 -23/937
82 82 82 149/811
82 82 81 21/853
81 83 83 25/134
81 83 82 89/472
83 83 83 186/941
83 83 82 49/267
80 84 84 54/289
80 84 83 29/947
82 84 84 196/907
82 84 83 28/715
84 84 84 10/121
84 84 83 -43/612
79 85 85 187/821
79 85 84 211/815
81 85 85 189/760
81 85 84 257/895
82 85 85 181/702
82 85 84 108/269
83 85 85 23/284
83 85 84 -5/94
84 85 85 14/521
84 85 84 -7/731
85 85 85 82/931
85 85 84 -67/837
78 86 86 73/289
78 86 85 47/821
80 86 86 268/967
80 86 85 53/770
81 86 86 269/934
81 86 85 73/616
82 86 86 129/433
82 86 85 71/952
83 86 86 236/769
83 86 85 89/625
84 86 86 57/181
84 86 85 57/803
85 86 86 161/500
85 86 85 149/856
86 86 86 316/963
86 86 85 46/953
77 87 87 215/617
77 87 86 197/439
78 87 87 282/793
78 87 86 275/548
79 87 87 217/599
79 87 86 375/796
80 87 87 7/19
80 87 86 53/99
81 87 87 367/981
81 87 86 365/751
82 87 87 377/994
82 87 86 131/230
83 87 87 321/836
83 87 86 326/665
84 87 87 387/997
84 87 86 295/484
85 87 87 183/467
85 87 86 437/919
86 87 87 383/985
86 87 86 178/271
87 87 87 172/497
87 87 86 191/611
72 88 88 223/570
72 88 87 92/969
73 88 88 310/771
73 88 87 67/591
74 88 88 40/97
74 88 87 11/101
75 88 88 401/950
75 88 87 59/457
76 88 88 295/684
76 88 87 65/538
77 88 88 194/441
77 88 87 127/883
78 88 88 155/346
78 88 87 124/951
79 88 88 307/674
79 88 87 3/19
80 88 88 314/679
80 88 87 17/124
81 88 88 158/337
81 88 87 21/122
82 88 88 75/158
82 88 87 133/951
83 88 88 479/998
83 88 87 41/218
84 88 88 396/817
84 88 87 55/404
85 88 88 483/988
85 88 87 166/791
86 88 88 459/932
86 88 87 105/883
87 88 88 167/337
87 88 87 158/631
88 88 88 128/257
88 88 87 30/481
65 89 89 313/944
65 89 88 42/187
66 89 89 168/503
66 89 88 101/424
67 89 89 261/761
67 89 88 1/4
68 89 89 316/917
68 89 88 161/612
69 89 89 125/353
69 89 88 233/849
70 89 89 347/978
70 89 88 27/94
71 89 89 237/649
71 89 88 283/948
72 89 89 85/233
72 89 88 303/974
73 89 89 157/417
73 89 88 315/976
74 89 89 235/627
74 89 88 111/331
75 89 89 368/947
75 89 88 259/744
76 89 89 151/392
76 89 88 243/673
77 89 89 270/671
77 89 88 102/271
78 89 89 315/794
78 89 88 279/715
79 89 89 287/684
79 89 88 235/572
80 89 89 292/711
80 89 88 313/734
81 89 89 154/347
81 89 88 292/637
82 89 89 325/756
82 89 88 327/685
83 89 89 366/757
83 89 88 128/239
84 89 89 65/141
84 89 88 477/850
85 89 89 307/590
85 89 88 226/379
86 89 89 415/867
86 89 88 502/795
87 89 89 177/266
87 89 88 337/388
88 89 89 131/222
88 89 88 362/377
89 89 89 291/539
89 89 88 126/289
49 90 90 61/459
49 90 89 41/859
50 90 90 128/923
50 90 89 26/527
51 90 90 21/146
51 90 89 47/924
52 90 90 49/328
52 90 89 37/706
53 90 90 139/901
53 90 89 41/761
54 90 90 113/708
54 90 89 47/849
55 90 90 78/475
55 90 89 13/229
56 90 90 138/815
56 90 89 27/464
57 90 90 149/858
57 90 89 29/487
58 90 90 5/28
58 90 89 12/197
59 90 90 166/909
59 90 89 14/225
60 90 90 127/678
60 90 89 27/425
61 90 90 103/539
61 90 89 51/787
62 90 90 187/956
62 90 89 36/545
63 90 90 89/447
63 90 89 64/951
64 90 90 201/988
64 90 89 67/978
65 90 90 180/871
65 90 89 59/846
66 90 90 35/166
66 90 89 48/677
67 90 90 183/856
67 90 89 43/596
68 90 90 127/583
68 90 89 71/969
69 90 90 43/195
69 90 89 73/979
70 90 90 222/989
70 90 89 37/489
71 90 90 27/119
71 90 89 44/571
72 90 90 3/13
72 90 89 64/819
73 90 90 233/1000
73 90 89 59/740
74 90 90 59/249
74 90 89 51/631
75 90 90 65/272
75 90 89 59/713
76 90 90 35/144
76 90 89 38/453
77 90 90 210/857
77 90 89 7/81
78 90 90 111/445
78 90 89 39/445
79 90 90 192/763
79 90 89 21/230
80 90 90 193/752
80 90 89 33/356
81 90 90 107/412
81 90 89 7/71
82 90 90 88/331
82 90 89 33/329
83 90 90 177/652
83 90 89 1/9
84 90 90 218/779
84 90 89 97/855
85 90 90 76/259
85 90 89 71/518
86 90 90 233/760
86 90 89 122/867
87 90 90 316/961
87 90 89 81/739
88 90 90 406/911
88 90 89 369/926
89 90 90 403/863
89 90 89 55/126
90 90 90 327/556
90 90 89 63/772
