# UNIF(n=237,lo,hi): D_ren + dipoles; lines "lo hi level amplitude" for the corrected intervals
207 207 207 36/853
207 207 206 -1/413
208 208 208 17/641
208 208 207 -2/607
209 209 209 38/757
209 209 208 0
210 210 210 25/934
210 210 209 -2/299
211 211 211 27/460
211 211 210 3/908
212 212 212 17/622
212 212 211 -3/295
213 213 213 41/604
213 213 212 6/971
214 214 214 14/495
214 214 213 -12/869
215 215 215 50/641
215 215 214 7/768
216 216 216 29/976
216 216 215 -2/113
215 217 217 66/991
215 217 216 1/761
217 217 217 38/425
217 217 216 5/411
216 218 218 33/893
216 218 217 -6/997
218 218 218 15/157
218 218 217 9/100
217 219 219 60/713
217 219 218 5/621
219 219 219 59/575
219 219 218 10/649
218 220 220 23/240
218 220 219 85/948
220 220 220 75/694
220 220 219 7/68
217 221 221 82/937
217 221 220 7/813
219 221 221 63/607
219 221 220 11/728
221 221 221 49/414
221 221 220 13/686
218 222 222 40/947
218 222 221 -1/124
220 222 222 7/60
220 222 221 85/727
222 222 222 121/981
222 222 221 82/693
217 223 223 1/10
217 223 222 11/793
219 223 223 17/149
219 223 222 4/205
221 223 223 37/292
221 223 222 6/263
223 223 223 114/827
223 223 222 16/697
218 224 224 67/553
218 224 223 43/336
220 224 224 33/250
220 224 223 139/986
222 224 224 50/353
222 224 223 17/114
224 224 224 86/603
224 224 223 81/590
217 225 225 109/887
217 225 224 22/911
219 225 225 79/586
219 225 224 7/242
221 225 225 95/653
221 225 224 25/789
222 225 225 109/725
222 225 224 43/551
223 225 225 28/561
223 225 224 -36/989
224 225 225 81/509
224 225 224 83/909
225 225 225 128/785
225 225 224 22/795
218 226 226 136/907
218 226 225 98/569
220 226 226 10/63
220 226 225 78/427
221 226 226 160/983
221 226 225 242/973
222 226 226 166/997
222 226 225 31/164
223 226 226 91/535
223 226 225 263/969
224 226 226 159/917
224 226 225 149/785
225 226 226 3/17
225 226 225 113/380
226 226 226 62/369
226 226 225 91/563
217 227 227 7/44
217 227 226 38/943
219 227 227 168/995
219 227 226 8/181
220 227 227 13/75
220 227 226 74/975
221 227 227 163/918
221 227 226 46/991
222 227 227 175/964
222 227 226 78/911
223 227 227 103/556
223 227 226 12/259
224 227 227 97/514
224 227 226 95/982
225 227 227 27/481
225 227 226 -36/773
226 227 227 5/354
226 227 226 -5/621
227 227 227 146/739
227 227 226 27/806
214 228 228 57/319
214 228 227 168/773
216 228 228 183/979
216 228 227 210/913
217 228 228 128/671
217 228 227 263/978
218 228 228 174/895
218 228 227 101/420
219 228 228 149/753
219 228 227 201/703
220 228 228 174/865
220 228 227 223/898
221 228 228 77/377
221 228 227 207/683
222 228 228 197/951
222 228 227 22/87
223 228 228 183/872
223 228 227 285/887
224 228 228 24/113
224 228 227 155/613
225 228 228 172/801
225 228 227 291/850
226 228 228 149/687
226 228 227 147/598
227 228 228 202/923
227 228 227 186/503
228 228 228 107/526
228 228 227 85/437
213 229 229 146/739
213 229 228 39/707
214 229 229 18/89
214 229 228 1/14
215 229 229 80/387
215 229 228 60/997
216 229 229 165/782
216 229 228 65/826
217 229 229 97/451
217 229 228 9/140
218 229 229 164/749
218 229 228 14/163
219 229 229 179/804
219 229 228 7/104
220 229 229 116/513
220 229 228 59/633
221 229 229 181/789
221 229 228 2/29
222 229 229 156/671
222 229 228 59/584
223 229 229 173/735
223 229 228 59/858
224 229 229 234/983
224 229 228 45/409
225 229 229 229/952
225 229 228 53/806
226 229 229 161/663
226 229 228 118/971
227 229 229 181/739
227 229 228 17/293
228 229 229 155/628
228 229 228 49/354
229 229 229 12/157
229 229 228 -49/657
210 230 230 20/273
210 230 229 -9/980
211 230 230 64/965
211 230 229 -7/979
212 230 230 49/696
212 230 229 -15/941
213 230 230 59/941
213 230 229 -3/235
214 230 230 51/751
214 230 229 -19/851
215 230 230 19/321
215 230 229 -7/394
216 230 230 47/714
216 230 229 -17/599
217 230 230 49/879
217 230 229 -11/498
218 230 230 58/903
218 230 229 -27/790
219 230 230 31/593
219 230 229 -1/39
220 230 230 11/174
220 230 229 -37/929
221 230 230 16/329
221 230 229 -26/919
222 230 230 63/1000
222 230 229 -31/681
223 230 230 41/920
223 230 229 -17/571
224 230 230 251/906
224 230 229 11/31
225 230 230 277/994
225 230 229 240/563
226 230 230 65/232
226 230 229 192/551
227 230 230 212/753
227 230 229 295/659
228 230 230 13/179
228 230 229 -33/482
229 230 230 20/923
229 230 229 -17/891
230 230 230 49/572
230 230 229 -25/296
205 231 231 129/491
205 231 230 73/985
206 231 231 241/902
206 231 230 49/591
207 231 231 60/221
207 231 230 48/601
208 231 231 239/867
208 231 230 84/941
209 231 231 73/261
209 231 230 47/552
210 231 231 19/67
210 231 230 53/556
211 231 231 102/355
211 231 230 33/367
212 231 231 263/904
212 231 230 100/989
213 231 231 63/214
213 231 230 37/393
214 231 231 39/131
214 231 230 99/928
215 231 231 269/894
215 231 230 22/225
216 231 231 255/839
216 231 230 89/794
217 231 231 274/893
217 231 230 14/139
218 231 231 239/772
218 231 230 107/911
219 231 231 261/836
219 231 230 47/457
220 231 231 208/661
220 231 230 112/911
221 231 231 233/735
221 231 230 45/433
222 231 231 271/849
222 231 230 67/520
223 231 231 319/993
223 231 230 81/782
224 231 231 127/393
224 231 230 46/339
225 231 231 322/991
225 231 230 66/653
226 231 231 321/983
226 231 230 112/775
227 231 231 165/503
227 231 230 80/843
228 231 231 111/337
228 231 230 26/165
229 231 231 40/121
229 231 230 42/515
230 231 231 326/983
230 231 230 171/947
231 231 231 285/857
231 231 230 43/839
198 232 232 31/90
198 232 231 247/538
199 232 232 141/406
199 232 231 466/991
200 232 232 293/837
200 232 231 86/183
201 232 232 333/944
201 232 231 401/833
202 232 232 43/121
202 232 231 387/806
203 232 232 296/827
203 232 231 216/439
204 232 232 293/813
204 232 231 404/825
205 232 232 353/973
205 232 231 467/930
206 232 232 291/797
206 232 231 175/351
207 232 232 313/852
207 232 231 239/467
208 232 232 364/985
208 232 231 412/813
209 232 232 333/896
209 232 231 510/979
210 232 232 71/190
210 232 231 271/527
211 232 232 367/977
211 232 231 473/893
212 232 232 131/347
212 232 231 473/908
213 232 232 371/978
213 232 231 488/907
214 232 232 322/845
214 232 231 59/112
215 232 232 359/938
215 232 231 456/835
216 232 232 98/255
216 232 231 109/205
217 232 232 49/127
217 232 231 518/935
218 232 232 371/958
218 232 231 113/211
219 232 232 335/862
219 232 231 499/888
220 232 232 356/913
220 232 231 502/933
221 232 232 309/790
221 232 231 333/584
222 232 232 295/752
222 232 231 125/232
223 232 232 225/572
223 232 231 354/611
224 232 232 377/956
224 232 231 29/54
225 232 232 251/635
225 232 231 535/906
226 232 232 368/929
226 232 231 17/32
227 232 232 256/645
227 232 231 484/799
228 232 232 365/918
228 232 231 469/905
229 232 232 45/113
229 232 231 547/868
230 232 232 262/657
230 232 231 167/341
231 232 232 221/564
231 232 231 608/917
232 232 232 9/71
232 232 231 -93/737
186 233 233 89/227
186 233 232 87/883
187 233 233 319/805
187 233 232 100/999
188 233 233 203/507
188 233 232 68/649
189 233 233 383/947
189 233 232 100/943
190 233 233 292/715
190 233 232 38/343
191 233 233 195/473
191 233 232 92/823
192 233 233 394/947
192 233 232 19/163
193 233 233 34/81
193 233 232 91/776
194 233 233 268/633
194 233 232 58/475
195 233 233 406/951
195 233 232 73/596
196 233 233 34/79
196 233 232 119/934
197 233 233 347/800
197 233 232 111/871
198 233 233 59/135
198 233 232 73/551
199 233 233 431/979
199 233 232 95/719
200 233 233 321/724
200 233 232 135/983
201 233 233 404/905
201 233 232 34/249
202 233 233 71/158
202 233 232 91/641
203 233 233 303/670
203 233 232 139/988
204 233 233 86/189
204 233 232 101/690
205 233 233 287/627
205 233 232 110/761
206 233 233 180/391
206 233 232 103/684
207 233 233 131/283
207 233 232 137/925
208 233 233 450/967
208 233 232 111/718
209 233 233 442/945
209 233 232 61/403
210 233 233 243/517
210 233 232 109/688
211 233 233 17/36
211 233 232 133/862
212 233 233 453/955
212 233 232 83/512
213 233 233 454/953
213 233 232 8/51
214 233 233 243/508
214 233 232 138/833
215 233 233 437/910
215 233 232 87/547
216 233 233 67/139
216 233 232 125/739
217 233 233 104/215
217 233 232 50/311
218 233 233 149/307
218 233 232 135/782
219 233 233 464/953
219 233 232 40/247
220 233 233 356/729
220 233 232 46/261
221 233 233 381/778
221 233 232 127/782
222 233 233 464/945
222 233 232 111/616
223 233 233 158/321
223 233 232 152/939
224 233 233 37/75
224 233 232 105/568
225 233 233 44/89
225 233 232 109/682
226 233 233 478/965
226 233 232 161/843
227 233 233 131/264
227 233 232 9/58
228 233 233 497/1000
228 233 232 200/999
229 233 233 326/655
229 233 232 49/337
230 233 233 449/901
230 233 232 154/711
231 233 233 222/445
231 233 232 10/81
232 233 233 375/751
232 233 232 225/889
233 233 233 499/999
233 233 232 53/834
166 234 234 269/846
166 234 233 201/980
167 234 234 109/341
167 234 233 17/81
168 234 234 277/860
168 234 233 73/341
169 234 234 56/173
169 234 233 7/32
170 234 234 286/877
170 234 233 211/947
171 234 234 249/760
171 234 233 113/497
172 234 234 299/906
172 234 233 133/575
173 234 234 59/178
173 234 233 120/509
174 234 234 225/674
174 234 233 132/551
175 234 234 121/361
175 234 233 241/988
176 234 234 161/477
176 234 233 180/727
177 234 234 269/794
177 234 233 239/949
178 234 234 73/214
178 234 233 225/881
179 234 234 331/967
179 234 233 231/890
180 234 234 285/827
180 234 233 218/829
181 234 234 233/674
181 234 233 243/910
182 234 234 324/931
182 234 233 163/603
183 234 234 52/149
183 234 233 175/638
184 234 234 254/723
184 234 233 187/674
185 234 234 193/548
185 234 233 193/686
186 234 234 251/708
186 234 233 151/531
187 234 234 205/577
187 234 233 100/347
188 234 234 260/727
188 234 233 271/931
189 234 234 292/815
189 234 233 171/580
190 234 234 343/951
190 234 233 236/793
191 234 234 255/706
191 234 233 47/156
192 234 234 4/11
192 234 233 193/635
193 234 234 178/489
193 234 233 175/569
194 234 234 70/191
194 234 233 298/961
195 234 234 161/439
195 234 233 101/322
196 234 234 219/593
196 234 233 55/174
197 234 234 338/915
197 234 233 311/973
198 234 234 365/981
198 234 233 217/674
199 234 234 247/664
199 234 233 69/212
200 234 234 223/595
200 234 233 136/415
201 234 234 97/259
201 234 233 209/631
202 234 234 265/702
202 234 233 1/3
203 234 234 141/374
203 234 233 251/745
204 234 234 192/505
204 234 233 258/761
205 234 234 85/224
205 234 233 271/791
206 234 234 211/551
206 234 233 283/821
207 234 234 338/885
207 234 233 286/821
208 234 234 336/871
208 234 233 109/311
209 234 234 291/757
209 234 233 299/844
210 234 234 138/355
210 234 233 118/331
211 234 234 327/845
211 234 233 31/86
212 234 234 379/967
212 234 233 45/124
213 234 234 348/893
213 234 233 105/286
214 234 234 299/756
214 234 233 229/619
215 234 234 364/927
215 234 233 209/558
216 234 234 219/548
216 234 233 141/373
217 234 234 379/957
217 234 233 100/261
218 234 234 87/215
218 234 233 126/325
219 234 234 2/5
219 234 233 379/963
220 234 234 104/253
220 234 233 2/5
221 234 234 399/985
221 234 233 153/376
222 234 234 89/212
222 234 233 412/989
223 234 234 250/607
223 234 233 230/541
224 234 234 138/319
224 234 233 41/93
225 234 234 361/856
225 234 233 202/447
226 234 234 299/660
226 234 233 425/886
227 234 234 437/999
227 234 233 479/968
228 234 234 375/766
228 234 233 449/817
229 234 234 428/919
229 234 233 123/215
230 234 234 272/519
230 234 233 565/934
231 234 234 451/937
231 234 233 621/974
232 234 234 665/998
232 234 233 527/605
233 234 234 218/369
233 234 233 126/131
234 234 234 121/224
234 234 233 293/671
124 235 235 63/485
124 235 234 10/217
125 235 235 7/53
125 235 234 12/257
126 235 235 86/641
126 235 234 46/973
127 235 235 122/895
127 235 234 9/188
128 235 235 123/889
128 235 234 39/805
129 235 235 42/299
129 235 234 38/775
130 235 235 107/751
130 235 234 49/988
131 235 235 61/422
131 235 234 44/877
132 235 235 143/976
132 235 234 7/138
133 235 235 108/727
133 235 234 2/39
134 235 235 31/206
134 235 234 17/328
135 235 235 138/905
135 235 234 45/859
136 235 235 113/732
136 235 234 39/737
137 235 235 111/710
137 235 234 27/505
138 235 235 143/904
138 235 234 21/389
139 235 235 110/687
139 235 234 41/752
140 235 235 74/457
140 235 234 35/636
141 235 235 163/995
141 235 234 1/18
142 235 235 128/773
142 235 234 56/999
143 235 235 143/854
143 235 234 34/601
144 235 235 45/266
144 235 234 40/701
145 235 235 125/731
145 235 234 35/608
146 235 235 153/886
146 235 234 57/982
147 235 235 149/854
147 235 234 49/837
148 235 235 59/335
148 235 234 19/322
149 235 235 82/461
149 235 234 47/790
150 235 235 7/39
150 235 234 25/417
151 235 235 133/734
151 235 234 31/513
152 235 235 70/383
152 235 234 54/887
153 235 235 102/553
153 235 234 53/864
154 235 235 61/328
154 235 234 16/259
155 235 235 94/501
155 235 234 59/948
156 235 235 125/661
156 235 234 49/782
157 235 235 37/194
157 235 234 13/206
158 235 235 157/817
158 235 234 31/488
159 235 235 31/160
159 235 234 41/641
160 235 235 161/825
160 235 234 28/435
161 235 235 143/727
161 235 234 37/571
162 235 235 143/722
162 235 234 53/813
163 235 235 94/471
163 235 234 29/442
164 235 235 45/224
164 235 234 59/894
165 235 235 17/84
165 235 234 17/256
166 235 235 145/712
166 235 234 39/584
167 235 235 201/980
167 235 234 26/387
168 235 235 202/979
168 235 234 46/681
169 235 235 75/361
169 235 234 32/471
170 235 235 14/67
170 235 234 14/205
171 235 235 175/832
171 235 234 66/961
172 235 235 151/714
172 235 234 41/594
173 235 235 179/841
173 235 234 22/317
174 235 235 135/631
174 235 234 47/674
175 235 235 203/943
175 235 234 49/699
176 235 235 98/453
176 235 234 5/71
177 235 235 195/896
177 235 234 63/890
178 235 235 68/311
178 235 234 31/436
179 235 235 170/773
179 235 234 1/14
180 235 235 203/919
180 235 234 31/432
181 235 235 221/995
181 235 234 38/527
182 235 235 118/529
182 235 234 69/953
183 235 235 109/486
183 235 234 71/976
184 235 235 213/946
184 235 234 13/178
185 235 235 213/941
185 235 234 65/886
186 235 235 122/537
186 235 234 19/258
187 235 235 124/543
187 235 234 52/703
188 235 235 228/995
188 235 234 32/431
189 235 235 225/977
189 235 234 73/979
190 235 235 67/290
190 235 234 69/922
191 235 235 166/715
191 235 234 75/998
192 235 235 163/700
192 235 234 73/968
193 235 235 73/312
193 235 234 34/449
194 235 235 202/861
194 235 234 56/737
195 235 235 33/140
195 235 234 65/852
196 235 235 220/931
196 235 234 63/823
197 235 235 212/893
197 235 234 76/989
198 235 235 212/891
198 235 234 61/791
199 235 235 207/866
199 235 234 12/155
200 235 235 234/977
200 235 234 47/605
201 235 235 32/133
201 235 234 45/577
202 235 235 47/195
202 235 234 9/115
203 235 235 177/731
203 235 234 11/140
204 235 235 97/400
204 235 234 47/596
205 235 235 86/353
205 235 234 65/821
206 235 235 191/783
206 235 234 55/692
207 235 235 237/967
207 235 234 32/401
208 235 235 171/697
208 235 234 67/836
209 235 235 89/361
209 235 234 54/671
210 235 235 151/612
210 235 234 52/643
211 235 235 247/996
211 235 234 77/948
212 235 235 166/669
212 235 234 62/759
213 235 235 122/489
213 235 234 70/853
214 235 235 147/589
214 235 234 79/956
215 235 235 178/709
215 235 234 73/879
216 235 235 113/450
216 235 234 31/370
217 235 235 251/993
217 235 234 77/914
218 235 235 202/799
218 235 234 71/833
219 235 235 229/899
219 235 234 50/583
220 235 235 251/985
220 235 234 78/895
221 235 235 145/564
221 235 234 74/843
222 235 235 131/509
222 235 234 23/256
223 235 235 243/934
223 235 234 86/949
224 235 235 6/23
224 235 234 72/767
225 235 235 41/155
225 235 234 89/938
226 235 235 151/567
226 235 234 70/697
227 235 235 261/962
227 235 234 28/275
228 235 235 8/29
228 235 234 101/899
229 235 235 253/893
229 235 234 77/673
230 235 235 151/510
230 235 234 109/791
231 235 235 29/94
231 235 234 88/623
232 235 235 135/409
232 235 234 45/409
233 235 235 383/859
233 235 234 397/1000
234 235 235 359/770
234 235 234 316/723
235 235 235 525/893
235 235 234 76/929
