# UNIF(n=56,lo,hi): D_ren + dipoles; lines "lo hi level amplitude" for the corrected intervals
45 45 45 33/244
45 45 44 1/10
46 46 46 69/443
46 46 45 5/717
47 47 47 19/102
47 47 46 147/911
48 48 48 79/831
48 48 47 -39/635
47 49 49 70/713
47 49 48 -14/619
49 49 49 91/978
49 49 48 -24/337
48 50 50 266/939
48 50 49 1/20
49 50 50 239/790
49 50 49 83/515
50 50 50 309/968
50 50 49 23/543
47 51 51 355/996
47 51 50 209/483
48 51 51 359/976
48 51 50 313/552
49 51 51 82/217
49 51 50 291/652
50 51 51 18/47
50 51 50 279/433
51 51 51 34/99
51 51 50 233/759
44 52 52 191/480
44 52 51 55/597
45 52 52 331/797
45 52 51 127/942
46 52 52 401/930
46 52 51 101/922
47 52 52 401/900
47 52 51 138/841
48 52 52 248/541
48 52 51 80/679
49 52 52 132/281
49 52 51 193/982
50 52 52 458/955
50 52 51 41/373
51 52 52 121/248
51 52 51 236/963
52 52 52 327/661
52 52 51 32/533
39 53 53 299/869
39 53 52 122/503
40 53 53 295/853
40 53 52 34/127
41 53 53 103/280
41 53 52 263/893
42 53 53 194/529
42 53 52 209/655
43 53 53 191/485
43 53 52 185/529
44 53 53 306/787
44 53 52 109/291
45 53 53 20/47
45 53 52 215/518
46 53 53 39/94
46 53 52 205/464
47 53 53 223/473
47 53 52 36/71
48 53 53 14/31
48 53 52 339/629
49 53 53 258/503
49 53 52 551/952
50 53 53 418/883
50 53 52 476/769
51 53 53 648/977
51 53 52 423/490
52 53 53 461/783
52 53 52 845/883
53 53 53 521/966
53 53 52 379/872
30 54 54 5/37
30 54 53 39/782
31 54 54 87/605
31 54 53 37/702
32 54 54 119/776
32 54 53 31/560
33 54 54 5/31
33 54 53 53/912
34 54 54 164/963
34 54 53 2/33
35 54 54 68/383
35 54 53 14/221
36 54 54 8/43
36 54 53 23/350
37 54 54 47/244
37 54 53 47/686
38 54 54 167/832
38 54 53 53/749
39 54 54 192/929
39 54 53 65/881
40 54 54 89/415
40 54 53 71/935
41 54 54 201/914
41 54 53 17/214
42 54 54 175/769
42 54 53 73/895
43 54 54 159/683
43 54 53 76/883
44 54 54 205/852
44 54 53 3/34
45 54 54 197/800
45 54 53 83/875
46 54 54 241/946
46 54 53 7/72
47 54 54 21/80
47 54 53 73/672
48 54 54 272/997
48 54 53 33/296
49 54 54 176/611
49 54 53 101/745
50 54 54 194/641
50 54 53 105/752
51 54 54 185/567
51 54 53 36/331
52 54 54 370/831
52 54 53 263/655
53 54 54 327/698
53 54 53 327/751
54 54 54 103/175
54 54 53 51/628
