# UNIF(n=157,lo,hi): D_ren + dipoles; lines "lo hi level amplitude" for the corrected intervals
134 134 134 5/143
134 134 133 -1/522
135 135 135 18/293
135 135 134 -1/705
136 136 136 35/993
136 136 135 -1/128
137 137 137 58/765
137 137 136 1/287
138 138 138 32/883
138 138 137 -13/935
139 139 139 74/807
139 139 138 1/119
140 140 140 41/402
140 140 139 64/693
141 141 141 105/956
141 141 140 5/372
140 142 142 95/997
140 142 141 79/997
142 142 142 118/991
142 142 141 44/397
141 143 143 62/585
141 143 142 8/859
143 143 143 105/799
143 143 142 17/906
142 144 144 16/127
142 144 143 61/503
144 144 144 71/509
144 144 143 100/759
141 145 145 108/913
141 145 144 7/508
143 145 145 40/661
143 145 144 -24/809
145 145 145 157/991
145 145 144 13/528
142 146 146 128/871
142 146 145 113/735
144 146 146 139/855
144 146 145 31/182
146 146 146 103/621
146 146 145 127/805
141 147 147 137/921
141 147 146 26/957
143 147 147 161/968
143 147 146 16/475
145 147 147 29/456
145 147 146 -37/886
146 147 147 1/53
146 147 146 -1/200
147 147 147 7/36
147 147 146 25/796
140 148 148 152/873
140 148 147 32/161
142 148 148 40/213
142 148 147 5/23
144 148 148 174/871
144 148 147 218/949
145 148 148 8/39
145 148 147 239/736
146 148 148 180/857
146 148 147 108/463
147 148 148 192/895
147 148 147 258/713
148 148 148 59/292
148 148 147 125/651
139 149 149 3/16
139 149 148 27/623
141 149 149 178/877
141 149 148 11/216
142 149 149 193/919
142 149 148 85/992
143 149 149 107/494
143 149 148 55/983
144 149 149 145/651
144 149 148 91/914
145 149 149 209/915
145 149 148 5/87
146 149 149 25/107
146 149 148 65/564
147 149 149 36/151
147 149 148 3/56
148 149 149 217/894
148 149 148 67/494
149 149 149 19/244
149 149 148 -50/679
138 150 150 17/220
138 150 149 -8/925
140 150 150 35/477
140 150 149 -17/852
141 150 150 5/87
141 150 149 -11/999
142 150 150 6/85
142 150 149 -5/163
143 150 150 49/961
143 150 149 -8/465
144 150 150 117/440
144 150 149 212/635
145 150 150 182/675
145 150 149 106/259
146 150 150 151/553
146 150 149 259/773
147 150 150 269/974
147 150 149 431/985
148 150 150 23/309
148 150 149 -5/77
149 150 150 8/351
149 150 149 -13/770
150 150 150 68/789
150 150 149 -65/779
135 151 151 7/27
135 151 150 61/892
136 151 151 263/988
136 151 150 37/433
137 151 151 272/997
137 151 150 55/717
138 151 151 187/670
138 151 150 85/886
139 151 151 191/670
139 151 150 19/227
140 151 151 257/884
140 151 150 72/679
141 151 151 45/152
141 151 150 32/359
142 151 151 143/475
142 151 150 34/293
143 151 151 48/157
143 151 150 44/475
144 151 151 169/545
144 151 150 43/340
145 151 151 169/538
145 151 150 87/931
146 151 151 253/796
146 151 150 119/860
147 151 151 115/358
147 151 150 81/899
148 151 151 299/922
148 151 150 83/539
149 151 151 277/847
149 151 150 77/974
150 151 151 312/947
150 151 150 111/620
151 151 151 249/751
151 151 150 37/732
131 152 152 333/967
131 152 151 22/47
132 152 152 235/674
132 152 151 265/571
133 152 152 284/805
133 152 151 205/422
134 152 152 66/185
134 152 151 159/332
135 152 152 340/943
135 152 151 103/205
136 152 152 307/843
136 152 151 464/943
137 152 152 343/933
137 152 151 57/110
138 152 152 125/337
138 152 151 75/149
139 152 152 340/909
139 152 151 257/482
140 152 152 308/817
140 152 151 265/517
141 152 152 199/524
141 152 151 338/617
142 152 152 382/999
142 152 151 323/622
143 152 152 279/725
143 152 151 427/759
144 152 152 12/31
144 152 151 494/945
145 152 152 202/519
145 152 151 475/821
146 152 152 327/836
146 152 151 243/466
147 152 152 222/565
147 152 151 287/480
148 152 152 144/365
148 152 151 442/863
149 152 152 137/346
149 152 151 555/887
150 152 152 257/647
150 152 151 310/637
151 152 152 185/473
151 152 151 567/857
152 152 152 119/937
152 152 151 -91/724
123 153 153 181/463
123 153 152 88/929
124 153 153 147/370
124 153 152 83/805
125 153 153 255/632
125 153 152 67/645
126 153 153 147/359
126 153 152 47/418
127 153 153 397/956
127 153 152 77/685
128 153 153 391/929
128 153 152 73/602
129 153 153 188/441
129 153 152 77/640
130 153 153 375/869
130 153 152 53/409
131 153 153 265/607
131 153 152 118/925
132 153 153 211/478
132 153 152 47/342
133 153 153 393/881
133 153 152 11/82
134 153 153 41/91
134 153 152 21/145
135 153 153 433/952
135 153 152 134/957
136 153 153 391/852
136 153 152 128/843
137 153 153 417/901
137 153 152 129/889
138 153 153 223/478
138 153 152 146/921
139 153 153 102/217
139 153 152 33/221
140 153 153 80/169
140 153 152 151/915
141 153 153 71/149
141 153 152 149/977
142 153 153 467/974
142 153 152 88/513
143 153 153 461/956
143 153 152 111/719
144 153 153 462/953
144 153 152 53/297
145 153 153 474/973
145 153 152 21/136
146 153 153 482/985
146 153 152 163/874
147 153 153 369/751
147 153 152 5/33
148 153 153 36/73
148 153 152 44/223
149 153 153 473/956
149 153 152 60/419
150 153 153 326/657
150 153 152 152/707
151 153 153 484/973
151 153 152 35/286
152 153 153 491/985
152 153 152 232/919
153 153 153 375/751
153 153 152 36/569
111 154 154 83/258
111 154 153 190/879
112 154 154 304/933
112 154 153 97/436
113 154 154 301/918
113 154 153 212/923
114 154 154 83/250
114 154 153 223/946
115 154 154 221/662
115 154 153 242/997
116 154 154 317/938
116 154 153 83/334
117 154 154 309/910
117 154 153 253/991
118 154 154 243/707
118 154 153 205/786
119 154 154 304/881
119 154 153 257/961
120 154 154 263/753
120 154 153 3/11
121 154 154 48/137
121 154 153 170/609
122 154 154 327/922
122 154 153 79/278
123 154 154 348/979
123 154 153 235/809
124 154 154 325/903
124 154 153 295/999
125 154 154 293/813
125 154 153 101/335
126 154 154 353/967
126 154 153 15/49
127 154 154 65/178
127 154 153 227/727
128 154 154 161/435
128 154 153 261/824
129 154 154 152/411
129 154 153 297/920
130 154 154 266/709
130 154 153 18/55
131 154 154 161/430
131 154 153 1/3
132 154 154 259/681
132 154 153 124/367
133 154 154 343/905
133 154 153 331/962
134 154 154 194/503
134 154 153 173/496
135 154 154 287/748
135 154 153 249/701
136 154 154 321/820
136 154 153 71/197
137 154 154 82/211
137 154 153 358/975
138 154 154 275/691
138 154 153 165/442
139 154 154 331/840
139 154 153 126/331
140 154 154 99/244
140 154 153 371/955
141 154 154 221/552
141 154 153 367/925
142 154 154 175/421
142 154 153 276/677
143 154 154 227/556
143 154 153 379/908
144 154 154 195/454
144 154 153 33/76
145 154 154 386/921
145 154 153 328/735
146 154 154 321/712
146 154 153 370/779
147 154 154 342/785
147 154 153 462/941
148 154 154 267/547
148 154 153 147/269
149 154 154 105/226
149 154 153 511/897
150 154 154 203/388
150 154 153 521/864
151 154 154 361/751
151 154 153 390/613
152 154 154 519/779
152 154 153 417/479
153 154 154 541/916
153 154 153 923/960
154 154 154 532/985
154 154 153 55/126
83 155 155 111/835
83 155 154 13/276
84 155 155 77/566
84 155 154 44/917
85 155 155 106/761
85 155 154 35/716
86 155 155 37/260
86 155 154 48/965
87 155 155 135/928
87 155 154 49/968
88 155 155 65/438
88 155 154 23/447
89 155 155 148/977
89 155 154 43/822
90 155 155 25/162
90 155 154 40/753
91 155 155 73/464
91 155 154 15/278
92 155 155 89/556
92 155 154 41/749
93 155 155 37/227
93 155 154 1/18
94 155 155 163/984
94 155 154 37/657
95 155 155 46/273
95 155 154 47/823
96 155 155 13/76
96 155 154 7/121
97 155 155 89/512
97 155 154 50/853
98 155 155 58/329
98 155 154 34/573
99 155 155 46/257
99 155 154 14/233
100 155 155 72/397
100 155 154 53/872
101 155 155 62/337
101 155 154 58/943
102 155 155 103/553
102 155 154 61/981
103 155 155 118/625
103 155 154 61/970
104 155 155 161/843
104 155 154 23/362
105 155 155 136/703
105 155 154 7/109
106 155 155 193/987
106 155 154 31/478
107 155 155 77/389
107 155 154 61/931
108 155 155 1/5
108 155 154 33/499
109 155 155 125/618
109 155 154 40/599
110 155 155 157/769
110 155 154 32/475
111 155 155 167/809
111 155 154 17/250
112 155 155 157/754
112 155 154 12/175
113 155 155 105/499
113 155 154 11/159
114 155 155 7/33
114 155 154 53/760
115 155 155 3/14
115 155 154 55/782
116 155 155 177/820
116 155 154 64/903
117 155 155 209/959
117 155 154 1/14
118 155 155 70/319
118 155 154 28/389
119 155 155 130/587
119 155 154 65/896
120 155 155 39/175
120 155 154 16/219
121 155 155 143/636
121 155 154 53/720
122 155 155 45/199
122 155 154 53/715
123 155 155 13/57
123 155 154 28/375
124 155 155 105/458
124 155 154 63/838
125 155 155 132/571
125 155 154 24/317
126 155 155 157/676
126 155 154 17/223
127 155 155 48/205
127 155 154 73/951
128 155 155 154/655
128 155 154 47/608
129 155 155 187/789
129 155 154 33/424
130 155 155 201/845
130 155 154 69/880
131 155 155 217/905
131 155 154 3/38
132 155 155 197/819
132 155 154 30/377
133 155 155 113/466
133 155 154 27/337
134 155 155 71/292
134 155 154 19/235
135 155 155 89/363
135 155 154 46/565
136 155 155 217/883
136 155 154 53/644
137 155 155 208/839
137 155 154 79/953
138 155 155 119/479
138 155 154 41/488
139 155 155 79/315
139 155 154 58/685
140 155 155 143/569
140 155 154 53/615
141 155 155 191/752
141 155 154 85/978
142 155 155 247/970
142 155 154 71/797
143 155 155 124/481
143 155 154 69/767
144 155 155 161/622
144 155 154 85/911
145 155 155 257/978
145 155 154 91/964
146 155 155 263/993
146 155 154 1/10
147 155 155 131/485
147 155 154 41/404
148 155 155 69/251
148 155 154 103/919
149 155 155 102/361
149 155 154 78/683
150 155 155 177/599
150 155 154 113/821
151 155 155 61/198
151 155 154 117/829
152 155 155 311/943
152 155 154 83/755
153 155 155 144/323
153 155 154 238/599
154 155 155 118/253
154 155 154 433/991
155 155 155 498/847
155 155 154 13/159
