# UNIF(n=242,lo,hi): D_ren + dipoles; lines "lo hi level amplitude" for the corrected intervals
211 211 211 37/910
211 211 210 17/710
212 212 212 41/949
212 212 211 -1/631
213 213 213 26/989
213 213 212 -4/995
214 214 214 43/842
214 214 213 1/852
215 215 215 19/715
215 215 214 -7/957
216 216 216 45/757
216 216 215 2/509
217 217 217 21/773
217 217 216 -5/467
218 218 218 42/613
218 218 217 1/149
219 219 219 17/604
219 219 218 -10/701
220 220 220 15/191
220 220 219 7/732
221 221 221 19/642
221 221 220 -3/166
220 222 222 59/868
220 222 221 2/807
222 222 222 23/256
222 222 221 9/718
221 223 223 18/491
221 223 222 -1/143
223 223 223 67/699
223 223 222 81/896
222 224 224 85/997
222 224 223 7/778
224 224 224 87/845
224 224 223 3/191
223 225 225 65/672
223 225 224 1/11
225 225 225 99/914
225 225 224 92/891
222 226 226 13/146
222 226 225 8/805
224 226 226 101/965
224 226 225 15/946
226 226 226 114/961
226 226 225 8/417
223 227 227 41/978
223 227 226 -3/328
225 227 227 117/997
225 227 226 35/297
227 227 227 116/939
227 227 226 113/953
222 228 228 35/344
222 228 227 11/714
224 228 228 77/668
224 228 227 16/779
226 228 228 47/369
226 228 227 4/171
228 228 228 119/862
228 228 227 22/951
223 229 229 55/449
223 229 228 61/470
225 229 229 61/459
225 229 228 30/211
227 229 229 57/401
227 229 228 114/761
228 229 229 6/41
228 229 228 15/61
229 229 229 142/995
229 229 228 62/451
222 230 230 97/778
222 230 229 20/777
224 230 230 75/551
224 230 229 29/964
226 230 230 6/41
226 230 229 21/647
227 230 230 119/788
227 230 229 46/585
228 230 230 5/101
228 230 229 -25/684
229 230 230 103/646
229 230 229 37/404
230 230 230 55/337
230 230 229 27/971
221 231 231 83/585
221 231 230 83/516
223 231 231 121/800
223 231 230 91/523
225 231 231 141/883
225 231 230 181/984
226 231 231 131/801
226 231 230 249/997
227 231 231 109/652
227 231 230 15/79
228 231 231 80/469
228 231 230 262/963
229 231 231 86/495
229 231 230 90/473
230 231 231 53/300
230 231 230 242/813
231 231 231 135/803
231 231 230 11/68
220 232 232 17/113
220 232 231 19/514
222 232 232 50/311
222 232 231 12/287
224 232 232 74/435
224 232 231 21/463
225 232 232 15/86
225 232 231 1/13
226 232 232 68/381
226 232 231 6/127
227 232 232 35/192
227 232 231 46/533
228 232 232 92/495
228 232 231 3/64
229 232 232 7/37
229 232 231 86/885
230 232 232 32/573
230 232 231 -33/707
231 232 232 11/789
231 232 231 -6/739
232 232 232 186/941
232 232 231 22/655
219 233 233 85/471
219 233 232 176/801
221 233 233 149/791
221 233 232 151/651
222 233 233 29/151
222 233 232 59/218
223 233 233 167/854
223 233 232 227/938
224 233 233 106/533
224 233 232 133/463
225 233 233 20/99
225 233 232 243/974
226 233 233 107/522
226 233 232 232/763
227 233 233 198/953
227 233 232 120/473
228 233 233 142/675
228 233 232 123/382
229 233 233 163/766
229 233 232 56/221
230 233 233 143/665
230 233 232 315/919
231 233 233 33/152
231 233 232 95/386
232 233 233 143/653
232 233 232 340/919
233 233 233 35/172
233 233 232 36/185
218 234 234 140/701
218 234 233 57/997
219 234 234 107/524
219 234 233 29/396
220 234 234 54/259
220 234 233 29/469
221 234 234 27/127
221 234 233 70/873
222 234 234 181/836
222 234 233 46/701
223 234 234 135/613
223 234 233 33/379
224 234 234 194/867
224 234 233 62/907
225 234 234 119/524
225 234 233 8/85
226 234 234 102/443
226 234 233 3/43
227 234 234 184/789
227 234 233 6/59
228 234 234 143/606
228 234 233 47/678
229 234 234 125/524
229 234 233 39/353
230 234 234 206/855
230 234 233 8/121
231 234 234 115/473
231 234 233 119/977
232 234 234 214/873
232 234 233 45/773
233 234 234 182/737
233 234 233 55/397
234 234 234 54/707
234 234 233 -47/630
213 235 235 27/356
213 235 234 -4/897
215 235 235 4/55
215 235 234 -11/975
216 235 235 37/562
216 235 234 -9/991
217 235 235 61/872
217 235 234 -12/677
218 235 235 55/883
218 235 234 -7/486
219 235 235 57/844
219 235 234 -1/42
220 235 235 1/17
220 235 234 -17/889
221 235 235 61/931
221 235 234 -9/304
222 235 235 36/649
222 235 234 -17/733
223 235 235 27/422
223 235 234 -34/967
224 235 235 19/365
224 235 234 -24/905
225 235 235 15/238
225 235 234 -11/271
226 235 235 30/619
226 235 234 -15/518
227 235 235 56/891
227 235 234 -36/781
228 235 235 2/45
228 235 234 -20/661
229 235 235 81/292
229 235 234 178/501
230 235 235 118/423
230 235 234 32/75
231 235 235 113/403
231 235 234 98/281
232 235 235 191/678
232 235 234 305/681
233 235 235 49/675
233 235 234 -26/379
234 235 235 21/970
234 235 234 -11/574
235 235 235 40/467
235 235 234 -6/71
210 236 236 17/64
210 236 235 1/13
211 236 236 251/930
211 236 235 83/970
212 236 236 134/489
212 236 235 7/85
213 236 236 62/223
213 236 235 37/404
214 236 236 179/635
214 236 235 11/126
215 236 236 285/998
215 236 235 40/411
216 236 236 260/899
216 236 235 68/741
217 236 236 283/967
217 236 235 84/817
218 236 236 214/723
218 236 235 67/700
219 236 236 181/605
219 236 235 4/37
220 236 236 68/225
220 236 235 97/979
221 236 236 285/934
221 236 235 35/309
222 236 236 105/341
222 236 235 57/560
223 236 236 50/161
223 236 235 110/929
224 236 236 242/773
224 236 235 73/704
225 236 236 288/913
225 236 235 71/574
226 236 236 257/809
226 236 235 89/851
227 236 236 173/541
227 236 235 11/85
228 236 236 37/115
228 236 235 64/615
229 236 236 221/683
229 236 235 118/867
230 236 236 121/372
230 236 235 36/355
231 236 236 318/973
231 236 235 107/739
232 236 236 323/984
232 236 235 72/757
233 236 236 318/965
233 236 235 103/653
234 236 236 292/883
234 236 235 53/649
235 236 236 68/205
235 236 235 153/847
236 236 236 297/893
236 236 235 2/39
202 237 237 303/881
202 237 236 353/765
203 237 237 233/672
203 237 236 321/695
204 237 237 159/455
204 237 236 209/442
205 237 237 25/71
205 237 236 317/671
206 237 237 155/437
206 237 236 119/246
207 237 237 354/991
207 237 236 465/964
208 237 237 41/114
208 237 236 42/85
209 237 237 122/337
209 237 236 59/120
210 237 237 243/667
210 237 236 63/125
211 237 237 103/281
211 237 236 500/999
212 237 237 271/735
212 237 236 364/709
213 237 237 353/952
213 237 236 307/604
214 237 237 277/743
214 237 236 409/783
215 237 237 196/523
215 237 236 282/547
216 237 237 374/993
216 237 236 318/599
217 237 237 316/835
217 237 236 225/431
218 237 237 257/676
218 237 236 69/128
219 237 237 307/804
219 237 236 276/523
220 237 237 324/845
220 237 236 460/841
221 237 237 87/226
221 237 236 336/631
222 237 237 199/515
222 237 236 512/923
223 237 237 254/655
223 237 236 289/539
224 237 237 207/532
224 237 236 9/16
225 237 237 105/269
225 237 236 475/882
226 237 237 341/871
226 237 236 521/913
227 237 237 329/838
227 237 236 289/536
228 237 237 383/973
228 237 236 40/69
229 237 237 204/517
229 237 236 36/67
230 237 237 384/971
230 237 236 319/540
231 237 237 128/323
231 237 236 414/779
232 237 237 187/471
232 237 236 123/203
233 237 237 311/782
233 237 236 113/218
234 237 237 47/118
234 237 236 254/403
235 237 237 205/514
235 237 236 24/49
236 237 237 386/985
236 237 236 185/279
237 237 237 156/449
237 237 236 223/707
190 238 238 175/446
190 238 237 41/415
191 238 238 113/285
191 238 237 28/271
192 238 238 153/382
192 238 237 74/707
193 238 238 271/670
193 238 237 70/641
194 238 238 401/982
194 238 237 15/136
195 238 238 319/774
195 238 237 109/949
196 238 238 257/618
196 238 237 59/510
197 238 238 99/236
197 238 237 115/956
198 238 238 415/981
198 238 237 29/240
199 238 238 119/279
199 238 237 123/980
200 238 238 411/956
200 238 237 107/851
201 238 238 279/644
201 238 237 80/613
202 238 238 79/181
202 238 237 112/859
203 238 238 324/737
203 238 237 97/717
204 238 238 309/698
204 238 237 31/230
205 238 238 398/893
205 238 237 133/951
206 238 238 419/934
206 238 237 96/691
207 238 238 423/937
207 238 237 91/631
208 238 238 352/775
208 238 237 1/7
209 238 238 339/742
209 238 237 96/647
210 238 238 17/37
210 238 237 129/881
211 238 238 401/868
211 238 237 133/873
212 238 238 124/267
212 238 237 31/207
213 238 238 288/617
213 238 237 131/839
214 238 238 341/727
214 238 237 101/661
215 238 238 336/713
215 238 237 27/169
216 238 238 311/657
216 238 237 121/778
217 238 238 454/955
217 238 237 159/974
218 238 238 253/530
218 238 237 3/19
219 238 238 150/313
219 238 237 1/6
220 238 238 317/659
220 238 237 87/544
221 238 238 14/29
221 238 237 95/559
222 238 238 481/993
222 238 237 151/935
223 238 238 121/249
223 238 237 48/277
224 238 238 155/318
224 238 237 72/443
225 238 238 153/313
225 238 237 143/809
226 238 238 323/659
226 238 237 107/657
227 238 238 484/985
227 238 237 67/371
228 238 238 33/67
228 238 237 152/937
229 238 238 309/626
229 238 237 182/983
230 238 238 367/742
230 238 237 85/531
231 238 238 277/559
231 238 237 178/931
232 238 238 478/963
232 238 237 16/103
233 238 238 432/869
233 238 237 122/609
234 238 238 340/683
234 238 237 55/378
235 238 238 156/313
235 238 237 13/60
236 238 238 463/928
236 238 237 114/923
237 238 238 391/783
237 238 237 142/561
238 238 238 499/999
238 238 237 56/881
170 239 239 301/941
170 239 238 145/703
171 239 239 300/931
171 239 238 129/613
172 239 239 147/454
172 239 238 197/916
173 239 239 226/693
173 239 238 94/429
174 239 239 324/989
174 239 238 176/787
175 239 239 321/973
175 239 238 180/791
176 239 239 164/495
176 239 238 74/319
177 239 239 333/998
177 239 238 29/123
178 239 239 211/630
178 239 238 212/883
179 239 239 263/780
179 239 238 215/882
180 239 239 155/458
180 239 238 123/496
181 239 239 325/954
181 239 238 41/163
182 239 239 295/863
182 239 238 113/442
183 239 239 171/497
183 239 238 157/606
184 239 239 341/988
184 239 238 261/992
185 239 239 33/95
185 239 238 203/762
186 239 239 263/755
186 239 238 93/344
187 239 239 339/967
187 239 238 189/691
188 239 239 181/515
188 239 238 271/977
189 239 239 307/868
189 239 238 53/189
190 239 239 313/883
190 239 238 268/943
191 239 239 239/670
191 239 238 263/916
192 239 239 302/845
192 239 238 203/698
193 239 239 214/595
193 239 238 175/596
194 239 239 125/347
194 239 238 250/841
195 239 239 149/411
195 239 238 299/997
196 239 239 351/967
196 239 238 207/682
197 239 239 118/323
197 239 238 277/905
198 239 239 298/815
198 239 238 187/604
199 239 239 53/144
199 239 238 303/971
200 239 239 102/277
200 239 238 65/206
201 239 239 347/936
201 239 238 233/733
202 239 239 360/971
202 239 238 107/333
203 239 239 255/683
203 239 238 265/819
204 239 239 78/209
204 239 238 327/1000
205 239 239 347/923
205 239 238 289/878
206 239 239 77/205
206 239 238 299/899
207 239 239 349/922
207 239 238 83/248
208 239 239 333/881
208 239 238 305/902
209 239 239 335/879
209 239 238 116/341
210 239 239 116/305
210 239 238 166/483
211 239 239 307/800
211 239 238 121/350
212 239 239 380/993
212 239 238 277/793
213 239 239 80/207
213 239 238 344/979
214 239 239 325/844
214 239 238 136/383
215 239 239 95/244
215 239 238 209/585
216 239 239 193/498
216 239 238 160/443
217 239 239 281/716
217 239 238 361/993
218 239 239 318/815
218 239 238 57/155
219 239 239 293/740
219 239 238 299/807
220 239 239 329/837
220 239 238 3/8
221 239 239 2/5
221 239 238 299/790
222 239 239 109/275
222 239 238 28/73
223 239 239 360/889
223 239 238 371/956
224 239 239 265/662
224 239 238 310/787
225 239 239 371/902
225 239 238 295/737
226 239 239 92/227
226 239 238 68/167
227 239 239 21/50
227 239 238 223/535
228 239 239 281/682
228 239 238 339/797
229 239 239 341/788
229 239 238 359/814
230 239 239 224/531
230 239 238 33/73
231 239 239 29/64
231 239 238 202/421
232 239 239 431/985
232 239 238 440/889
233 239 239 401/819
233 239 238 238/433
234 239 239 313/672
234 239 238 337/589
235 239 239 239/456
235 239 238 559/924
236 239 239 413/858
236 239 238 139/218
237 239 239 665/998
237 239 238 527/605
238 239 239 475/804
238 239 238 832/865
239 239 239 531/983
239 239 238 131/300
128 240 240 118/895
128 240 239 20/429
129 240 240 79/590
129 240 239 16/339
130 240 240 105/772
130 240 239 41/858
131 240 240 102/739
131 240 239 41/848
132 240 240 80/571
132 240 239 41/838
133 240 240 131/922
133 240 239 19/384
134 240 240 65/451
134 240 239 50/999
135 240 240 13/89
135 240 239 47/929
136 240 240 142/959
136 240 239 49/958
137 240 240 148/987
137 240 239 43/832
138 240 240 43/283
138 240 239 48/919
139 240 240 153/995
139 240 239 45/853
140 240 240 145/931
140 240 239 17/319
141 240 240 127/806
141 240 239 41/762
142 240 240 133/834
142 240 239 42/773
143 240 240 159/986
143 240 239 17/310
144 240 240 146/895
144 240 239 31/560
145 240 240 46/279
145 240 239 53/949
146 240 240 1/6
146 240 239 39/692
147 240 240 161/956
147 240 239 27/475
148 240 240 8/47
148 240 239 25/436
149 240 240 170/989
149 240 239 37/640
150 240 240 170/979
150 240 239 33/566
151 240 240 78/445
151 240 239 58/987
152 240 240 77/435
152 240 239 33/557
153 240 240 177/991
153 240 239 4/67
154 240 240 108/599
154 240 239 50/831
155 240 240 2/11
155 240 239 2/33
156 240 240 167/910
156 240 239 8/131
157 240 240 131/708
157 240 239 27/439
158 240 240 14/75
158 240 239 57/920
159 240 240 130/691
159 240 239 32/513
160 240 240 85/448
160 240 239 49/780
161 240 240 186/973
161 240 239 27/427
162 240 240 175/908
162 240 239 58/911
163 240 240 185/953
163 240 239 23/359
164 240 240 9/46
164 240 239 63/977
165 240 240 145/736
165 240 239 63/971
166 240 240 133/670
166 240 239 51/781
167 240 240 199/996
167 240 239 40/609
168 240 240 156/775
168 240 239 61/923
169 240 240 79/390
169 240 239 64/963
170 240 240 51/250
170 240 239 47/703
171 240 240 102/497
171 240 239 65/967
172 240 240 193/934
172 240 239 43/636
173 240 240 154/741
173 240 239 7/103
174 240 240 50/239
174 240 239 68/995
175 240 240 191/908
175 240 239 59/859
176 240 240 76/359
176 240 239 52/753
177 240 240 113/531
177 240 239 17/245
178 240 240 94/439
178 240 239 3/43
179 240 240 17/79
179 240 239 63/899
180 240 240 134/619
180 240 239 66/937
181 240 240 87/400
181 240 239 67/947
182 240 240 7/32
182 240 239 31/436
183 240 240 187/851
183 240 239 1/14
184 240 240 59/267
184 240 239 16/223
185 240 240 79/356
185 240 239 67/930
186 240 240 83/372
186 240 239 49/677
187 240 240 181/808
187 240 239 67/922
188 240 240 202/897
188 240 239 10/137
189 240 240 217/960
189 240 239 17/232
190 240 240 147/647
190 240 239 63/856
191 240 240 184/807
191 240 239 54/731
192 240 240 206/899
192 240 239 73/984
193 240 240 183/796
193 240 239 58/779
194 240 240 213/922
194 240 239 8/107
195 240 240 130/561
195 240 239 70/933
196 240 240 139/597
196 240 239 51/677
197 240 240 99/424
197 240 239 48/635
198 240 240 232/989
198 240 239 17/224
199 240 240 135/574
199 240 239 68/893
200 240 240 185/783
200 240 239 37/484
201 240 240 9/38
201 240 239 26/339
202 240 240 59/248
202 240 239 77/1000
203 240 240 36/151
203 240 239 73/945
204 240 240 74/309
204 240 239 67/864
205 240 240 149/621
205 240 239 61/784
206 240 240 181/751
206 240 239 56/717
207 240 240 239/990
207 240 239 25/319
208 240 240 105/433
208 240 239 45/572
209 240 240 212/873
209 240 239 3/38
210 240 240 141/578
210 240 239 60/757
211 240 240 233/954
211 240 239 51/641
212 240 240 53/216
212 240 239 79/989
213 240 240 237/965
213 240 239 73/910
214 240 240 211/855
214 240 239 65/807
215 240 240 203/822
215 240 239 59/729
216 240 240 173/697
216 240 239 33/406
217 240 240 223/898
217 240 239 77/942
218 240 240 188/753
218 240 239 73/889
219 240 240 241/965
219 240 239 53/641
220 240 240 52/207
220 240 239 57/686
221 240 240 151/601
221 240 239 57/680
222 240 240 131/518
222 240 239 52/617
223 240 240 108/427
223 240 239 81/950
224 240 240 66/259
224 240 239 32/373
225 240 240 246/965
225 240 239 17/195
226 240 240 242/941
226 240 239 18/205
227 240 240 251/975
227 240 239 39/434
228 240 240 248/953
228 240 239 61/673
229 240 240 161/617
229 240 239 43/458
230 240 240 109/412
230 240 239 93/980
231 240 240 224/841
231 240 239 91/906
232 240 240 89/328
232 240 239 39/383
233 240 240 245/888
233 240 239 111/988
234 240 240 17/60
234 240 239 73/638
235 240 240 273/922
235 240 239 74/537
236 240 240 29/94
236 240 239 63/446
237 240 240 203/615
237 240 239 79/718
238 240 240 383/859
238 240 239 343/864
239 240 240 283/607
239 240 239 257/588
240 240 240 525/893
240 240 239 76/929
