# UNIF(n=57,lo,hi): D_ren + dipoles; lines "lo hi level amplitude" for the corrected intervals
45 45 45 103/996
45 45 44 -11/892
46 46 46 36/263
46 46 45 80/749
47 47 47 14/89
47 47 46 5/822
48 48 48 38/205
48 48 47 142/875
49 49 49 33/347
49 49 48 -59/942
48 50 50 72/755
48 50 49 -17/757
50 50 50 19/206
50 50 49 -59/829
47 51 51 233/969
47 51 50 15/472
49 51 51 120/421
49 51 50 23/472
50 51 51 269/886
50 51 50 157/979
51 51 51 133/416
51 51 50 16/381
48 52 52 344/961
48 52 51 315/713
49 52 52 328/889
49 52 51 284/495
50 52 52 220/581
50 52 51 170/377
51 52 52 357/934
51 52 51 127/197
52 52 52 78/601
52 52 51 -54/451
45 53 53 375/934
45 53 52 47/531
46 53 53 389/930
46 53 52 128/971
47 53 53 431/994
47 53 52 104/971
48 53 53 362/809
48 53 52 6/37
49 53 53 212/461
49 53 52 79/679
50 53 53 371/788
50 53 52 69/353
51 53 53 256/533
51 53 52 19/174
52 53 53 481/985
52 53 52 194/793
53 53 53 436/881
53 53 52 24/401
40 54 54 329/965
40 54 53 251/990
41 54 54 294/857
41 54 53 225/811
42 54 54 205/561
42 54 53 10/33
43 54 54 136/373
43 54 53 159/487
44 54 54 372/949
44 54 53 167/469
45 54 54 213/550
45 54 53 239/629
46 54 54 14/33
46 54 53 253/603
47 54 54 317/766
47 54 53 139/312
48 54 54 8/17
48 54 53 484/949
49 54 54 354/785
49 54 53 505/933
50 54 54 62/121
50 54 53 487/839
51 54 54 149/315
51 54 53 209/337
52 54 54 605/912
52 54 53 32/37
53 54 54 416/707
53 54 53 511/534
54 54 54 172/319
54 54 53 349/803
30 55 55 49/366
30 55 54 26/525
31 55 55 122/851
31 55 54 52/997
32 55 55 81/535
32 55 54 33/602
33 55 55 127/792
33 55 54 51/890
34 55 55 79/471
34 55 54 36/601
35 55 55 145/823
35 55 54 47/755
36 55 55 92/503
36 55 54 26/401
37 55 55 185/969
37 55 54 45/671
38 55 55 145/736
38 55 54 44/631
39 55 55 167/816
39 55 54 12/167
40 55 55 128/609
40 55 54 45/602
41 55 55 109/501
41 55 54 49/638
42 55 55 59/265
42 55 54 49/611
43 55 55 192/835
43 55 54 68/827
44 55 55 213/907
44 55 54 83/958
45 55 55 103/425
45 55 54 48/541
46 55 55 244/985
46 55 54 95/997
47 55 55 161/629
47 55 54 4/41
48 55 55 44/167
48 55 54 104/955
49 55 55 212/775
49 55 54 21/188
50 55 55 127/440
50 55 54 117/862
51 55 55 187/617
51 55 54 109/780
52 55 55 273/836
52 55 54 91/836
53 55 55 175/393
53 55 54 67/167
54 55 55 437/933
54 55 54 279/641
55 55 55 299/508
55 55 54 34/419
