# UNIF(n=193,lo,hi): D_ren + dipoles; lines "lo hi level amplitude" for the corrected intervals
167 167 167 21/425
167 167 166 -1/392
168 168 168 5/164
168 168 167 -1/218
169 169 169 3/50
169 169 168 1/833
170 170 170 25/808
170 170 169 -1/110
171 171 171 1/14
171 171 170 3/607
172 172 172 3/94
172 172 171 -12/871
173 173 173 41/488
173 173 172 7/802
174 174 174 29/315
174 174 173 78/929
175 175 175 40/407
175 175 174 6/475
174 176 176 61/720
174 176 175 41/584
176 176 176 38/359
176 176 175 53/535
175 177 177 57/613
175 177 176 7/860
177 177 177 76/661
177 177 176 11/656
176 178 178 41/379
176 178 177 68/667
178 178 178 59/485
178 178 177 115/997
175 179 179 53/533
175 179 178 5/501
177 179 179 116/979
177 179 178 4/229
179 179 179 23/170
179 179 178 21/986
176 180 180 11/91
176 180 179 75/619
178 180 180 125/923
178 180 179 37/268
180 180 180 137/969
180 180 179 87/644
175 181 181 67/565
175 181 180 17/931
177 181 181 106/787
177 181 180 3/122
179 181 181 48/887
179 181 180 -23/682
181 181 181 74/459
181 181 180 14/529
176 182 182 107/728
176 182 181 145/898
178 182 182 104/655
178 182 181 7/40
180 182 182 139/822
180 182 181 132/725
181 182 182 37/213
181 182 181 255/872
182 182 182 167/999
182 182 181 65/406
175 183 183 147/961
175 183 182 4/119
177 183 183 103/620
177 183 182 9/232
179 183 183 107/602
179 183 182 5/121
180 183 183 159/869
180 183 182 21/226
181 183 183 13/220
181 183 182 -23/515
182 183 183 2/125
182 183 182 -4/585
183 183 183 32/163
183 183 182 23/704
174 184 184 73/405
174 184 183 163/760
176 184 184 171/898
176 184 183 222/971
177 184 184 135/692
177 184 183 148/517
178 184 184 75/376
178 184 183 117/490
179 184 184 137/673
179 184 183 289/933
180 184 184 191/921
180 184 183 173/710
181 184 184 143/678
181 184 183 277/826
182 184 184 127/593
182 184 183 151/627
183 184 184 147/677
183 184 183 334/911
184 184 184 169/833
184 184 183 191/987
173 185 185 160/811
173 185 184 47/901
174 185 185 168/827
174 185 184 67/892
175 185 185 187/896
175 185 184 27/467
176 185 185 187/874
176 185 184 58/683
177 185 185 169/772
177 185 184 57/922
178 185 185 203/908
178 185 184 79/832
179 185 185 191/838
179 185 184 57/895
180 185 185 177/763
180 185 184 9/85
181 185 185 95/403
181 185 184 1/16
182 185 185 94/393
182 185 184 5/42
183 185 185 87/359
183 185 184 31/551
184 185 185 51/208
184 185 184 46/335
185 185 185 74/961
185 185 184 -21/283
170 186 186 56/739
170 186 185 -5/717
171 186 186 41/618
171 186 185 -1/262
172 186 186 6/83
172 186 185 -12/761
173 186 186 53/861
173 186 185 -1/93
174 186 186 32/461
174 186 185 -23/956
175 186 186 12/211
175 186 185 -16/959
176 186 186 53/788
176 186 185 -10/313
177 186 186 17/326
177 186 185 -11/513
178 186 186 27/409
178 186 185 -35/883
179 186 186 9/191
179 186 185 -3/121
180 186 186 241/884
180 186 185 79/228
181 186 186 244/887
181 186 185 404/963
182 186 186 251/905
182 186 185 327/953
183 186 186 19/68
183 186 185 122/275
184 186 186 41/559
184 186 185 -45/671
185 186 186 14/633
185 186 185 -13/714
186 186 186 79/920
186 186 185 -68/809
167 187 187 19/72
167 187 186 45/613
168 187 187 209/776
168 187 186 81/943
169 187 187 232/845
169 187 186 55/686
170 187 187 26/93
170 187 186 20/213
171 187 187 151/531
171 187 186 64/743
172 187 187 191/661
172 187 186 33/325
173 187 187 22/75
173 187 186 55/603
174 187 187 83/279
174 187 186 50/459
175 187 187 63/209
175 187 186 95/997
176 187 187 242/793
176 187 186 83/714
177 187 187 238/771
177 187 186 66/673
178 187 187 39/125
178 187 186 101/816
179 187 187 190/603
179 187 186 92/927
180 187 187 69/217
180 187 186 75/568
181 187 187 261/814
181 187 186 96/979
182 187 187 305/944
182 187 186 131/922
183 187 187 122/375
183 187 186 85/914
184 187 187 274/837
184 187 186 151/967
185 187 187 211/641
185 187 186 80/993
186 187 187 43/130
186 187 186 88/489
187 187 187 283/852
187 187 186 21/412
161 188 188 120/349
161 188 187 178/383
162 188 188 223/642
162 188 187 451/973
163 188 188 47/134
163 188 187 319/666
164 188 188 57/161
164 188 187 469/985
165 188 188 354/991
165 188 187 163/331
166 188 188 156/433
166 188 187 439/900
167 188 188 81/223
167 188 187 487/964
168 188 188 41/112
168 188 187 448/899
169 188 188 357/968
169 188 187 509/984
170 188 188 13/35
170 188 187 131/258
171 188 188 261/698
171 188 187 515/974
172 188 188 178/473
172 188 187 178/345
173 188 188 315/832
173 188 187 319/591
174 188 188 313/822
174 188 187 517/989
175 188 188 116/303
175 188 187 485/881
176 188 188 339/881
176 188 187 104/197
177 188 188 133/344
177 188 187 293/522
178 188 188 367/945
178 188 187 479/902
179 188 188 140/359
179 188 187 193/337
180 188 188 294/751
180 188 187 500/941
181 188 188 11/28
181 188 187 584/997
182 188 188 283/718
182 188 187 106/201
183 188 188 321/812
183 188 187 411/682
184 188 188 197/497
184 188 187 375/727
185 188 188 327/823
185 188 187 531/845
186 188 188 260/653
186 188 187 404/827
187 188 188 269/687
187 188 187 263/397
188 188 188 94/741
188 188 187 -111/881
152 189 189 357/904
152 189 188 91/902
153 189 189 2/5
153 189 188 65/636
154 189 189 375/926
154 189 188 97/894
155 189 189 234/571
155 189 188 104/951
156 189 189 274/661
156 189 188 47/406
157 189 189 386/921
157 189 188 18/155
158 189 189 230/543
158 189 188 33/269
159 189 189 92/215
159 189 188 116/947
160 189 189 261/604
160 189 188 118/913
161 189 189 400/917
161 189 188 14/109
162 189 189 320/727
162 189 188 21/155
163 189 189 111/250
163 189 188 125/933
164 189 189 244/545
164 189 188 97/686
165 189 189 315/698
165 189 188 21/151
166 189 189 206/453
166 189 188 86/585
167 189 189 224/489
167 189 188 24/167
168 189 189 417/904
168 189 188 101/663
169 189 189 215/463
169 189 188 80/541
170 189 189 336/719
170 189 188 156/991
171 189 189 63/134
171 189 188 5/33
172 189 189 357/755
172 189 188 99/610
173 189 189 474/997
173 189 188 115/744
174 189 189 54/113
174 189 188 73/437
175 189 189 473/985
175 189 188 148/943
176 189 189 233/483
176 189 188 39/227
177 189 189 437/902
177 189 188 155/978
178 189 189 215/442
178 189 188 35/198
179 189 189 270/553
179 189 188 157/988
180 189 189 341/696
180 189 188 33/181
181 189 189 463/942
181 189 188 117/742
182 189 189 35/71
182 189 188 186/983
183 189 189 216/437
183 189 188 103/670
184 189 189 219/442
184 189 188 42/211
185 189 189 431/868
185 189 188 136/941
186 189 189 99/199
186 189 188 46/213
187 189 189 440/883
187 189 188 86/699
188 189 189 248/497
188 189 188 156/617
189 189 189 499/999
189 189 188 38/599
136 190 190 151/471
136 190 189 203/962
137 190 190 288/893
137 190 189 208/959
138 190 190 113/347
138 190 189 184/829
139 190 190 37/113
139 190 189 51/224
140 190 190 277/838
140 190 189 223/959
141 190 190 293/882
141 190 189 236/991
142 190 190 57/170
142 190 189 219/902
143 190 190 97/288
143 190 189 35/141
144 190 190 311/915
144 190 189 163/645
145 190 190 201/589
145 190 189 145/562
146 190 190 73/212
146 190 189 261/995
147 190 190 311/900
147 190 189 111/415
148 190 190 311/892
148 190 189 151/556
149 190 190 178/509
149 190 189 187/676
150 190 190 199/564
150 190 189 241/859
151 190 190 81/229
151 190 189 183/641
152 190 190 308/863
152 190 189 269/930
153 190 190 231/646
153 190 189 292/993
154 190 190 293/812
154 190 189 64/215
155 190 190 185/512
155 190 189 75/248
156 190 190 221/606
156 190 189 141/461
157 190 190 277/759
157 190 189 277/892
158 190 190 367/996
158 190 189 220/701
159 190 190 360/977
159 190 189 50/157
160 190 190 361/970
160 190 189 248/771
161 190 190 286/769
161 190 189 262/803
162 190 190 165/439
162 190 189 250/759
163 190 190 325/866
163 190 189 164/491
164 190 190 353/930
164 190 189 329/976
165 190 190 39/103
165 190 189 337/986
166 190 190 212/553
166 190 189 189/548
167 190 190 293/767
167 190 189 178/509
168 190 190 208/537
168 190 189 6/17
169 190 190 244/633
169 190 189 92/257
170 190 190 383/978
170 190 189 299/827
171 190 190 293/753
171 190 189 361/984
172 190 190 44/111
172 190 189 338/911
173 190 190 353/898
173 190 189 367/974
174 190 190 361/898
174 190 189 301/788
175 190 190 68/171
175 190 189 336/865
176 190 190 283/692
176 190 189 155/392
177 190 190 402/997
177 190 189 56/139
178 190 190 23/55
178 190 189 19/46
179 190 190 401/977
179 190 189 241/571
180 190 190 22/51
180 190 189 422/963
181 190 190 61/145
181 190 189 393/874
182 190 190 397/878
182 190 189 463/969
183 190 190 183/419
183 190 189 405/821
184 190 190 111/227
184 190 189 363/662
185 190 190 67/144
185 190 189 550/963
186 190 190 320/611
186 190 189 29/48
187 190 190 394/819
187 190 189 86/135
188 190 190 665/998
188 190 189 290/333
189 190 190 140/237
189 190 189 251/261
190 190 190 74/137
190 190 189 303/694
101 191 191 16/123
101 191 190 45/974
102 191 191 13/98
102 191 190 45/959
103 191 191 100/739
103 191 190 47/986
104 191 191 47/341
104 191 190 46/951
105 191 191 83/591
105 191 190 19/387
106 191 191 1/7
106 191 190 47/944
107 191 191 8/55
107 191 190 46/911
108 191 191 89/602
108 191 190 24/469
109 191 191 66/439
109 191 190 25/482
110 191 191 20/131
110 191 190 27/514
111 191 191 103/664
111 191 190 39/733
112 191 191 99/629
112 191 190 51/947
113 191 191 120/751
113 191 190 32/587
114 191 191 81/500
114 191 190 52/943
115 191 191 153/931
115 191 190 13/233
116 191 191 158/949
116 191 190 48/851
117 191 191 40/237
117 191 190 32/561
118 191 191 61/357
118 191 190 20/347
119 191 191 121/699
119 191 190 55/944
120 191 191 162/925
120 191 190 1/17
121 191 191 111/626
121 191 190 45/757
122 191 191 161/898
122 191 190 59/983
123 191 191 41/226
123 191 190 2/33
124 191 191 178/971
124 191 190 54/883
125 191 191 94/507
125 191 190 5/81
126 191 191 47/251
126 191 190 50/803
127 191 191 113/597
127 191 190 59/939
128 191 191 171/895
128 191 190 14/221
129 191 191 172/891
129 191 190 57/892
130 191 191 119/611
130 191 190 55/854
131 191 191 119/605
131 191 190 5/77
132 191 191 24/121
132 191 190 60/917
133 191 191 172/859
133 191 190 37/561
134 191 191 199/986
134 191 190 37/557
135 191 191 89/437
135 191 190 33/493
136 191 191 87/424
136 191 190 43/638
137 191 191 172/831
137 191 190 59/869
138 191 191 79/379
138 191 190 68/995
139 191 191 194/923
139 191 190 17/247
140 191 191 84/397
140 191 190 57/823
141 191 191 61/286
141 191 190 47/674
142 191 191 138/643
142 191 190 55/784
143 191 191 93/430
143 191 190 31/439
144 191 191 62/285
144 191 190 25/352
145 191 191 199/908
145 191 190 71/993
146 191 191 171/776
146 191 190 35/487
147 191 191 176/793
147 191 190 47/650
148 191 191 205/919
148 191 190 41/564
149 191 191 177/788
149 191 190 40/547
150 191 191 225/997
150 191 190 43/585
151 191 191 132/581
151 191 190 55/744
152 191 191 217/951
152 191 190 50/673
153 191 191 209/910
153 191 190 70/937
154 191 191 193/837
154 191 190 25/333
155 191 191 181/780
155 191 190 73/967
156 191 191 177/760
156 191 190 38/501
157 191 191 116/495
157 191 190 61/800
158 191 191 75/319
158 191 190 39/509
159 191 191 233/985
159 191 190 62/805
160 191 191 172/725
160 191 190 63/814
161 191 191 195/817
161 191 190 48/617
162 191 191 162/677
162 191 190 19/243
163 191 191 13/54
163 191 190 76/967
164 191 191 83/344
164 191 190 61/772
165 191 191 67/276
165 191 190 61/768
166 191 191 206/847
166 191 190 60/751
167 191 191 151/617
167 191 190 51/635
168 191 191 138/563
168 191 190 19/235
169 191 191 206/835
169 191 190 73/898
170 191 191 83/336
170 191 190 34/415
171 191 191 146/587
171 191 190 81/983
172 191 191 245/984
172 191 190 50/601
173 191 191 224/893
173 191 190 37/442
174 191 191 175/697
174 191 190 5/59
175 191 191 20/79
175 191 190 57/668
176 191 191 240/947
176 191 190 59/680
177 191 191 131/512
177 191 190 55/629
178 191 191 51/199
178 191 190 89/994
179 191 191 253/976
179 191 190 15/166
180 191 191 71/273
180 191 190 87/929
181 191 191 62/235
181 191 190 66/697
182 191 191 38/143
182 191 190 37/369
183 191 191 13/48
183 191 190 97/954
184 191 191 127/461
184 191 190 111/989
185 191 191 15/53
185 191 190 75/656
186 191 191 292/987
186 191 190 73/530
187 191 191 37/120
187 191 190 61/432
188 191 191 98/297
188 191 190 98/891
189 191 191 424/951
189 191 190 83/209
190 191 191 339/727
190 191 190 281/643
191 191 191 565/961
191 191 190 53/648
