# UNIF(n=110,lo,hi): D_ren + dipoles; lines "lo hi level amplitude" for the corrected intervals
92 92 92 1/14
92 92 91 -1/259
93 93 93 49/572
93 93 92 18/287
94 94 94 11/117
94 94 93 1/263
95 95 95 6/55
95 95 94 38/411
96 96 96 46/385
96 96 95 9/787
97 97 97 85/634
97 97 96 79/650
96 98 98 7/88
96 98 97 -15/908
98 98 98 132/881
98 98 97 19/985
97 99 99 117/821
97 99 98 41/309
99 99 99 149/919
99 99 98 119/790
98 100 100 77/1000
98 100 99 -26/803
100 100 100 156/827
100 100 99 27/973
97 101 101 94/533
97 101 100 159/860
99 101 101 59/299
99 101 100 89/426
101 101 101 133/666
101 101 100 143/763
98 102 102 202/981
98 102 101 22/511
100 102 102 98/433
100 102 101 11/240
101 102 102 95/404
101 102 101 17/130
102 102 102 51/634
102 102 101 -69/961
97 103 103 181/738
97 103 102 281/959
98 103 103 243/961
98 103 102 214/569
99 103 103 257/989
99 103 102 207/670
100 103 103 127/477
100 103 102 28/67
101 103 103 11/141
101 103 102 -31/529
102 103 103 25/999
102 103 102 -11/850
103 103 103 58/665
103 103 102 -79/968
94 104 104 224/871
94 104 103 61/961
96 104 104 244/881
96 104 103 50/679
97 104 104 283/990
97 104 103 97/878
98 104 104 5/17
98 104 103 41/511
99 104 104 251/832
99 104 103 59/462
100 104 104 104/337
100 104 103 74/905
101 104 104 307/975
101 104 103 43/291
102 104 104 108/337
102 104 103 47/629
103 104 104 233/716
103 104 103 100/567
104 104 104 303/919
104 104 103 11/223
91 105 105 297/872
91 105 104 179/407
92 105 105 263/758
92 105 104 253/531
93 105 105 353/1000
93 105 104 429/928
94 105 105 184/513
94 105 104 489/971
95 105 105 352/967
95 105 104 388/807
96 105 105 331/897
96 105 104 9/17
97 105 105 139/372
97 105 104 91/184
98 105 105 367/971
98 105 104 540/973
99 105 105 338/885
99 105 104 237/472
100 105 105 32/83
100 105 104 491/843
101 105 105 264/679
101 105 104 1/2
102 105 105 237/605
102 105 104 417/676
103 105 105 347/880
103 105 104 433/901
104 105 105 85/218
104 105 104 230/349
105 105 105 201/580
105 105 104 233/743
87 106 106 79/198
87 106 105 95/871
88 106 106 232/569
88 106 105 92/857
89 106 106 119/286
89 106 105 117/958
90 106 106 67/158
90 106 105 61/516
91 106 106 101/234
91 106 105 9/67
92 106 106 251/572
92 106 105 6/47
93 106 106 340/763
93 106 105 50/343
94 106 106 179/396
94 106 105 95/701
95 106 106 131/286
95 106 105 123/785
96 106 106 217/468
96 106 105 121/855
97 106 106 430/917
97 106 105 143/854
98 106 106 271/572
98 106 105 82/565
99 106 106 11/23
99 106 105 86/481
100 106 106 191/396
100 106 105 43/296
101 106 106 139/286
101 106 105 141/733
102 106 106 229/468
102 106 105 81/581
103 106 106 95/193
103 106 105 52/245
104 106 106 283/572
104 106 105 37/307
105 106 106 80/161
105 106 105 233/927
106 106 106 367/736
106 106 105 41/653
77 107 107 257/791
77 107 106 169/798
78 107 107 56/171
78 107 106 196/879
79 107 107 133/398
79 107 106 116/499
80 107 107 268/797
80 107 106 217/892
81 107 107 117/341
81 107 106 163/646
82 107 107 71/206
82 107 106 262/997
83 107 107 197/560
83 107 106 98/361
84 107 107 303/859
84 107 106 198/703
85 107 107 352/977
85 107 106 38/131
86 107 107 340/943
86 107 106 3/10
87 107 107 361/979
87 107 106 276/895
88 107 107 359/975
88 107 106 190/597
89 107 107 20/53
89 107 106 199/609
90 107 107 277/737
90 107 106 100/297
91 107 107 97/251
91 107 106 323/934
92 107 107 33/86
92 107 106 298/837
93 107 107 23/58
93 107 106 298/813
94 107 107 202/515
94 107 106 20/53
95 107 107 239/585
95 107 106 134/343
96 107 107 271/674
96 107 106 215/534
97 107 107 263/620
97 107 106 196/465
98 107 107 250/603
98 107 106 27/62
99 107 107 435/973
99 107 106 397/852
100 107 107 417/964
100 107 106 265/548
101 107 107 169/348
101 107 106 20/37
102 107 107 316/683
102 107 106 152/269
103 107 107 301/577
103 107 106 190/317
104 107 107 435/907
104 107 106 505/797
105 107 107 253/380
105 107 106 686/789
106 107 107 281/476
106 107 106 49/51
107 107 107 27/50
107 107 106 171/392
58 108 108 3/23
58 108 107 42/899
59 108 108 56/415
59 108 107 40/833
60 108 108 101/723
60 108 107 15/304
61 108 108 127/882
61 108 107 47/929
62 108 108 100/673
62 108 107 25/482
63 108 108 51/334
63 108 107 19/358
64 108 108 151/961
64 108 107 41/755
65 108 108 148/919
65 108 107 34/613
66 108 108 41/248
66 108 107 43/759
67 108 108 154/911
67 108 107 42/727
68 108 108 111/641
68 108 107 37/628
69 108 108 91/515
69 108 107 3/50
70 108 108 157/869
70 108 107 49/802
71 108 108 168/913
71 108 107 32/515
72 108 108 71/378
72 108 107 62/981
73 108 108 55/288
73 108 107 33/514
74 108 108 51/262
74 108 107 3/46
75 108 108 181/916
75 108 107 66/997
76 108 108 174/865
76 108 107 43/640
77 108 108 136/667
77 108 107 65/954
78 108 108 198/955
78 108 107 59/854
79 108 108 17/81
79 108 107 39/557
80 108 108 181/849
80 108 107 52/733
81 108 108 197/914
81 108 107 47/654
82 108 108 7/32
82 108 107 39/536
83 108 108 93/421
83 108 107 72/977
84 108 108 41/183
84 108 107 39/523
85 108 108 193/854
85 108 107 67/887
86 108 108 178/777
86 108 107 67/877
87 108 108 229/992
87 108 107 35/452
88 108 108 40/171
88 108 107 75/958
89 108 108 203/862
89 108 107 46/579
90 108 108 110/461
90 108 107 31/386
91 108 108 223/929
91 108 107 62/759
92 108 108 235/966
92 108 107 73/884
93 108 108 34/139
93 108 107 43/510
94 108 108 222/895
94 108 107 11/129
95 108 108 215/862
95 108 107 73/833
96 108 108 253/999
96 108 107 73/823
97 108 108 207/812
97 108 107 77/835
98 108 108 103/397
98 108 107 63/674
99 108 108 125/477
99 108 107 66/665
100 108 108 79/295
100 108 107 12/119
101 108 108 80/293
101 108 107 111/995
102 108 108 52/185
102 108 107 33/290
103 108 108 68/231
103 108 107 110/801
104 108 108 55/179
104 108 107 134/951
105 108 108 27/82
105 108 107 9/82
106 108 108 423/949
106 108 107 39/98
107 108 108 463/992
107 108 107 69/158
108 108 108 187/318
108 108 107 37/453
