# UNIF(n=134,lo,hi): D_ren + dipoles; lines "lo hi level amplitude" for the corrected intervals
113 113 113 35/891
113 113 112 -1/633
114 114 114 44/659
114 114 113 -1/566
115 115 115 36/911
115 115 114 -7/794
116 116 116 32/379
116 116 115 1/240
117 117 117 82/853
117 117 116 69/847
118 118 118 5/48
118 118 117 8/791
119 119 119 103/884
119 119 118 9/85
120 120 120 82/645
120 120 119 12/739
119 121 121 107/926
119 121 120 74/729
121 121 121 64/465
121 121 120 31/242
120 122 122 17/253
120 122 121 -3/121
122 122 122 16/103
122 122 121 9/395
119 123 123 62/463
119 123 122 31/241
121 123 123 133/856
121 123 122 133/850
123 123 123 66/401
123 123 122 61/393
120 124 124 93/605
120 124 123 26/997
122 124 124 67/981
122 124 123 -17/444
124 124 124 161/837
124 124 123 6/199
119 125 125 99/566
119 125 124 169/880
121 125 125 133/695
121 125 124 152/713
123 125 125 203/988
123 125 124 133/593
124 125 125 189/893
124 125 124 291/817
125 125 125 193/959
125 125 124 87/457
118 126 126 157/847
118 126 125 14/349
120 126 126 199/975
120 126 125 46/953
121 126 126 95/447
121 126 125 71/761
122 126 126 13/59
122 126 125 47/895
123 126 126 210/923
123 126 125 33/296
124 126 126 158/675
124 126 125 39/766
125 126 126 6/25
125 126 125 43/321
126 126 126 59/749
126 126 125 -58/795
117 127 127 58/717
117 127 126 -4/535
119 127 127 73/958
119 127 126 -17/796
120 127 127 33/592
120 127 126 -8/859
121 127 127 251/971
121 127 126 51/160
122 127 127 213/808
122 127 126 185/466
123 127 127 249/928
123 127 126 301/925
124 127 127 226/829
124 127 126 179/416
125 127 127 71/937
125 127 126 -37/590
126 127 127 3/127
126 127 126 -15/968
127 127 127 78/901
127 127 126 -77/930
116 128 128 51/191
116 128 127 41/567
117 128 128 219/797
117 128 127 43/448
118 128 128 156/553
118 128 127 67/834
119 128 128 76/263
119 128 127 103/950
120 128 128 135/457
120 128 127 49/569
121 128 128 173/574
121 128 127 49/405
122 128 128 283/922
122 128 127 65/731
123 128 128 127/407
123 128 127 26/193
124 128 128 165/521
124 128 127 67/768
125 128 128 267/832
125 128 127 135/889
126 128 128 313/964
126 128 127 37/477
127 128 128 267/814
127 128 127 70/393
128 128 128 226/683
128 128 127 39/778
111 129 129 298/875
111 129 128 130/293
112 129 129 324/937
112 129 128 95/202
113 129 129 114/325
113 129 128 349/754
114 129 129 203/571
114 129 128 30/61
115 129 129 355/986
115 129 128 283/590
116 129 129 145/398
116 129 128 489/955
117 129 129 368/999
117 129 128 40/81
118 129 129 83/223
118 129 128 212/399
119 129 129 357/950
119 129 128 460/911
120 129 129 80/211
120 129 128 493/896
121 129 129 289/756
121 129 128 251/490
122 129 129 213/553
122 129 128 49/86
123 129 129 287/740
123 129 128 397/772
124 129 129 377/966
124 129 128 347/586
125 129 129 73/186
125 129 128 494/973
126 129 129 383/971
126 129 128 150/241
127 129 129 311/785
127 129 128 481/993
128 129 129 261/668
128 129 128 590/893
129 129 129 281/810
129 129 128 160/509
106 130 130 187/469
106 130 129 80/783
107 130 130 371/914
107 130 129 85/754
108 130 130 386/935
108 130 129 103/920
109 130 130 284/677
109 130 129 85/691
110 130 130 342/803
110 130 129 11/91
111 130 130 391/905
111 130 129 132/995
112 130 130 321/733
112 130 129 62/481
113 130 130 55/124
113 130 129 125/882
114 130 130 123/274
114 130 129 121/890
115 130 130 227/500
115 130 129 26/173
116 130 130 457/996
116 130 129 112/789
117 130 130 19/41
117 130 129 158/997
118 130 130 355/759
118 130 129 65/443
119 130 130 117/248
119 130 129 152/913
120 130 130 360/757
120 130 129 3/20
121 130 130 401/837
121 130 129 163/933
122 130 130 41/85
122 130 129 139/919
123 130 130 315/649
123 130 129 130/707
124 130 130 472/967
124 130 129 137/917
125 130 130 365/744
125 130 129 161/823
126 130 130 240/487
126 130 129 107/754
127 130 130 142/287
127 130 129 67/313
128 130 130 211/425
128 130 129 117/961
129 130 130 119/239
129 130 129 243/964
130 130 130 273/547
130 130 129 13/206
94 131 131 236/733
94 131 130 174/827
95 131 131 326/997
95 131 130 166/761
96 131 131 53/161
96 131 130 145/639
97 131 131 251/751
97 131 130 41/175
98 131 131 161/479
98 131 130 219/902
99 131 131 159/466
99 131 130 249/997
100 131 131 315/919
100 131 130 8/31
101 131 131 246/707
101 131 130 121/457
102 131 131 184/527
102 131 130 272/997
103 131 131 67/189
103 131 130 98/351
104 131 131 329/926
104 131 130 31/108
105 131 131 179/496
105 131 130 263/897
106 131 131 341/944
106 131 130 34/113
107 131 131 47/128
107 131 130 58/189
108 131 131 178/485
108 131 130 289/919
109 131 131 276/739
109 131 130 256/799
110 131 131 243/652
110 131 130 327/997
111 131 131 223/587
111 131 130 162/485
112 131 131 375/991
112 131 130 245/717
113 131 131 249/644
113 131 130 322/925
114 131 131 83/216
114 131 130 115/323
115 131 131 370/939
115 131 130 263/724
116 131 131 239/612
116 131 130 320/861
117 131 131 31/77
117 131 130 148/389
118 131 131 33/83
118 131 130 362/929
119 131 131 412/997
119 131 130 55/137
120 131 131 132/325
120 131 130 103/250
121 131 131 210/491
121 131 130 186/433
122 131 131 309/740
122 131 130 441/997
123 131 131 352/783
123 131 130 408/865
124 131 131 329/757
124 131 130 437/895
125 131 131 421/864
125 131 130 43/79
126 131 131 431/929
126 131 130 330/581
127 131 131 219/419
127 131 130 429/713
128 131 131 476/991
128 131 130 317/499
129 131 131 377/566
129 131 130 67/77
130 131 131 486/823
130 131 130 818/851
131 131 131 155/287
131 131 130 374/857
71 132 132 17/129
71 132 131 41/874
72 132 132 65/479
72 132 131 6/125
73 132 132 129/926
73 132 131 48/979
74 132 132 80/559
74 132 131 29/579
75 132 132 28/191
75 132 131 40/783
76 132 132 26/173
76 132 131 37/710
77 132 132 57/371
77 132 131 25/471
78 132 132 111/706
78 132 131 53/980
79 132 132 43/268
79 132 131 28/509
80 132 132 159/970
80 132 131 37/661
81 132 132 79/473
81 132 131 31/545
82 132 132 145/851
82 132 131 27/467
83 132 132 108/623
83 132 131 26/443
84 132 132 71/402
84 132 131 59/990
85 132 132 138/769
85 132 131 11/182
86 132 132 21/115
86 132 131 13/212
87 132 132 154/831
87 132 131 53/853
88 132 132 94/499
88 132 131 57/905
89 132 132 173/906
89 132 131 47/737
90 132 132 191/985
90 132 131 27/418
91 132 132 43/219
91 132 131 63/964
92 132 132 152/763
92 132 131 60/907
93 132 132 53/263
93 132 131 20/299
94 132 132 200/979
94 132 131 50/739
95 132 132 115/557
95 132 131 8/117
96 132 132 32/153
96 132 131 62/897
97 132 132 34/161
97 132 131 65/931
98 132 132 31/145
98 132 131 17/241
99 132 132 11/51
99 132 131 25/351
100 132 132 218/999
100 132 131 31/431
101 132 132 163/741
101 132 131 31/427
102 132 132 113/508
102 132 131 31/423
103 132 132 95/424
103 132 131 71/960
104 132 132 219/967
104 132 131 5/67
105 132 132 199/873
105 132 131 18/239
106 132 132 120/521
106 132 131 37/487
107 132 132 221/954
107 132 131 49/639
108 132 132 216/923
108 132 131 43/556
109 132 132 167/710
109 132 131 46/589
110 132 132 110/463
110 132 131 76/965
111 132 132 226/947
111 132 131 16/201
112 132 132 155/643
112 132 131 59/735
113 132 132 121/500
113 132 131 75/923
114 132 132 167/683
114 132 131 79/964
115 132 132 119/485
115 132 131 81/974
116 132 132 158/637
116 132 131 61/727
117 132 132 164/659
117 132 131 56/655
118 132 132 243/965
118 132 131 41/475
119 132 132 139/550
119 132 131 41/463
120 132 132 94/367
120 132 131 52/581
121 132 132 139/540
121 132 131 55/592
122 132 132 198/757
122 132 131 19/202
123 132 132 62/235
123 132 131 77/772
124 132 132 269/999
124 132 131 81/800
125 132 132 167/609
125 132 131 16/143
126 132 132 174/617
126 132 131 69/605
127 132 132 18/61
127 132 131 70/509
128 132 132 269/874
128 132 131 78/553
129 132 132 324/983
129 132 131 108/983
130 132 132 37/83
130 132 131 163/410
131 132 132 202/433
131 132 131 128/293
132 132 132 284/483
132 132 131 81/991
