# UNIF(n=245,lo,hi): D_ren + dipoles; lines "lo hi level amplitude" for the corrected intervals
214 214 214 4/97
214 214 213 25/988
215 215 215 19/434
215 215 214 -1/697
216 216 216 2/77
216 216 215 -2/471
217 217 217 28/543
217 217 216 1/767
218 218 218 26/989
218 218 217 -7/932
219 219 219 37/618
219 219 218 2/495
220 220 220 23/854
220 220 219 -1/92
221 221 221 52/755
221 221 220 6/881
222 222 222 23/823
222 222 221 -12/833
223 223 223 73/926
223 223 222 7/726
222 224 224 35/968
222 224 223 -1/1000
224 224 224 29/985
224 224 223 -18/989
223 225 225 11/160
223 225 224 1/373
225 225 225 10/111
225 225 224 11/873
224 226 226 32/883
224 226 225 -1/137
226 226 226 7/73
226 226 225 28/309
225 227 227 14/163
225 227 226 7/764
227 227 227 49/475
227 227 226 13/825
226 228 228 88/905
226 228 227 83/901
228 228 228 61/563
228 228 227 103/996
225 229 229 58/645
225 229 228 5/492
227 229 229 51/485
227 229 228 11/688
229 229 229 43/362
229 229 228 1/52
226 230 230 33/796
226 230 229 -9/949
228 230 230 73/620
228 230 229 12/101
230 230 230 107/866
230 230 229 33/278
225 231 231 101/983
225 231 230 13/830
227 231 231 8/69
227 231 230 18/869
229 231 231 122/955
229 231 230 7/298
231 231 231 80/579
231 231 230 6/259
226 232 232 62/503
226 232 231 71/539
228 232 232 119/892
228 232 231 33/230
230 232 232 95/667
230 232 231 129/857
231 232 232 143/976
231 232 231 17/69
232 232 232 142/995
232 232 231 26/189
225 233 233 67/533
225 233 232 13/500
227 233 233 75/548
227 233 232 28/925
229 233 233 142/967
229 233 232 13/399
230 233 233 119/786
230 233 232 57/724
231 233 233 4/81
231 233 232 -32/871
232 233 233 151/946
232 233 232 58/633
233 233 233 137/839
233 233 232 16/575
224 234 234 1/7
224 234 233 108/661
226 234 234 19/125
226 234 233 155/881
228 234 234 29/181
228 234 233 167/901
229 234 234 92/561
229 234 233 135/538
230 234 234 161/961
230 234 233 112/587
231 234 234 143/837
231 234 233 272/997
232 234 234 4/23
232 234 233 29/152
233 234 234 163/922
233 234 233 267/896
234 234 234 134/797
234 234 233 39/241
223 235 235 69/455
223 235 234 37/993
225 235 235 131/810
225 235 234 32/761
227 235 235 109/638
227 235 234 25/549
228 235 235 101/577
228 235 234 51/662
229 235 235 133/743
229 235 234 28/591
230 235 235 55/301
230 235 234 82/949
231 235 235 170/913
231 235 234 41/873
232 235 235 61/322
232 235 234 81/833
233 235 235 46/825
233 235 234 -36/769
234 235 235 1/72
234 235 234 -7/853
235 235 235 52/263
235 235 234 25/744
222 236 236 149/821
222 236 235 188/845
224 236 236 7/37
224 236 235 174/743
225 236 236 155/804
225 236 235 268/983
226 236 236 31/158
226 236 235 88/361
227 236 236 72/361
227 236 235 281/973
228 236 236 129/637
228 236 235 153/610
229 236 236 175/852
229 236 235 264/865
230 236 236 200/961
230 236 235 41/161
231 236 236 170/807
231 236 235 163/505
232 236 236 193/906
232 236 235 253/996
233 236 236 116/539
233 236 235 231/673
234 236 236 58/267
234 236 235 243/986
235 236 236 193/881
235 236 235 144/389
236 236 236 35/172
236 236 235 29/149
219 237 237 87/454
219 237 236 49/941
221 237 237 171/851
221 237 236 52/905
222 237 237 85/414
222 237 236 71/966
223 237 237 97/463
223 237 236 55/886
224 237 237 98/459
224 237 236 16/199
225 237 237 143/658
225 237 236 31/471
226 237 237 213/964
226 237 236 13/149
227 237 237 103/459
227 237 236 57/832
228 237 237 107/470
228 237 236 41/435
229 237 237 230/997
229 237 236 61/873
230 237 237 221/946
230 237 236 17/167
231 237 237 177/749
231 237 236 49/706
232 237 237 155/649
232 237 236 109/986
233 237 237 75/311
233 237 236 62/937
234 237 237 118/485
234 237 236 53/435
235 237 237 155/632
235 237 236 53/910
236 237 237 228/923
236 237 236 23/166
237 237 237 21/275
237 237 236 -5/67
216 238 238 11/147
216 238 237 -5/964
218 238 238 71/988
218 238 237 -1/84
219 238 238 53/815
219 238 237 -2/207
220 238 238 29/419
220 238 237 -9/493
221 238 238 56/909
221 238 237 -13/873
222 238 238 18/269
222 238 237 -14/577
223 238 238 51/875
223 238 237 -19/973
224 238 238 34/523
224 238 237 -11/367
225 238 238 28/509
225 238 237 -23/978
226 238 238 26/409
226 238 237 -34/959
227 238 238 29/561
227 238 237 -26/971
228 238 238 56/893
228 238 237 -2/49
229 238 238 4/83
229 238 237 -27/926
230 238 238 34/543
230 238 237 -13/281
231 238 238 43/972
231 238 237 -19/625
232 238 238 259/933
232 238 237 321/902
233 238 238 115/412
233 238 237 214/501
234 238 238 85/303
234 238 237 221/633
235 238 238 268/951
235 238 237 255/569
236 238 238 61/841
236 238 237 -44/641
237 238 238 11/509
237 238 237 -9/469
238 238 238 31/362
238 238 237 -6/71
211 239 239 121/468
211 239 238 66/923
212 239 239 76/289
212 239 238 61/766
213 239 239 205/767
213 239 238 47/608
214 239 239 269/991
214 239 238 39/454
215 239 239 246/893
215 239 238 31/375
216 239 239 233/834
216 239 238 69/751
217 239 239 126/445
217 239 238 74/845
218 239 239 269/938
218 239 238 97/994
219 239 239 254/875
219 239 238 23/250
220 239 239 264/899
220 239 238 17/165
221 239 239 201/677
221 239 238 61/636
222 239 239 3/10
222 239 238 81/748
223 239 239 193/637
223 239 238 92/927
224 239 239 63/206
224 239 238 60/529
225 239 239 253/820
225 239 238 69/677
226 239 239 14/45
226 239 238 87/734
227 239 239 37/118
227 239 238 71/684
228 239 239 193/611
228 239 238 51/412
229 239 239 118/371
229 239 238 83/793
230 239 239 234/731
230 239 238 83/641
231 239 239 19/59
231 239 238 53/509
232 239 239 34/105
232 239 238 119/874
233 239 239 193/593
233 239 238 7/69
234 239 239 103/315
234 239 238 137/946
235 239 239 309/941
235 239 238 92/967
236 239 239 89/270
236 239 238 59/374
237 239 239 171/517
237 239 238 37/453
238 239 239 209/630
238 239 238 28/155
239 239 239 305/917
239 239 238 2/39
204 240 240 137/400
204 240 239 271/595
205 240 240 279/808
205 240 239 89/191
206 240 240 229/658
206 240 239 317/680
207 240 240 128/365
207 240 239 455/954
208 240 240 313/886
208 240 239 412/865
209 240 240 132/371
209 240 239 387/794
210 240 240 139/388
210 240 239 377/776
211 240 240 229/635
211 240 239 95/191
212 240 240 143/394
212 240 239 47/95
213 240 240 107/293
213 240 239 405/799
214 240 240 367/999
214 240 239 417/829
215 240 240 259/701
215 240 239 502/973
216 240 240 133/358
216 240 239 24/47
217 240 240 276/739
217 240 239 203/387
218 240 240 125/333
218 240 239 265/512
219 240 240 235/623
219 240 239 317/595
220 240 240 191/504
220 240 239 11/21
221 240 240 311/817
221 240 239 113/209
222 240 240 164/429
222 240 239 426/805
223 240 240 38/99
223 240 239 437/797
224 240 240 42/109
224 240 239 95/178
225 240 240 70/181
225 240 239 239/430
226 240 240 215/554
226 240 239 383/713
227 240 240 183/470
227 240 239 40/71
228 240 240 116/297
228 240 239 48/89
229 240 240 293/748
229 240 239 569/996
230 240 240 185/471
230 240 239 536/993
231 240 240 76/193
231 240 239 311/536
232 240 240 388/983
232 240 239 463/861
233 240 240 358/905
233 240 239 545/922
234 240 240 153/386
234 240 239 67/126
235 240 240 301/758
235 240 239 414/683
236 240 240 319/802
236 240 239 14/27
237 240 240 96/241
237 240 239 539/855
238 240 240 140/351
238 240 239 315/643
239 240 240 386/985
239 240 239 124/187
240 240 240 118/931
240 240 239 -13/103
193 241 241 79/200
193 241 240 99/998
194 241 241 81/203
194 241 240 95/916
195 241 241 355/881
195 241 240 98/933
196 241 241 251/617
196 241 240 55/502
197 241 241 287/699
197 241 240 105/949
198 241 241 29/70
198 241 240 91/790
199 241 241 28/67
199 241 240 108/931
200 241 241 110/261
200 241 240 113/937
201 241 241 416/979
201 241 240 121/999
202 241 241 236/551
202 241 240 20/159
203 241 241 101/234
203 241 240 95/754
204 241 241 247/568
204 241 240 71/543
205 241 241 53/121
205 241 240 90/689
206 241 241 307/696
206 241 240 29/214
207 241 241 421/948
207 241 240 27/200
208 241 241 232/519
208 241 240 50/357
209 241 241 157/349
209 241 240 133/956
210 241 241 449/992
210 241 240 67/464
211 241 241 270/593
211 241 240 143/1000
212 241 241 419/915
212 241 240 127/855
213 241 241 425/923
213 241 240 107/730
214 241 241 156/337
214 241 240 147/964
215 241 241 382/821
215 241 240 137/914
216 241 241 339/725
216 241 240 5/32
217 241 241 459/977
217 241 240 139/909
218 241 241 143/303
218 241 240 149/932
219 241 241 228/481
219 241 240 47/302
220 241 241 119/250
220 241 240 131/802
221 241 241 119/249
221 241 240 155/981
222 241 241 296/617
222 241 240 1/6
223 241 241 13/27
223 241 240 4/25
224 241 241 244/505
224 241 240 144/847
225 241 241 366/755
225 241 240 79/489
226 241 241 461/948
226 241 240 13/75
227 241 241 457/937
227 241 240 53/326
228 241 241 269/550
228 241 240 93/526
229 241 241 484/987
229 241 240 137/841
230 241 241 409/832
230 241 240 179/991
231 241 241 372/755
231 241 240 153/943
232 241 241 198/401
232 241 240 5/27
233 241 241 47/95
233 241 240 134/837
234 241 241 284/573
234 241 240 87/455
235 241 241 70/141
235 241 240 87/560
236 241 241 443/891
236 241 240 118/589
237 241 241 465/934
237 241 240 47/323
238 241 241 160/321
238 241 240 213/983
239 241 241 237/475
239 241 240 52/421
240 241 241 401/803
240 241 240 223/881
241 241 241 499/999
241 241 240 56/881
172 242 242 138/433
172 242 241 161/779
173 242 242 156/487
173 242 241 199/942
174 242 242 232/719
174 242 241 121/562
175 242 242 261/805
175 242 241 20/91
176 242 242 16/49
176 242 241 134/599
177 242 242 267/814
177 242 241 203/890
178 242 242 254/769
178 242 241 16/69
179 242 242 135/407
179 242 241 205/868
180 242 242 176/527
180 242 241 189/788
181 242 242 172/513
181 242 241 215/881
182 242 242 295/874
182 242 241 180/727
183 242 242 291/859
183 242 241 186/739
184 242 242 89/261
184 242 241 162/635
185 242 242 207/605
185 242 241 220/849
186 242 242 52/151
186 242 241 95/362
187 242 242 314/909
187 242 241 57/214
188 242 242 170/489
188 242 241 238/883
189 242 242 38/109
189 242 241 231/845
190 242 242 147/419
190 242 241 251/908
191 242 242 236/671
191 242 241 239/853
192 242 242 63/178
192 242 241 250/883
193 242 242 177/499
193 242 241 187/652
194 242 242 257/720
194 242 241 148/511
195 242 242 54/151
195 242 241 256/873
196 242 242 113/314
196 242 241 153/517
197 242 242 133/369
197 242 241 174/581
198 242 242 181/499
198 242 241 219/725
199 242 242 349/961
199 242 241 11/36
200 242 242 178/487
200 242 241 211/685
201 242 242 229/626
201 242 241 19/61
202 242 242 95/258
202 242 241 59/188
203 242 242 368/999
203 242 241 197/621
204 242 242 191/515
204 242 241 100/313
205 242 242 79/213
205 242 241 185/573
206 242 242 369/988
206 242 241 274/843
207 242 242 28/75
207 242 241 155/472
208 242 242 44/117
208 242 241 77/233
209 242 242 65/173
209 242 241 221/662
210 242 242 365/964
210 242 241 133/396
211 242 242 307/812
211 242 241 325/958
212 242 242 353/926
212 242 241 245/718
213 242 242 237/623
213 242 241 223/647
214 242 242 38/99
214 242 241 165/476
215 242 242 111/290
215 242 241 104/297
216 242 242 385/996
216 242 241 299/849
217 242 242 337/875
217 242 241 137/385
218 242 242 125/321
218 242 241 218/609
219 242 242 219/565
219 242 241 127/351
220 242 242 367/935
220 242 241 63/173
221 242 242 16/41
221 242 241 295/801
222 242 242 158/399
222 242 241 128/345
223 242 242 274/697
223 242 241 359/956
224 242 242 2/5
224 242 241 352/929
225 242 242 44/111
225 242 241 220/573
226 242 242 309/763
226 242 241 228/587
227 242 242 241/602
227 242 241 177/449
228 242 242 225/547
228 242 241 147/367
229 242 242 229/565
229 242 241 11/27
230 242 242 407/969
230 242 241 377/904
231 242 242 349/847
231 242 241 20/47
232 242 242 325/751
232 242 241 15/34
233 242 242 413/979
233 242 241 383/847
234 242 242 440/971
234 242 241 239/498
235 242 242 431/985
235 242 241 249/503
236 242 242 425/868
236 242 241 503/915
237 242 242 245/526
237 242 241 416/727
238 242 242 391/746
238 242 241 265/438
239 242 242 142/295
239 242 241 498/781
240 242 242 665/998
240 242 241 642/737
241 242 242 231/391
241 242 241 353/367
242 242 242 531/983
242 242 241 362/829
129 243 243 92/699
129 243 242 25/537
130 243 243 29/217
130 243 242 9/191
131 243 243 125/921
131 243 242 29/608
132 243 243 42/305
132 243 242 47/974
133 243 243 45/322
133 243 242 29/594
134 243 243 35/247
134 243 242 43/871
135 243 243 24/167
135 243 242 35/701
136 243 243 143/982
136 243 242 49/971
137 243 243 40/271
137 243 242 48/941
138 243 243 100/669
138 243 242 47/912
139 243 243 48/317
139 243 242 5/96
140 243 243 40/261
140 243 242 52/989
141 243 243 9/58
141 243 242 17/320
142 243 243 116/739
142 243 242 31/578
143 243 243 44/277
143 243 242 43/794
144 243 243 137/853
144 243 242 47/860
145 243 243 45/277
145 243 242 39/707
146 243 243 11/67
146 243 242 33/593
147 243 243 163/982
147 243 242 47/837
148 243 243 83/495
148 243 242 44/777
149 243 243 152/897
149 243 242 57/998
150 243 243 167/976
150 243 242 52/903
151 243 243 163/943
151 243 242 50/861
152 243 243 138/791
152 243 242 35/598
153 243 243 139/789
153 243 242 58/983
154 243 243 131/737
154 243 242 39/656
155 243 243 75/418
155 243 242 29/484
156 243 243 154/851
156 243 242 58/961
157 243 243 21/115
157 243 242 9/148
158 243 243 95/516
158 243 242 61/996
159 243 243 13/70
159 243 242 52/843
160 243 243 111/593
160 243 242 39/628
161 243 243 84/445
161 243 242 62/991
162 243 243 31/163
162 243 242 44/699
163 243 243 116/605
163 243 242 9/142
164 243 243 73/378
164 243 242 25/392
165 243 243 167/858
165 243 242 26/405
166 243 243 166/847
166 243 242 31/480
167 243 243 78/395
167 243 242 57/877
168 243 243 65/327
168 243 242 27/413
169 243 243 174/869
169 243 242 64/973
170 243 243 188/933
170 243 242 17/257
171 243 243 125/616
171 243 242 36/541
172 243 243 59/289
172 243 242 19/284
173 243 243 126/613
173 243 242 65/966
174 243 243 178/861
174 243 242 65/961
175 243 243 185/889
175 243 242 37/544
176 243 243 181/865
176 243 242 27/395
177 243 243 199/945
177 243 242 49/713
178 243 243 105/496
178 243 242 52/753
179 243 243 59/277
179 243 242 37/533
180 243 243 70/327
180 243 242 59/846
181 243 243 160/743
181 243 242 15/214
182 243 243 37/171
182 243 242 64/909
183 243 243 205/942
183 243 242 15/212
184 243 243 195/892
184 243 242 41/577
185 243 243 184/837
185 243 242 1/14
186 243 243 17/77
186 243 242 58/809
187 243 243 200/901
187 243 242 69/958
188 243 243 113/507
188 243 242 41/567
189 243 243 136/607
189 243 242 30/413
190 243 243 65/289
190 243 242 7/96
191 243 243 85/376
191 243 242 55/751
192 243 243 157/692
192 243 242 53/721
193 243 243 127/557
193 243 242 11/149
194 243 243 221/966
194 243 242 2/27
195 243 243 20/87
195 243 242 43/578
196 243 243 229/993
196 243 242 43/576
197 243 243 19/82
197 243 242 44/587
198 243 243 221/951
198 243 242 27/359
199 243 243 60/257
199 243 242 41/543
200 243 243 92/393
200 243 242 5/66
201 243 243 202/859
201 243 242 47/618
202 243 243 62/263
202 243 242 47/616
203 243 243 139/587
203 243 242 71/927
204 243 243 89/375
204 243 242 69/898
205 243 243 200/839
205 243 242 29/376
206 243 243 59/247
206 243 242 66/853
207 243 243 107/446
207 243 242 8/103
208 243 243 56/233
208 243 242 6/77
209 243 243 7/29
209 243 242 14/179
210 243 243 147/608
210 243 242 39/497
211 243 243 195/803
211 243 242 23/292
212 243 243 169/695
212 243 242 66/835
213 243 243 223/913
213 243 242 58/731
214 243 243 212/867
214 243 242 9/113
215 243 243 183/745
215 243 242 69/863
216 243 243 163/663
216 243 242 79/984
217 243 243 207/838
217 243 242 37/459
218 243 243 197/797
218 243 242 75/926
219 243 243 39/157
219 243 242 78/959
220 243 243 209/841
220 243 242 31/379
221 243 243 249/997
221 243 242 76/925
222 243 243 1/4
222 243 242 34/411
223 243 243 232/923
223 243 242 34/409
224 243 243 91/362
224 243 242 53/632
225 243 243 21/83
225 243 242 43/510
226 243 243 125/494
226 243 242 29/340
227 243 243 246/965
227 243 242 72/839
228 243 243 51/200
228 243 242 62/711
229 243 243 204/793
229 243 242 44/501
230 243 243 163/633
230 243 242 87/968
231 243 243 234/899
231 243 242 65/717
232 243 243 95/364
232 243 242 77/820
233 243 243 240/907
233 243 242 41/432
234 243 243 191/717
234 243 242 89/886
235 243 243 200/737
235 243 242 61/599
236 243 243 149/540
236 243 242 10/89
237 243 243 240/847
237 243 242 96/839
238 243 243 289/976
238 243 242 39/283
239 243 243 199/645
239 243 242 101/715
240 243 243 305/924
240 243 242 79/718
241 243 243 383/859
241 243 242 79/199
242 243 243 352/755
242 243 242 257/588
243 243 243 418/711
243 243 242 76/929
