# UNIF(n=119,lo,hi): D_ren + dipoles; lines "lo hi level amplitude" for the corrected intervals
100 100 100 40/949
100 100 99 -1/314
101 101 101 73/945
101 101 100 -1/1000
102 102 102 72/797
102 102 101 58/805
103 103 103 61/619
103 103 102 3/491
104 104 104 74/657
104 104 103 76/763
105 105 105 95/773
105 105 104 6/455
106 106 106 100/739
106 106 105 107/860
105 107 107 42/563
105 107 106 -10/481
107 107 107 143/939
107 107 106 11/535
106 108 108 51/344
106 108 107 127/878
108 108 108 59/362
108 108 107 107/701
105 109 109 139/984
105 109 108 8/475
107 109 109 53/721
107 109 108 -35/988
109 109 109 149/783
109 109 108 15/524
106 110 110 67/366
106 110 109 103/517
108 110 110 167/831
108 110 109 179/826
109 110 110 19/91
109 110 109 214/609
110 110 110 177/884
110 110 109 147/779
105 111 111 65/339
105 111 110 32/823
107 111 111 141/664
107 111 110 32/689
108 111 111 130/587
108 111 110 45/421
109 111 111 54/235
109 111 110 47/986
110 111 111 131/552
110 111 110 31/235
111 111 111 71/890
111 111 110 -59/815
104 112 112 63/782
104 112 111 -7/639
106 112 112 161/641
106 112 111 162/529
107 112 112 227/881
107 112 111 241/623
108 112 112 29/110
108 112 111 93/293
109 112 112 74/275
109 112 111 423/997
110 112 112 52/677
110 112 111 -5/83
111 112 112 5/206
111 112 111 -11/788
112 112 112 45/518
112 112 111 -82/999
103 113 113 11/41
103 113 112 57/821
104 113 113 269/971
104 113 112 29/293
105 113 113 235/824
105 113 112 59/756
106 113 113 248/847
106 113 112 33/289
107 113 113 182/607
107 113 112 1/12
108 113 113 34/111
108 113 112 22/169
109 113 113 281/900
109 113 112 19/227
110 113 113 47/148
110 113 112 104/697
111 113 113 137/425
111 113 112 39/515
112 113 113 145/444
112 113 112 163/921
113 113 113 320/969
113 113 112 19/383
100 114 114 314/899
100 114 113 461/1000
101 114 114 94/265
101 114 113 429/866
102 114 114 104/289
102 114 113 183/382
103 114 114 337/924
103 114 113 438/845
104 114 114 137/371
104 114 113 349/707
105 114 114 319/854
105 114 113 514/951
106 114 114 339/898
106 114 113 127/252
107 114 114 239/627
107 114 113 506/899
108 114 114 383/996
108 114 113 475/934
109 114 114 226/583
109 114 113 275/468
110 114 114 335/858
110 114 113 301/597
111 114 114 323/822
111 114 113 463/747
112 114 114 228/577
112 114 113 430/891
113 114 114 103/264
113 114 113 539/817
114 114 114 103/809
114 114 113 -1/8
93 115 115 315/809
93 115 114 90/979
94 115 115 220/553
94 115 114 44/421
95 115 115 259/638
95 115 114 97/934
96 115 115 343/829
96 115 114 103/880
97 115 115 409/971
97 115 114 112/977
98 115 115 272/635
98 115 114 30/233
99 115 115 104/239
99 115 114 79/636
100 115 115 295/668
100 115 114 121/866
101 115 115 437/976
101 115 114 42/317
102 115 115 376/829
102 115 114 113/753
103 115 115 437/952
103 115 114 101/725
104 115 115 149/321
104 115 114 4/25
105 115 115 189/403
105 115 114 121/838
106 115 115 223/471
106 115 114 35/206
107 115 115 32/67
107 115 114 121/822
108 115 115 311/646
108 115 114 176/975
109 115 115 257/530
109 115 114 11/75
110 115 115 470/963
110 115 114 148/765
111 115 115 296/603
111 115 114 131/934
112 115 115 409/829
112 115 114 202/949
113 115 115 166/335
113 115 114 93/769
114 115 115 281/565
114 115 114 79/314
115 115 115 215/431
115 115 114 10/159
84 116 116 297/916
84 116 115 121/552
85 116 116 265/811
85 116 115 223/973
86 116 116 241/724
86 116 115 234/985
87 116 116 68/203
87 116 115 200/809
88 116 116 188/551
88 116 115 49/192
89 116 116 337/983
89 116 115 168/635
90 116 116 329/942
90 116 115 144/529
91 116 116 315/899
91 116 115 119/423
92 116 116 5/14
92 116 115 235/814
93 116 116 338/945
93 116 115 25/84
94 116 116 274/751
94 116 115 303/994
95 116 116 298/817
95 116 115 223/711
96 116 116 136/365
96 116 115 60/187
97 116 116 71/191
97 116 115 30/91
98 116 116 239/628
98 116 115 265/786
99 116 116 353/932
99 116 115 298/861
100 116 116 114/293
100 116 115 259/731
101 116 116 61/158
101 116 115 4/11
102 116 116 234/587
102 116 115 305/817
103 116 116 333/845
103 116 115 373/973
104 116 116 121/295
104 116 115 369/932
105 116 116 347/860
105 116 115 68/167
106 116 116 288/677
106 116 115 425/999
107 116 116 298/717
107 116 115 398/907
108 116 116 443/989
108 116 115 15/32
109 116 116 250/577
109 116 115 481/990
110 116 116 229/471
110 116 115 32/59
111 116 116 182/393
111 116 115 409/722
112 116 116 83/159
112 116 115 251/418
113 116 116 381/794
113 116 115 623/982
114 116 116 297/446
114 116 115 341/392
115 116 116 552/935
115 116 115 763/794
116 116 116 27/50
116 116 115 363/832
63 117 117 126/943
63 117 116 45/947
64 117 117 19/138
64 117 116 37/760
65 117 117 23/162
65 117 116 41/822
66 117 117 69/473
66 117 116 43/843
67 117 117 149/993
67 117 116 41/786
68 117 117 153/995
68 117 116 9/169
69 117 117 89/564
69 117 116 51/938
70 117 117 56/347
70 117 116 23/415
71 117 117 79/478
71 117 116 53/938
72 117 117 111/658
72 117 116 44/765
73 117 117 159/922
73 117 116 13/222
74 117 117 149/848
74 117 116 49/823
75 117 117 125/697
75 117 116 31/512
76 117 117 27/148
76 117 116 61/992
77 117 117 119/640
77 117 116 62/993
78 117 117 112/593
78 117 116 59/931
79 117 117 134/697
79 117 116 31/482
80 117 117 180/923
80 117 116 65/997
81 117 117 185/933
81 117 116 47/711
82 117 117 91/453
82 117 116 31/463
83 117 117 192/941
83 117 116 31/457
84 117 117 83/402
84 117 116 55/801
85 117 117 22/105
85 117 116 57/820
86 117 117 169/798
86 117 116 41/583
87 117 117 169/787
87 117 116 18/253
88 117 117 67/309
88 117 116 59/820
89 117 117 194/883
89 117 116 59/811
90 117 117 41/185
90 117 116 42/571
91 117 117 79/352
91 117 116 42/565
92 117 117 178/787
92 117 116 59/785
93 117 117 125/546
93 117 116 41/540
94 117 117 139/603
94 117 116 45/586
95 117 117 195/836
95 117 116 66/851
96 117 117 88/375
96 117 116 73/930
97 117 117 184/775
97 117 116 60/757
98 117 117 211/884
98 117 116 29/361
99 117 117 135/559
99 117 116 64/789
100 117 117 223/919
100 117 116 52/631
101 117 117 237/965
101 117 116 67/805
102 117 117 205/831
102 117 116 68/801
103 117 117 1/4
103 117 116 73/851
104 117 117 241/960
104 117 116 88/999
105 117 117 232/911
105 117 116 49/550
106 117 117 198/773
106 117 116 46/497
107 117 117 205/787
107 117 116 3/32
108 117 117 178/677
108 117 116 39/392
109 117 117 29/108
109 117 116 97/960
110 117 117 84/307
110 117 116 102/913
111 117 117 154/547
111 117 116 9/79
112 117 117 201/682
112 117 116 112/815
113 117 117 135/439
113 117 116 75/532
114 117 117 169/513
114 117 116 75/683
115 117 117 226/507
115 117 116 249/626
116 117 117 461/988
116 117 116 328/751
117 117 117 167/284
117 117 116 54/661
