# UNIF(n=133,lo,hi): D_ren + dipoles; lines "lo hi level amplitude" for the corrected intervals
112 112 112 39/997
112 112 111 -1/1000
113 113 113 11/166
113 113 112 -2/757
114 114 114 28/711
114 114 113 -7/852
115 115 115 81/964
115 115 114 1/289
116 116 116 89/929
116 116 115 73/895
117 117 117 73/703
117 117 116 3/314
118 118 118 34/293
118 118 117 93/881
119 119 119 109/859
119 119 118 15/949
118 120 120 96/835
118 120 119 29/285
120 120 120 109/794
120 120 119 95/743
119 121 121 24/353
119 121 120 -12/481
121 121 121 9/58
121 121 120 2/89
120 122 122 53/342
120 122 121 34/217
122 122 122 47/286
122 122 121 149/961
119 123 123 71/464
119 123 122 5/202
121 123 123 65/944
121 123 122 -21/547
123 123 123 104/541
123 123 122 22/735
118 124 124 27/155
118 124 123 181/940
120 124 124 172/901
120 124 123 139/651
122 124 124 173/843
122 124 123 178/793
123 124 124 151/714
123 124 123 150/421
124 124 124 37/184
124 124 123 82/431
117 125 125 85/461
117 125 124 21/550
119 125 125 203/998
119 125 124 28/597
120 125 125 202/953
120 125 124 33/358
121 125 125 115/523
121 125 124 46/891
122 125 125 107/471
122 125 124 42/379
123 125 125 217/928
123 125 124 23/456
124 125 125 201/838
124 125 124 110/823
125 125 125 31/393
125 125 124 -64/877
116 126 126 47/584
116 126 125 -1/168
118 126 126 62/817
118 126 125 -17/841
119 126 126 41/739
119 126 125 -5/599
120 126 126 255/988
120 126 125 218/683
121 126 126 233/885
121 126 125 389/979
122 126 126 193/720
122 126 125 241/740
123 126 126 240/881
123 126 125 96/223
124 126 126 19/251
124 126 125 -62/993
125 126 126 17/721
125 126 125 -13/848
126 126 126 74/855
126 126 125 -45/544
115 127 127 54/203
115 127 126 4/57
116 127 127 235/858
116 127 126 59/627
117 127 127 247/878
117 127 126 24/305
118 127 127 207/718
118 127 126 26/243
119 127 127 268/909
119 127 126 77/907
120 127 127 99/329
120 127 126 119/992
121 127 127 225/734
121 127 126 79/897
122 127 127 274/879
122 127 126 128/955
123 127 127 306/967
123 127 126 15/173
124 127 127 195/608
124 127 126 151/997
125 127 127 308/949
125 127 126 65/841
126 127 127 263/802
126 127 126 163/916
127 127 127 89/269
127 127 126 50/999
111 128 128 257/745
111 128 127 277/587
112 128 128 7/20
112 128 127 462/995
113 128 128 11/31
113 128 127 179/363
114 128 128 101/281
114 128 127 138/287
115 128 128 231/635
115 128 127 431/840
116 128 128 259/704
116 128 127 283/572
117 128 128 274/737
117 128 127 389/731
118 128 128 333/887
118 128 127 179/354
119 128 128 247/652
119 128 127 363/659
120 128 128 293/767
120 128 127 462/901
121 128 128 179/465
121 128 127 467/819
122 128 128 383/988
122 128 127 229/445
123 128 128 387/992
123 128 127 141/238
124 128 128 308/785
124 128 127 481/947
125 128 128 377/956
125 128 127 513/824
126 128 128 347/876
126 128 127 297/613
127 128 128 366/937
127 128 127 473/716
128 128 128 22/173
128 128 127 -46/367
105 129 129 367/924
105 129 128 6/61
106 129 129 379/937
106 129 128 19/174
107 129 129 193/469
107 129 128 104/957
108 129 129 389/930
108 129 128 3/25
109 129 129 48/113
109 129 128 109/923
110 129 129 378/877
110 129 128 86/661
111 129 129 371/849
111 129 128 91/719
112 129 129 112/253
112 129 128 92/659
113 129 129 419/935
113 129 128 102/761
114 129 129 199/439
114 129 128 93/626
115 129 129 159/347
115 129 128 139/990
116 129 129 81/175
116 129 128 145/923
117 129 129 385/824
117 129 128 133/914
118 129 129 403/855
118 129 128 133/804
119 129 129 431/907
119 129 128 106/711
120 129 129 203/424
120 129 128 4/23
121 129 129 323/670
121 129 128 89/591
122 129 129 457/942
122 129 128 11/60
123 129 129 485/994
123 129 128 143/960
124 129 129 77/157
124 129 128 190/973
125 129 129 439/891
125 129 128 133/939
126 129 129 233/471
126 129 128 108/505
127 129 129 485/977
127 129 128 121/995
128 129 129 469/942
128 129 128 221/877
129 129 129 269/539
129 129 128 62/983
94 130 130 279/862
94 130 129 192/881
95 130 130 164/503
95 130 129 95/419
96 130 130 158/477
96 130 129 151/645
97 130 130 1/3
97 130 129 181/746
98 130 130 282/833
98 130 129 183/733
99 130 130 82/241
99 130 129 57/221
100 130 130 301/871
100 130 129 199/752
101 130 130 332/957
101 130 129 271/994
102 130 130 271/769
102 130 129 12/43
103 130 130 53/150
103 130 129 239/833
104 130 130 335/933
104 130 129 284/969
105 130 130 334/929
105 130 129 77/256
106 130 130 355/971
106 130 129 285/929
107 130 130 314/859
107 130 129 94/299
108 130 130 323/868
108 130 129 320/999
109 130 130 367/988
109 130 129 262/799
110 130 130 303/800
110 130 129 180/539
111 130 130 20/53
111 130 129 96/281
112 130 130 248/643
112 130 129 134/385
113 130 130 314/819
113 130 129 110/309
114 130 130 35/89
114 130 129 312/859
115 130 130 23/59
115 130 129 55/148
116 130 130 285/709
116 130 129 377/991
117 130 130 241/607
117 130 129 203/521
118 130 130 220/533
118 130 129 112/279
119 130 130 99/244
119 130 129 344/835
120 130 130 297/695
120 130 129 253/589
121 130 130 411/985
121 130 129 23/52
122 130 130 288/641
122 130 129 233/494
123 130 130 394/907
123 130 129 478/979
124 130 130 472/969
124 130 129 510/937
125 130 130 173/373
125 130 129 447/787
126 130 130 301/576
126 130 129 506/841
127 130 130 389/810
127 130 129 209/329
128 130 130 371/557
128 130 129 704/809
129 130 130 571/967
129 130 129 322/335
130 130 130 209/387
130 130 129 247/566
70 131 131 17/129
70 131 130 41/874
71 131 131 65/479
71 131 130 6/125
72 131 131 129/926
72 131 130 48/979
73 131 131 80/559
73 131 130 29/579
74 131 131 28/191
74 131 130 40/783
75 131 131 26/173
75 131 130 37/710
76 131 131 57/371
76 131 130 25/471
77 131 131 111/706
77 131 130 53/980
78 131 131 43/268
78 131 130 28/509
79 131 131 159/970
79 131 130 37/661
80 131 131 79/473
80 131 130 31/545
81 131 131 145/851
81 131 130 27/467
82 131 131 108/623
82 131 130 26/443
83 131 131 71/402
83 131 130 59/990
84 131 131 138/769
84 131 130 11/182
85 131 131 21/115
85 131 130 13/212
86 131 131 154/831
86 131 130 53/853
87 131 131 94/499
87 131 130 57/905
88 131 131 173/906
88 131 130 47/737
89 131 131 191/985
89 131 130 27/418
90 131 131 43/219
90 131 130 63/964
91 131 131 152/763
91 131 130 60/907
92 131 131 53/263
92 131 130 20/299
93 131 131 200/979
93 131 130 50/739
94 131 131 115/557
94 131 130 8/117
95 131 131 32/153
95 131 130 62/897
96 131 131 34/161
96 131 130 65/931
97 131 131 31/145
97 131 130 17/241
98 131 131 11/51
98 131 130 25/351
99 131 131 218/999
99 131 130 31/431
100 131 131 163/741
100 131 130 31/427
101 131 131 113/508
101 131 130 31/423
102 131 131 95/424
102 131 130 71/960
103 131 131 219/967
103 131 130 5/67
104 131 131 199/873
104 131 130 18/239
105 131 131 120/521
105 131 130 37/487
106 131 131 221/954
106 131 130 49/639
107 131 131 216/923
107 131 130 43/556
108 131 131 167/710
108 131 130 46/589
109 131 131 110/463
109 131 130 76/965
110 131 131 226/947
110 131 130 16/201
111 131 131 155/643
111 131 130 59/735
112 131 131 121/500
112 131 130 75/923
113 131 131 167/683
113 131 130 79/964
114 131 131 119/485
114 131 130 81/974
115 131 131 158/637
115 131 130 61/727
116 131 131 164/659
116 131 130 56/655
117 131 131 243/965
117 131 130 41/475
118 131 131 139/550
118 131 130 41/463
119 131 131 94/367
119 131 130 52/581
120 131 131 139/540
120 131 130 55/592
121 131 131 198/757
121 131 130 19/202
122 131 131 62/235
122 131 130 77/772
123 131 131 269/999
123 131 130 81/800
124 131 131 167/609
124 131 130 16/143
125 131 131 174/617
125 131 130 69/605
126 131 131 18/61
126 131 130 70/509
127 131 131 269/874
127 131 130 78/553
128 131 131 324/983
128 131 130 108/983
129 131 131 37/83
129 131 130 163/410
130 131 131 209/448
130 131 130 370/847
131 131 131 578/983
131 131 130 72/881
