# UNIF(n=142,lo,hi): D_ren + dipoles; lines "lo hi level amplitude" for the corrected intervals
121 121 121 2/53
121 121 120 -1/239
122 122 122 5/71
122 122 121 0
123 123 123 38/993
123 123 122 -5/457
124 124 124 56/641
124 124 123 1/167
125 125 125 72/731
125 125 124 85/992
126 126 126 71/667
126 126 125 8/693
127 127 127 2/17
127 127 126 26/241
126 128 128 87/890
126 128 127 4/857
128 128 128 96/745
128 128 127 11/635
127 129 129 20/167
127 129 128 25/229
129 129 129 103/744
129 129 128 99/764
128 130 130 55/854
128 130 129 -2/75
130 130 130 44/281
130 130 129 12/509
127 131 131 27/194
127 131 130 92/665
129 131 131 151/954
129 131 130 106/655
131 131 131 163/987
131 131 130 5/32
128 132 132 101/636
128 132 131 16/545
130 132 132 66/995
130 132 131 -25/631
132 132 132 176/911
132 132 131 19/619
127 133 133 163/905
127 133 132 199/986
129 133 133 52/267
129 133 132 101/460
130 133 133 31/154
130 133 132 278/877
131 133 133 17/82
131 133 132 87/382
132 133 133 113/531
132 133 132 167/466
133 133 133 176/873
133 133 132 81/424
126 134 134 189/982
126 134 133 43/960
128 134 134 151/722
128 134 133 47/911
129 134 134 177/817
129 134 133 89/927
130 134 134 199/890
130 134 133 44/805
131 134 134 181/787
131 134 133 113/999
132 134 134 183/776
132 134 133 29/557
133 134 134 61/253
133 134 133 40/297
134 134 134 41/523
134 134 133 -38/519
125 135 135 69/884
125 135 134 -7/551
126 135 135 4/65
126 135 134 -3/637
127 135 135 2/27
127 135 134 -17/673
128 135 135 41/760
128 135 134 -4/317
129 135 135 239/914
129 135 134 197/607
130 135 135 170/639
130 135 134 378/941
131 135 135 187/692
131 135 134 26/79
132 135 135 225/821
132 135 134 398/919
133 135 135 7/93
133 135 134 -59/927
134 135 135 10/429
134 135 134 -5/311
135 135 135 7/81
135 135 134 -26/313
122 136 136 251/968
122 136 135 7/102
123 136 136 216/809
123 136 135 62/699
124 136 136 206/751
124 136 135 18/233
125 136 136 232/825
125 136 135 29/289
126 136 136 143/497
126 136 135 17/202
127 136 136 191/650
127 136 135 20/179
128 136 136 281/938
128 136 135 70/787
129 136 136 143/469
129 136 135 104/843
130 136 136 211/681
130 136 135 1/11
131 136 136 94/299
131 136 135 98/719
132 136 136 294/923
132 136 135 53/599
133 136 136 68/211
133 136 135 11/72
134 136 136 296/909
134 136 135 14/179
135 136 136 208/633
135 136 135 113/633
136 136 136 305/921
136 136 135 49/974
119 137 137 42/121
119 137 136 367/803
120 137 137 121/344
120 137 136 413/856
121 137 137 343/963
121 137 136 209/441
122 137 137 71/197
122 137 136 279/556
123 137 137 168/461
123 137 136 43/88
124 137 137 109/296
124 137 136 350/673
125 137 137 251/675
125 137 136 270/539
126 137 137 185/493
126 137 136 93/173
127 137 137 288/761
127 137 136 418/819
128 137 137 37/97
128 137 136 379/683
129 137 137 151/393
129 137 136 175/339
130 137 137 381/985
130 137 136 537/937
131 137 137 381/979
131 137 136 137/265
132 137 137 389/994
132 137 136 63/106
133 137 137 223/567
133 137 136 244/479
134 137 137 367/929
134 137 136 58/93
135 137 137 303/764
135 137 136 477/983
136 137 137 378/967
136 137 136 630/953
137 137 137 127/366
137 137 136 39/124
112 138 138 174/439
112 138 137 14/139
113 138 138 25/62
113 138 137 16/145
114 138 138 391/954
114 138 137 38/345
115 138 138 415/997
115 138 137 105/874
116 138 138 49/116
116 138 137 113/951
117 138 138 269/628
117 138 137 93/719
118 138 138 102/235
118 138 137 37/292
119 138 138 396/901
119 138 137 61/442
120 138 138 326/733
120 138 137 99/740
121 138 138 179/398
121 138 137 63/431
122 138 138 5/11
122 138 137 118/843
123 138 138 398/867
123 138 137 153/994
124 138 138 196/423
124 138 137 80/551
125 138 138 409/875
125 138 137 81/502
126 138 138 41/87
126 138 137 143/958
127 138 138 189/398
127 138 137 124/735
128 138 138 11/23
128 138 137 67/441
129 138 138 194/403
129 138 137 173/981
130 138 138 478/987
130 138 137 127/832
131 138 138 299/614
131 138 137 131/708
132 138 138 393/803
132 138 137 112/745
133 138 138 411/836
133 138 137 173/881
134 138 138 270/547
134 138 137 107/751
135 138 138 479/967
135 138 137 83/387
136 138 138 475/956
136 138 137 41/336
137 138 138 401/805
137 138 137 169/670
138 138 138 307/615
138 138 137 35/554
100 139 139 320/991
100 139 138 27/127
101 139 139 245/748
101 139 138 171/778
102 139 139 179/543
102 139 138 44/193
103 139 139 117/350
103 139 138 31/132
104 139 139 241/717
104 139 138 185/762
105 139 139 335/983
105 139 138 185/742
106 139 139 38/111
106 139 138 64/249
107 139 139 345/994
107 139 138 124/471
108 139 139 31/89
108 139 138 238/879
109 139 139 89/252
109 139 138 233/842
110 139 139 205/579
110 139 138 265/933
111 139 139 353/983
111 139 138 113/390
112 139 139 73/203
112 139 138 163/549
113 139 139 285/781
113 139 138 75/248
114 139 139 123/337
114 139 138 147/475
115 139 139 225/607
115 139 138 125/397
116 139 139 331/894
116 139 138 234/727
117 139 139 32/85
117 139 138 197/602
118 139 139 309/823
118 139 138 117/350
119 139 139 309/808
119 139 138 35/103
120 139 139 75/197
120 139 138 144/415
121 139 139 311/800
121 139 138 6/17
122 139 139 134/347
122 139 138 324/899
123 139 139 317/801
123 139 138 347/945
124 139 139 247/630
124 139 138 251/669
125 139 139 387/958
125 139 138 379/988
126 139 139 199/499
126 139 138 374/953
127 139 139 307/741
127 139 138 311/770
128 139 139 46/113
128 139 138 311/751
129 139 139 428/999
129 139 138 22/51
130 139 139 376/899
130 139 138 423/953
131 139 139 194/431
131 139 138 446/943
132 139 139 392/901
132 139 138 275/562
133 139 139 217/445
133 139 138 163/299
134 139 139 292/629
134 139 138 555/976
135 139 139 137/262
135 139 138 601/998
136 139 139 357/743
136 139 138 560/881
137 139 139 423/635
137 139 138 530/609
138 139 139 313/530
138 139 138 845/879
139 139 139 128/237
139 139 138 285/653
75 140 140 63/481
75 140 139 9/193
76 140 140 134/995
76 140 139 47/986
77 140 140 112/811
77 140 139 25/514
78 140 140 122/861
78 140 139 41/826
79 140 140 77/531
79 140 139 13/257
80 140 140 139/936
80 140 139 48/931
81 140 140 120/791
81 140 139 35/667
82 140 140 123/793
82 140 139 25/468
83 140 140 28/177
83 140 139 29/534
84 140 140 26/161
84 140 139 37/670
85 140 140 112/681
85 140 139 47/838
86 140 140 167/996
86 140 139 49/860
87 140 140 81/475
87 140 139 57/986
88 140 140 137/789
88 140 139 23/392
89 140 140 112/635
89 140 139 16/269
90 140 140 148/825
90 140 139 19/315
91 140 140 83/456
91 140 139 49/802
92 140 140 113/611
92 140 139 59/953
93 140 140 185/987
93 140 139 24/383
94 140 140 145/762
94 140 139 25/394
95 140 140 121/628
95 140 139 43/670
96 140 140 111/568
96 140 139 63/970
97 140 140 120/607
97 140 139 30/457
98 140 140 112/559
98 140 139 63/949
99 140 140 97/479
99 140 139 67/999
100 140 140 129/629
100 140 139 65/959
101 140 140 163/787
101 140 139 59/862
102 140 140 61/291
102 140 139 41/593
103 140 140 202/955
103 140 139 67/960
104 140 140 187/874
104 140 139 57/809
105 140 140 159/737
105 140 139 59/830
106 140 140 53/243
106 140 139 33/460
107 140 140 149/678
107 140 139 39/539
108 140 140 159/716
108 140 139 73/1000
109 140 140 199/890
109 140 139 70/951
110 140 140 159/704
110 140 139 70/943
111 140 140 5/22
111 140 139 61/815
112 140 140 95/414
112 140 139 4/53
113 140 140 3/13
113 140 139 7/92
114 140 140 215/923
114 140 139 53/691
115 140 140 125/534
115 140 139 55/711
116 140 140 228/965
116 140 139 75/962
117 140 140 14/59
117 140 139 38/483
118 140 140 57/238
118 140 139 49/618
119 140 140 119/495
119 140 139 72/899
120 140 140 91/375
120 140 139 18/223
121 140 140 177/727
121 140 139 57/698
122 140 140 192/781
122 140 139 61/741
123 140 140 233/945
123 140 139 43/515
124 140 140 211/847
124 140 139 81/962
125 140 140 249/997
125 140 139 50/583
126 140 140 166/657
126 140 139 65/751
127 140 140 237/935
127 140 139 79/890
128 140 140 142/553
128 140 139 73/814
129 140 140 170/659
129 140 139 55/591
130 140 140 49/187
130 140 139 60/637
131 140 140 65/246
131 140 139 67/671
132 140 140 203/753
132 140 139 68/671
133 140 140 227/827
133 140 139 44/393
134 140 140 127/450
134 140 139 55/482
135 140 140 292/989
135 140 139 26/189
136 140 140 230/747
136 140 139 125/886
137 140 140 301/913
137 140 139 10/91
138 140 140 329/738
138 140 139 283/712
139 140 140 313/671
139 140 139 45/103
140 140 140 538/915
140 140 139 73/893
