# UNIF(n=166,lo,hi): D_ren + dipoles; lines "lo hi level amplitude" for the corrected intervals
142 142 142 16/309
142 142 141 -3/833
143 143 143 24/707
143 143 142 -4/911
144 144 144 55/852
144 144 143 1/1000
145 145 145 14/407
145 145 144 -3/304
146 146 146 54/689
146 146 145 4/739
147 147 147 31/872
147 147 146 -5/321
148 148 148 3/32
148 148 147 5/502
149 149 149 54/521
149 149 148 13/137
148 150 150 62/759
148 150 149 1/699
150 150 150 38/341
150 150 149 11/750
149 151 151 57/574
149 151 150 27/316
151 151 151 118/983
151 151 150 65/579
150 152 152 10/91
150 152 151 6/487
152 152 152 50/377
152 152 151 17/863
151 153 153 119/923
151 153 152 75/596
153 153 153 68/485
153 153 152 17/128
150 154 154 29/235
150 154 153 4/225
152 154 154 20/343
152 154 153 -29/944
154 154 154 18/113
154 154 153 25/988
151 155 155 105/697
151 155 154 137/859
153 155 155 40/243
153 155 154 55/317
155 155 155 90/541
155 155 154 68/429
150 156 156 72/467
150 156 155 17/540
152 156 156 167/983
152 156 155 34/931
154 156 156 59/951
154 156 155 -25/588
155 156 156 17/951
155 156 155 -2/365
156 156 156 149/764
156 156 155 27/847
149 157 157 112/625
149 157 156 135/653
151 157 157 161/841
151 157 156 195/874
152 157 157 196/995
152 157 156 269/906
153 157 157 113/559
153 157 156 208/891
154 157 157 203/981
154 157 156 284/867
155 157 157 209/989
155 157 156 4/17
156 157 157 73/339
156 157 156 65/179
157 157 157 188/929
157 157 156 159/826
148 158 158 152/783
148 158 157 29/595
150 158 158 199/957
150 158 157 27/491
151 158 158 214/999
151 158 157 78/875
152 158 158 199/904
152 158 157 1/17
153 158 158 155/687
153 158 157 69/677
154 158 158 230/997
154 158 157 27/455
155 158 158 181/769
155 158 157 7/60
156 158 158 185/772
156 158 157 31/568
157 158 158 103/423
157 158 157 115/844
158 158 158 46/593
158 158 157 -38/515
147 159 159 37/491
147 159 158 -13/929
148 159 159 43/692
148 159 158 -7/902
149 159 159 34/473
149 159 158 -17/705
150 159 159 51/908
150 159 158 -11/752
151 159 159 38/547
151 159 158 -5/148
152 159 159 50/999
152 159 158 -12/605
153 159 159 227/847
153 159 158 88/261
154 159 159 124/457
154 159 158 131/318
155 159 159 239/871
155 159 158 205/608
156 159 159 79/285
156 159 158 433/986
157 159 159 60/809
157 159 158 -22/335
158 159 159 21/928
158 159 158 -3/173
159 159 159 75/871
159 159 158 -65/777
144 160 160 168/629
144 160 159 25/333
145 160 160 261/955
145 160 159 55/601
146 160 160 227/813
146 160 159 59/718
147 160 160 280/983
147 160 159 97/962
148 160 160 269/927
148 160 159 87/988
149 160 160 31/105
149 160 159 10/91
150 160 160 3/10
150 160 159 58/627
151 160 160 109/358
151 160 159 91/765
152 160 160 296/959
152 160 159 39/410
153 160 160 311/995
153 160 159 9/70
154 160 160 135/427
154 160 159 87/914
155 160 160 269/842
155 160 159 97/694
156 160 160 288/893
156 160 159 59/647
157 160 160 161/495
157 160 159 87/562
158 160 160 97/296
158 160 159 59/741
159 160 160 127/385
159 160 159 87/485
160 160 160 209/630
160 160 159 43/848
139 161 161 259/748
139 161 160 27/59
140 161 161 69/197
140 161 160 21/44
141 161 161 108/305
141 161 160 293/620
142 161 161 356/995
142 161 160 423/857
143 161 161 271/750
143 161 160 279/574
144 161 161 244/669
144 161 160 483/949
145 161 161 85/231
145 161 160 491/986
146 161 161 341/919
146 161 160 89/170
147 161 161 279/746
147 161 160 218/429
148 161 161 211/560
148 161 160 509/947
149 161 161 118/311
149 161 160 268/519
150 161 161 76/199
150 161 160 167/303
151 161 161 161/419
151 161 160 341/653
152 161 161 376/973
152 161 160 191/338
153 161 161 256/659
153 161 160 443/844
154 161 161 89/228
154 161 160 437/753
155 161 161 109/278
155 161 160 365/698
156 161 161 311/790
156 161 160 263/439
157 161 161 371/939
157 161 160 157/306
158 161 161 241/608
158 161 160 57/91
159 161 161 64/161
159 161 160 397/815
160 161 161 9/23
160 161 160 601/908
161 161 161 209/602
161 161 160 256/813
131 162 162 140/353
131 162 161 77/736
132 162 162 163/405
132 162 161 83/787
133 162 162 20/49
133 162 161 6/53
134 162 162 139/336
134 162 161 89/785
135 162 162 44/105
135 162 161 54/445
136 162 162 14/33
136 162 161 110/911
137 162 162 270/629
137 162 161 4/31
138 162 162 415/956
138 162 161 56/439
139 162 162 43/98
139 162 161 134/983
140 162 162 297/670
140 162 161 131/979
141 162 162 47/105
141 162 161 61/426
142 162 162 417/923
142 162 161 41/294
143 162 162 67/147
143 162 161 147/982
144 162 162 165/359
144 162 161 103/713
145 162 162 227/490
145 162 161 53/340
146 162 162 365/782
146 162 161 18/121
147 162 162 267/568
147 162 161 39/241
148 162 162 53/112
148 162 161 67/440
149 162 162 10/21
149 162 161 57/340
150 162 162 479/1000
150 162 161 98/633
151 162 162 118/245
151 162 161 172/991
152 162 162 137/283
152 162 161 121/775
153 162 162 143/294
153 162 161 131/728
154 162 162 383/784
154 162 161 85/546
155 162 162 103/210
155 162 161 187/997
156 162 162 159/323
156 162 161 16/105
157 162 162 121/245
157 162 161 59/298
158 162 162 53/107
158 162 161 24/167
159 162 162 73/147
159 162 161 199/924
160 162 162 325/653
160 162 161 110/897
161 162 162 367/736
161 162 161 243/962
162 162 162 420/841
162 162 161 19/300
117 163 163 275/851
117 163 162 166/787
118 163 163 293/901
118 163 162 163/748
119 163 163 25/76
119 163 162 212/947
120 163 163 218/659
120 163 162 155/672
121 163 163 185/553
121 163 162 225/952
122 163 163 311/925
122 163 162 112/461
123 163 163 137/403
123 163 162 155/624
124 163 163 197/577
124 163 162 225/883
125 163 163 301/872
125 163 162 253/973
126 163 163 141/407
126 163 162 131/492
127 163 163 145/414
127 163 162 214/789
128 163 163 235/669
128 163 162 269/970
129 163 163 293/825
129 163 162 11/39
130 163 163 21/59
130 163 162 286/993
131 163 163 194/539
131 163 162 55/188
132 163 163 235/652
132 163 162 279/935
133 163 163 35/96
133 163 162 287/948
134 163 163 259/710
134 163 162 207/671
135 163 163 285/772
135 163 162 298/953
136 163 163 255/691
136 163 162 206/647
137 163 163 256/685
137 163 162 119/369
138 163 163 103/276
138 163 162 276/841
139 163 163 272/719
139 163 162 307/924
140 163 163 163/432
140 163 162 121/358
141 163 163 383/1000
141 163 162 285/833
142 163 163 140/367
142 163 162 340/977
143 163 163 206/531
143 163 162 228/647
144 163 163 363/941
144 163 162 356/993
145 163 163 201/511
145 163 162 141/388
146 163 163 331/848
146 163 162 145/392
147 163 163 328/821
147 163 162 62/165
148 163 163 346/875
148 163 162 353/922
149 163 163 374/919
149 163 162 98/251
150 163 163 277/690
150 163 162 369/926
151 163 163 5/12
151 163 162 347/848
152 163 163 9/22
152 163 162 85/203
153 163 163 37/86
153 163 162 239/549
154 163 163 264/629
154 163 162 394/881
155 163 163 385/853
155 163 162 108/227
156 163 163 423/970
156 163 162 411/836
157 163 163 148/303
157 163 162 355/649
158 163 163 463/996
158 163 162 545/956
159 163 163 425/812
159 163 162 397/658
160 163 163 138/287
160 163 162 632/993
161 163 163 579/869
161 163 162 545/626
162 163 163 215/364
162 163 162 25/26
163 163 163 175/324
163 163 162 227/520
88 164 164 85/643
88 164 163 44/939
89 164 164 128/947
89 164 163 27/566
90 164 164 116/839
90 164 163 22/453
91 164 164 59/418
91 164 163 4/81
92 164 164 47/326
92 164 163 34/677
93 164 164 107/728
93 164 163 5/98
94 164 164 103/687
94 164 163 31/598
95 164 164 118/773
95 164 163 1/19
96 164 164 128/823
96 164 163 18/337
97 164 164 121/765
97 164 163 13/240
98 164 164 33/205
98 164 163 5/91
99 164 164 113/691
99 164 163 25/449
100 164 164 69/415
100 164 163 32/567
101 164 164 95/563
101 164 163 2/35
102 164 164 169/986
102 164 163 51/881
103 164 164 126/725
103 164 163 14/239
104 164 164 121/686
104 164 163 22/371
105 164 164 161/901
105 164 163 40/667
106 164 164 164/905
106 164 163 29/478
107 164 164 31/169
107 164 163 13/212
108 164 164 137/737
108 164 163 31/500
109 164 164 179/952
109 164 163 30/479
110 164 164 139/730
110 164 163 5/79
111 164 164 143/743
111 164 163 37/579
112 164 164 112/575
112 164 163 63/976
113 164 164 133/676
113 164 163 54/829
114 164 164 199/1000
114 164 163 34/517
115 164 164 137/682
115 164 163 40/603
116 164 164 119/586
116 164 163 16/239
117 164 164 59/288
117 164 163 27/400
118 164 164 148/715
118 164 163 51/749
119 164 164 24/115
119 164 163 7/102
120 164 164 184/873
120 164 163 20/289
121 164 164 151/711
121 164 163 38/545
122 164 164 143/667
122 164 163 57/811
123 164 164 19/88
123 164 163 63/890
124 164 164 39/179
124 164 163 55/771
125 164 164 209/953
125 164 163 64/891
126 164 164 221/999
126 164 163 72/995
127 164 164 75/337
127 164 163 11/151
128 164 164 215/958
128 164 163 46/627
129 164 164 51/226
129 164 163 35/474
130 164 164 91/400
130 164 163 20/269
131 164 164 91/398
131 164 163 74/989
132 164 164 165/716
132 164 163 29/385
133 164 164 222/959
133 164 163 26/343
134 164 164 129/553
134 164 163 28/367
135 164 164 141/602
135 164 163 42/547
136 164 164 219/928
136 164 163 17/220
137 164 164 9/38
137 164 163 7/90
138 164 164 131/549
138 164 163 40/511
139 164 164 45/188
139 164 163 67/850
140 164 164 116/481
140 164 163 61/769
141 164 164 133/550
141 164 163 47/588
142 164 164 77/316
142 164 163 72/895
143 164 164 180/737
143 164 163 31/382
144 164 164 241/979
144 164 163 29/355
145 164 164 203/823
145 164 163 35/424
146 164 164 49/197
146 164 163 33/397
147 164 164 226/907
147 164 163 79/938
148 164 164 216/859
148 164 163 79/931
149 164 164 33/131
149 164 163 55/637
150 164 164 141/554
150 164 163 35/402
151 164 164 25/98
151 164 163 43/482
152 164 164 63/244
152 164 163 49/544
153 164 164 134/517
153 164 163 92/985
154 164 164 161/612
154 164 163 89/942
155 164 164 79/298
155 164 163 100/999
156 164 164 193/714
156 164 163 33/325
157 164 164 203/738
157 164 163 37/330
158 164 164 266/941
158 164 163 65/569
159 164 164 295/998
159 164 163 125/908
160 164 164 155/503
160 164 163 71/503
161 164 164 63/191
161 164 163 21/191
162 164 164 251/563
162 164 163 379/954
163 164 164 423/907
163 164 163 409/936
164 164 164 361/614
164 164 163 48/587
