# UNIF(n=140,lo,hi): D_ren + dipoles; lines "lo hi level amplitude" for the corrected intervals
119 119 119 37/971
119 119 118 -3/839
120 120 120 8/115
120 120 119 0
121 121 121 15/389
121 121 120 -4/383
122 122 122 54/623
122 122 121 5/899
123 123 123 81/827
123 123 122 67/791
124 124 124 43/406
124 124 123 5/446
125 125 125 73/622
125 125 124 42/391
124 126 126 19/197
124 126 125 3/779
126 126 126 79/615
126 126 125 12/703
125 127 127 31/261
125 127 126 99/922
127 127 127 133/962
127 127 126 103/797
126 128 128 35/538
126 128 127 -23/877
128 128 128 113/723
128 128 127 4/171
125 129 129 4/29
125 129 128 43/316
127 129 129 84/533
127 129 128 145/903
129 129 129 133/806
129 129 128 61/391
126 130 130 148/939
126 130 129 28/979
128 130 130 36/539
128 130 129 -25/636
130 130 130 193/1000
130 130 129 7/229
125 131 131 139/777
125 131 130 173/867
127 131 131 45/232
127 131 130 181/830
128 131 131 58/289
128 131 130 265/839
129 131 131 6/29
129 131 130 123/542
130 131 131 78/367
130 131 130 287/802
131 131 131 53/263
131 131 130 67/351
124 132 132 83/435
124 132 131 35/801
126 132 132 47/226
126 132 131 25/492
127 132 132 11/51
127 132 131 68/713
128 132 132 203/911
128 132 131 43/794
129 132 132 39/170
129 132 131 85/754
130 132 132 230/977
130 132 131 13/251
131 132 132 125/519
131 132 131 99/736
132 132 132 58/739
132 132 131 -73/998
123 133 133 27/343
123 133 132 -10/871
124 133 133 10/161
124 133 132 -3/823
125 133 133 22/295
125 133 132 -14/575
126 133 133 28/515
126 133 132 -5/422
127 133 133 139/533
127 133 132 308/953
128 133 133 163/614
128 133 132 133/332
129 133 133 75/278
129 133 132 43/131
130 133 133 251/917
130 133 132 16/37
131 133 133 64/849
131 133 132 -30/473
132 133 133 17/727
132 133 132 -11/690
133 133 133 83/960
133 133 132 -21/253
120 134 134 251/976
120 134 133 53/789
122 134 134 190/697
122 134 133 71/933
123 134 134 153/547
123 134 133 59/594
124 134 134 59/206
124 134 133 83/997
125 134 134 281/960
125 134 133 79/712
126 134 134 149/499
126 134 133 55/623
127 134 134 149/490
127 134 133 7/57
128 134 134 81/262
128 134 133 17/188
129 134 134 279/889
129 134 133 129/949
130 134 134 174/547
130 134 133 59/669
131 134 134 217/674
131 134 133 119/780
132 134 134 178/547
132 134 133 58/743
133 134 134 292/889
133 134 133 43/241
134 134 134 247/746
134 134 133 47/935
117 135 135 207/599
117 135 134 261/575
118 135 135 350/999
118 135 134 259/540
119 135 135 159/448
119 135 134 74/157
120 135 135 351/977
120 135 134 465/931
121 135 135 278/765
121 135 134 253/520
122 135 135 335/912
122 135 134 57/110
123 135 135 351/946
123 135 134 341/683
124 135 135 203/542
124 135 134 527/983
125 135 135 167/442
125 135 134 503/988
126 135 135 371/974
126 135 134 458/827
127 135 135 383/998
127 135 134 219/425
128 135 135 313/810
128 135 134 91/159
129 135 135 383/985
129 135 134 79/153
130 135 135 79/202
130 135 134 250/421
131 135 135 57/145
131 135 134 198/389
132 135 135 62/157
132 135 134 619/993
133 135 135 385/971
133 135 134 146/301
134 135 135 342/875
134 135 134 659/997
135 135 135 195/562
135 135 134 289/919
110 136 136 391/994
110 136 135 76/771
111 136 136 189/472
111 136 135 100/923
112 136 136 281/690
112 136 135 17/157
113 136 136 401/969
113 136 135 83/701
114 136 136 50/119
114 136 135 79/674
115 136 136 159/373
115 136 135 67/524
116 136 136 398/921
116 136 135 91/726
117 136 136 415/948
117 136 135 16/117
118 136 136 152/343
118 136 135 115/867
119 136 136 438/977
119 136 135 73/503
120 136 136 92/203
120 136 135 26/187
121 136 136 413/902
121 136 135 15/98
122 136 136 374/809
122 136 135 131/907
123 136 136 174/373
123 136 135 85/529
124 136 136 183/389
124 136 135 84/565
125 136 136 376/793
125 136 135 166/987
126 136 136 32/67
126 136 135 123/812
127 136 136 113/235
127 136 135 41/233
128 136 136 479/990
128 136 135 23/151
129 136 136 363/746
129 136 135 177/958
130 136 136 247/505
130 136 135 65/433
131 136 136 57/116
131 136 135 134/683
132 136 136 487/987
132 136 135 79/555
133 136 136 362/731
133 136 135 176/821
134 136 136 461/928
134 136 135 5/41
135 136 136 130/261
135 136 135 86/341
136 136 136 298/597
136 136 135 6/95
98 137 137 250/779
98 137 136 129/620
99 137 137 325/998
99 137 136 39/181
100 137 137 299/912
100 137 136 212/947
101 137 137 293/881
101 137 136 106/459
102 137 137 191/571
102 137 136 175/732
103 137 137 191/563
103 137 136 44/179
104 137 137 301/883
104 137 136 120/473
105 137 137 326/943
105 137 136 212/815
106 137 137 93/268
106 137 136 222/829
107 137 137 334/949
107 137 136 83/303
108 137 137 349/989
108 137 136 233/828
109 137 137 29/81
109 137 136 210/731
110 137 137 194/541
110 137 136 109/370
111 137 137 293/805
111 137 136 115/383
112 137 137 351/964
112 137 136 103/335
113 137 137 27/73
113 137 136 277/885
114 137 137 310/839
114 137 136 275/859
115 137 137 245/652
115 137 136 127/390
116 137 137 244/651
116 137 136 213/640
117 137 137 370/969
117 137 136 331/978
118 137 137 46/121
118 137 136 232/671
119 137 137 205/528
119 137 136 235/668
120 137 137 27/70
120 137 136 23/64
121 137 137 17/43
121 137 136 341/931
122 137 137 387/988
122 137 136 73/195
123 137 137 354/877
123 137 136 371/969
124 137 137 161/404
124 137 136 382/975
125 137 137 383/925
125 137 136 194/481
126 137 137 83/204
126 137 136 328/793
127 137 137 230/537
127 137 136 284/659
128 137 137 393/940
128 137 136 365/823
129 137 137 9/20
129 137 136 415/878
130 137 137 311/715
130 137 136 291/595
131 137 137 235/482
131 137 136 394/723
132 137 137 395/851
132 137 136 83/146
133 137 137 492/941
133 137 136 289/480
134 137 137 86/179
134 137 136 143/225
135 137 137 411/617
135 137 136 389/447
136 137 137 538/911
136 137 136 770/801
137 137 137 539/998
137 137 136 436/999
74 138 138 115/876
74 138 137 42/899
75 138 138 122/905
75 138 137 22/461
76 138 138 50/361
76 138 137 39/800
77 138 138 43/303
77 138 137 9/181
78 138 138 47/323
78 138 137 7/138
79 138 138 143/961
79 138 137 48/929
80 138 138 53/348
80 138 137 1/19
81 138 138 44/283
81 138 137 52/971
82 138 138 146/919
82 138 137 20/367
83 138 138 57/352
83 138 137 53/957
84 138 138 153/926
84 138 137 38/675
85 138 138 56/333
85 138 137 2/35
86 138 138 152/887
86 138 137 35/603
87 138 138 166/953
87 138 137 58/985
88 138 138 153/863
88 138 137 58/971
89 138 138 9/50
89 138 137 52/859
90 138 138 127/694
90 138 137 61/994
91 138 138 139/749
91 138 137 54/869
92 138 138 95/504
92 138 137 61/969
93 138 138 38/199
93 138 137 63/989
94 138 138 193/996
94 138 137 63/977
95 138 138 101/515
95 138 137 3/46
96 138 138 69/347
96 138 137 44/667
97 138 138 113/562
97 138 137 1/15
98 138 138 197/967
98 138 137 55/816
99 138 138 163/792
99 138 137 61/896
100 138 138 204/979
100 138 137 41/596
101 138 138 61/290
101 138 137 68/979
102 138 138 199/935
102 138 137 39/556
103 138 138 79/368
103 138 137 63/890
104 138 138 160/737
104 138 137 1/14
105 138 138 114/521
105 138 137 70/971
106 138 138 163/737
106 138 137 71/976
107 138 138 47/211
107 138 137 62/845
108 138 138 203/902
108 138 137 45/608
109 138 138 94/415
109 138 137 73/978
110 138 138 132/577
110 138 137 7/93
111 138 138 26/113
111 138 137 23/303
112 138 138 23/99
112 138 137 15/196
113 138 138 85/364
113 138 137 43/557
114 138 138 62/263
114 138 137 67/861
115 138 138 166/701
115 138 137 71/904
116 138 138 191/799
116 138 137 68/859
117 138 138 6/25
117 138 137 79/988
118 138 138 55/227
118 138 137 79/980
119 138 138 221/909
119 138 137 50/613
120 138 138 151/615
120 138 137 81/985
121 138 138 149/605
121 138 137 82/983
122 138 138 164/659
122 138 137 35/416
123 138 138 154/617
123 138 137 3/35
124 138 138 205/812
124 138 137 41/474
125 138 138 211/833
125 138 137 11/124
126 138 138 242/943
126 138 137 77/859
127 138 138 255/989
127 138 137 4/43
128 138 138 258/985
128 138 137 50/531
129 138 138 257/973
129 138 137 57/571
130 138 138 221/820
130 138 137 23/227
131 138 138 250/911
131 138 137 15/134
132 138 138 239/847
132 138 137 17/149
133 138 138 271/918
133 138 137 89/647
134 138 138 133/432
134 138 137 113/801
135 138 138 329/998
135 138 137 10/91
136 138 138 403/904
136 138 137 95/239
137 138 138 167/358
137 138 137 398/911
138 138 138 137/233
138 138 137 30/367
