# UNIF(n=93,lo,hi): D_ren + dipoles; lines "lo hi level amplitude" for the corrected intervals
77 77 77 66/809
77 77 76 -1/201
78 78 78 78/785
78 78 77 57/746
79 79 79 109/990
79 79 78 3/631
80 80 80 129/1000
80 80 79 105/926
81 81 81 95/664
81 81 80 3/208
82 82 82 23/145
82 82 81 10/69
81 83 83 82/927
81 83 82 -17/655
83 83 83 141/766
83 83 82 22/901
82 84 84 139/742
82 84 83 143/745
84 84 84 140/709
84 84 83 70/381
81 85 85 83/441
81 85 84 27/907
83 85 85 67/309
83 85 84 31/801
84 85 85 223/973
84 85 84 61/483
85 85 85 10/121
85 85 84 -62/879
80 86 86 161/703
80 86 85 257/970
82 86 86 120/481
82 86 85 94/323
83 86 86 23/89
83 86 85 239/591
84 86 86 9/112
84 86 85 -43/809
85 86 86 13/491
85 86 85 -3/314
86 86 86 61/694
86 86 85 -79/987
79 87 87 235/924
79 87 86 15/268
81 87 87 27/97
81 87 86 32/471
82 87 87 139/481
82 87 86 49/416
83 87 87 204/683
83 87 86 49/662
84 87 87 305/992
84 87 86 116/817
85 87 87 35/111
85 87 86 55/778
86 87 87 155/481
86 87 86 173/995
87 87 87 323/984
87 87 86 4/83
78 88 88 122/349
78 88 87 158/347
79 88 88 353/990
79 88 87 440/867
80 88 88 179/493
80 88 87 346/727
81 88 88 196/531
81 88 87 493/914
82 88 88 139/371
82 88 87 298/609
83 88 88 311/819
83 88 87 313/547
84 88 88 98/255
84 88 87 223/453
85 88 88 275/708
85 88 87 355/581
86 88 88 256/653
86 88 87 437/917
87 88 88 316/813
87 88 87 538/819
88 88 88 63/493
88 88 87 -113/911
73 89 89 159/404
73 89 88 91/983
74 89 89 116/287
74 89 88 95/854
75 89 89 186/449
75 89 88 84/785
76 89 89 139/328
76 89 88 33/259
77 89 89 177/409
77 89 88 92/771
78 89 89 439/995
78 89 88 61/428
79 89 89 397/884
79 89 88 129/998
80 89 89 131/287
80 89 88 132/841
81 89 89 208/449
81 89 88 74/543
82 89 89 77/164
82 89 88 167/974
83 89 89 259/545
83 89 88 28/201
84 89 89 478/995
84 89 88 85/453
85 89 89 81/167
85 89 88 11/81
86 89 89 292/597
86 89 88 61/291
87 89 89 67/136
87 89 88 19/160
88 89 89 455/918
88 89 88 209/835
89 89 89 392/787
89 89 88 45/722
66 90 90 154/467
66 90 89 133/576
67 90 90 329/990
67 90 89 41/168
68 90 90 211/618
68 90 89 12/47
69 90 90 337/982
69 90 89 26/97
70 90 90 296/839
70 90 89 101/362
71 90 90 122/345
71 90 89 183/628
72 90 90 146/401
72 90 89 13/43
73 90 90 362/995
73 90 89 106/337
74 90 90 77/205
74 90 89 305/936
75 90 90 141/377
75 90 89 47/139
76 90 90 301/776
76 90 89 88/251
77 90 90 5/13
77 90 89 352/969
78 90 90 219/545
78 90 89 272/719
79 90 90 380/959
79 90 89 386/985
80 90 90 389/928
80 90 89 383/929
81 90 90 373/909
81 90 89 331/774
82 90 90 106/239
82 90 89 283/616
83 90 90 397/924
83 90 89 384/803
84 90 90 405/838
84 90 89 37/69
85 90 90 153/332
85 90 89 437/778
86 90 90 373/717
86 90 89 108/181
87 90 90 458/957
87 90 89 482/763
88 90 90 181/272
88 90 89 232/267
89 90 90 508/861
89 90 89 941/980
90 90 90 149/276
90 90 89 395/906
49 91 91 113/851
49 91 90 1/21
50 91 91 113/819
50 91 90 20/407
51 91 91 123/857
51 91 90 26/513
52 91 91 91/613
52 91 90 17/326
53 91 91 153/995
53 91 90 17/317
54 91 91 151/953
54 91 90 53/963
55 91 91 44/269
55 91 90 52/921
56 91 91 43/256
56 91 90 37/640
57 91 91 51/295
57 91 90 49/828
58 91 91 57/322
58 91 90 15/248
59 91 91 181/996
59 91 90 60/971
60 91 91 165/889
60 91 90 57/904
61 91 91 104/547
61 91 90 20/311
62 91 91 68/351
62 91 90 27/412
63 91 91 144/727
63 91 90 59/884
64 91 91 200/993
64 91 90 32/471
65 91 91 125/608
65 91 90 17/246
66 91 91 53/254
66 91 90 31/441
67 91 91 67/315
67 91 90 1/14
68 91 91 114/529
68 91 90 13/179
69 91 91 113/515
69 91 90 30/407
70 91 91 192/865
70 91 90 56/747
71 91 91 7/31
71 91 90 46/605
72 91 91 125/548
72 91 90 38/491
73 91 91 173/746
73 91 90 75/956
74 91 91 95/406
74 91 90 2/25
75 91 91 215/904
75 91 90 3/37
76 91 91 41/171
76 91 90 19/229
77 91 91 205/841
77 91 90 47/559
78 91 91 113/460
78 91 90 82/947
79 91 91 1/4
79 91 90 87/991
80 91 91 30/119
80 91 90 79/864
81 91 91 73/284
81 91 90 89/959
82 91 91 136/523
82 91 90 98/993
83 91 91 33/124
83 91 90 79/787
84 91 91 191/703
84 91 90 111/998
85 91 91 275/982
85 91 90 37/326
86 91 91 251/855
86 91 90 126/919
87 91 91 303/988
87 91 90 19/135
88 91 91 74/225
88 91 90 74/675
89 91 91 283/635
89 91 90 151/379
90 91 91 325/696
90 91 90 213/488
91 91 91 337/573
91 91 90 43/527
