# UNIF(n=163,lo,hi): D_ren + dipoles; lines "lo hi level amplitude" for the corrected intervals
139 139 139 21/415
139 139 138 -1/210
140 140 140 22/645
140 140 139 -3/869
141 141 141 63/991
141 141 140 0
142 142 142 24/695
142 142 141 -1/110
143 143 143 46/593
143 143 142 1/217
144 144 144 23/645
144 144 143 -14/937
145 145 145 27/290
145 145 144 7/752
146 146 146 33/320
146 146 145 5/53
145 147 147 43/537
145 147 146 0
147 147 147 69/622
147 147 146 14/989
146 148 148 5/51
146 148 147 65/773
148 148 148 25/209
148 148 147 109/975
147 149 149 59/543
147 149 148 9/814
149 149 149 89/673
149 149 148 5/259
148 150 150 16/125
148 150 149 110/881
150 150 150 27/193
150 150 149 51/385
147 151 151 19/156
147 151 150 15/932
149 151 151 54/913
149 151 150 -4/131
151 151 151 52/327
151 151 150 25/999
148 152 152 29/194
148 152 151 107/676
150 152 152 152/927
150 152 151 14/81
152 152 152 158/951
152 152 151 113/714
147 153 153 34/223
147 153 152 25/843
149 153 153 161/954
149 153 152 16/453
151 153 153 59/942
151 153 152 -42/991
152 153 153 5/274
152 153 152 -2/371
153 153 153 151/775
153 153 152 30/947
146 154 154 176/991
146 154 153 8/39
148 154 154 98/515
148 154 153 192/865
149 154 154 109/556
149 154 153 235/794
150 154 154 173/859
150 154 153 232/997
151 154 154 13/63
151 154 153 86/263
152 154 154 85/403
152 154 153 233/992
153 154 154 77/358
153 154 153 86/237
154 154 154 127/628
154 154 153 191/993
145 155 155 140/729
145 155 154 43/926
147 155 155 123/596
147 155 154 9/169
148 155 155 188/883
148 155 154 59/673
149 155 155 76/347
149 155 154 25/434
150 155 155 211/939
150 155 154 11/109
151 155 155 112/487
151 155 154 37/632
152 155 155 147/626
152 155 154 86/741
153 155 155 128/535
153 155 154 15/277
154 155 155 9/37
154 155 154 99/728
155 155 155 55/708
155 155 154 -52/705
144 156 156 57/754
144 156 155 -7/586
145 156 156 26/417
145 156 155 -5/841
146 156 156 8/111
146 156 155 -22/977
147 156 156 53/941
147 156 155 -2/151
148 156 156 41/589
148 156 155 -22/675
149 156 156 46/917
149 156 155 -17/903
150 156 156 158/591
150 156 155 174/517
151 156 156 153/565
151 156 155 79/192
152 156 156 20/73
152 156 155 293/870
153 156 156 85/307
153 156 155 384/875
154 156 156 65/876
154 156 155 -58/887
155 156 156 13/574
155 156 155 -15/874
156 156 156 67/778
156 156 155 -29/347
141 157 157 95/359
141 157 156 34/471
142 157 157 251/926
142 157 156 4/45
143 157 157 265/956
143 157 156 17/213
144 157 157 272/961
144 157 156 54/547
145 157 157 245/849
145 157 156 43/499
146 157 157 57/194
146 157 156 25/231
147 157 157 72/241
147 157 156 60/659
148 157 157 152/501
148 157 156 117/994
149 157 157 305/991
149 157 156 30/319
150 157 157 135/433
150 157 156 6/47
151 157 157 307/973
151 157 156 73/773
152 157 157 37/116
152 157 156 70/503
153 157 157 153/475
153 157 156 43/474
154 157 157 323/994
154 157 156 59/382
155 157 157 187/571
155 157 156 77/970
156 157 157 153/464
156 157 156 126/703
157 157 157 269/811
157 157 156 4/79
136 158 158 21/61
136 158 157 412/903
137 158 158 185/531
137 158 157 248/521
138 158 158 339/962
138 158 157 305/647
139 158 158 275/772
139 158 157 427/867
140 158 158 131/364
140 158 157 65/134
141 158 158 294/809
141 158 157 410/807
142 158 158 117/319
142 158 157 349/702
143 158 158 313/846
143 158 157 413/790
144 158 158 260/697
144 158 157 237/467
145 158 158 256/681
145 158 157 342/637
146 158 158 259/684
146 158 157 179/347
147 158 158 321/842
147 158 157 239/434
148 158 158 216/563
148 158 157 371/711
149 158 158 181/469
149 158 157 362/641
150 158 158 279/719
150 158 157 32/61
151 158 158 374/959
151 158 157 239/412
152 158 158 105/268
152 158 157 23/44
153 158 158 371/943
153 158 157 557/930
154 158 158 171/433
154 158 157 416/811
155 158 158 359/906
155 158 157 367/586
156 158 158 308/775
156 158 157 395/811
157 158 158 187/478
157 158 157 317/479
158 158 158 121/953
158 158 157 -125/994
128 159 159 130/331
128 159 158 22/221
129 159 159 205/514
129 159 158 89/884
130 159 159 393/971
130 159 158 5/46
131 159 159 337/821
131 159 158 43/394
132 159 159 384/923
132 159 158 102/869
133 159 159 185/439
133 159 158 11/94
134 159 159 343/804
134 159 158 82/653
135 159 159 281/651
135 159 158 116/933
136 159 159 299/685
136 159 158 2/15
137 159 159 15/34
137 159 158 106/809
138 159 159 283/635
138 159 158 9/64
139 159 159 9/20
139 159 158 129/941
140 159 159 302/665
140 159 158 140/949
141 159 159 421/919
141 159 158 107/751
142 159 159 297/643
142 159 158 51/331
143 159 159 27/58
143 159 158 59/401
144 159 159 287/612
144 159 158 127/792
145 159 159 17/36
145 159 158 149/987
146 159 159 433/911
146 159 158 147/883
147 159 159 450/941
147 159 158 153/995
148 159 159 467/971
148 159 158 24/139
149 159 159 469/970
149 159 158 151/972
150 159 159 241/496
150 159 158 154/859
151 159 159 41/84
151 159 158 47/303
152 159 159 397/810
152 159 158 139/743
153 159 159 429/872
153 159 158 19/125
154 159 159 311/630
154 159 158 188/951
155 159 159 51/103
155 159 158 131/913
156 159 159 211/425
156 159 158 201/934
157 159 159 209/420
157 159 158 105/857
158 159 159 353/708
158 159 158 249/986
159 159 159 404/809
159 159 158 59/932
115 160 160 137/427
115 160 159 207/967
116 160 160 177/545
116 160 159 203/922
117 160 160 167/511
117 160 159 67/295
118 160 160 295/892
118 160 159 171/734
119 160 160 143/430
119 160 159 134/559
120 160 160 287/853
120 160 159 183/746
121 160 160 71/210
121 160 159 135/536
122 160 160 92/269
122 160 159 116/451
123 160 160 227/661
123 160 159 97/368
124 160 160 338/973
124 160 159 248/923
125 160 160 84/241
125 160 159 149/542
126 160 160 336/953
126 160 159 101/361
127 160 160 76/215
127 160 159 285/997
128 160 160 54/151
128 160 159 251/864
129 160 160 254/709
129 160 159 260/877
130 160 160 269/742
130 160 159 291/967
131 160 160 340/937
131 160 159 235/766
132 160 160 367/999
132 160 159 303/974
133 160 160 353/961
133 160 159 257/811
134 160 160 195/524
134 160 159 306/953
135 160 160 297/799
135 160 159 135/413
136 160 160 366/971
136 160 159 48/145
137 160 160 135/359
137 160 159 159/472
138 160 160 21/55
138 160 159 249/730
139 160 160 353/928
139 160 159 329/948
140 160 160 89/230
140 160 159 58/165
141 160 160 376/977
141 160 159 230/643
142 160 160 42/107
142 160 159 342/943
143 160 160 187/480
143 160 159 24/65
144 160 160 343/860
144 160 159 299/797
145 160 160 122/309
145 160 159 372/973
146 160 160 215/529
146 160 159 101/259
147 160 160 330/823
147 160 159 371/932
148 160 160 380/913
148 160 159 352/861
149 160 160 262/641
149 160 159 141/337
150 160 160 411/956
150 160 159 67/154
151 160 160 289/689
151 160 159 215/481
152 160 160 60/133
152 160 159 331/696
153 160 160 17/39
153 160 159 403/820
154 160 160 167/342
154 160 159 35/64
155 160 160 145/312
155 160 159 395/693
156 160 160 449/858
156 160 159 593/983
157 160 160 25/52
157 160 159 7/11
158 160 160 559/839
158 160 159 249/286
159 160 160 290/491
159 160 159 949/987
160 160 160 478/885
160 160 159 196/449
86 161 161 93/703
86 161 160 25/533
87 161 161 34/251
87 161 160 41/858
88 161 161 107/773
88 161 160 23/473
89 161 161 136/961
89 161 160 24/485
90 161 161 94/651
90 161 160 25/497
91 161 161 134/909
91 161 160 47/919
92 161 161 108/719
92 161 160 51/982
93 161 161 17/111
93 161 160 23/436
94 161 161 113/725
94 161 160 41/766
95 161 161 10/63
95 161 160 49/902
96 161 161 157/973
96 161 160 19/345
97 161 161 98/597
97 161 160 21/376
98 161 161 1/6
98 161 160 46/813
99 161 161 113/667
99 161 160 34/593
100 161 161 11/64
100 161 160 57/982
101 161 161 100/573
101 161 160 58/987
102 161 161 75/424
102 161 160 38/639
103 161 161 173/964
103 161 160 13/216
104 161 161 181/996
104 161 160 30/493
105 161 161 103/559
105 161 160 61/991
106 161 161 179/960
106 161 160 38/611
107 161 161 17/90
107 161 160 53/843
108 161 161 140/733
108 161 160 4/63
109 161 161 35/181
109 161 160 63/982
110 161 161 127/650
110 161 160 43/664
111 161 161 137/693
111 161 160 31/474
112 161 161 105/526
112 161 160 58/879
113 161 161 152/753
113 161 160 66/991
114 161 161 11/54
114 161 160 44/655
115 161 161 7/34
115 161 160 65/959
116 161 161 158/761
116 161 160 63/922
117 161 161 155/739
117 161 160 51/740
118 161 161 141/667
118 161 160 5/72
119 161 161 165/773
119 161 160 57/814
120 161 161 63/293
120 161 160 17/241
121 161 161 51/235
121 161 160 46/647
122 161 161 26/119
122 161 160 59/824
123 161 161 179/812
123 161 160 43/596
124 161 161 61/275
124 161 160 30/413
125 161 161 215/961
125 161 160 3/41
126 161 161 9/40
126 161 160 26/353
127 161 161 103/454
127 161 160 27/364
128 161 161 187/820
128 161 160 71/951
129 161 161 20/87
129 161 160 56/745
130 161 161 91/394
130 161 160 55/727
131 161 161 223/958
131 161 160 23/302
132 161 161 223/954
132 161 160 65/848
133 161 161 53/225
133 161 160 77/998
134 161 161 196/829
134 161 160 8/103
135 161 161 81/340
135 161 160 53/678
136 161 161 87/364
136 161 160 47/597
137 161 161 46/191
137 161 160 66/833
138 161 161 185/766
138 161 160 21/263
139 161 161 221/908
139 161 160 61/759
140 161 161 81/332
140 161 160 3/37
141 161 161 121/492
141 161 160 4/49
142 161 161 52/211
142 161 160 57/691
143 161 161 85/342
143 161 160 79/951
144 161 161 249/1000
144 161 160 67/796
145 161 161 145/577
145 161 160 43/507
146 161 161 249/989
146 161 160 46/533
147 161 161 29/114
147 161 160 51/586
148 161 161 166/651
148 161 160 47/527
149 161 161 223/864
149 161 160 19/211
150 161 161 249/961
150 161 160 55/589
151 161 161 177/673
151 161 160 29/307
152 161 161 163/615
152 161 160 100/999
153 161 161 10/37
153 161 160 93/916
154 161 161 250/909
154 161 160 112/999
155 161 161 158/559
155 161 160 110/963
156 161 161 60/203
156 161 160 87/632
157 161 161 269/873
157 161 160 59/418
158 161 161 157/476
158 161 160 94/855
159 161 161 395/886
159 161 160 205/516
160 161 161 326/699
160 161 160 149/341
161 161 161 244/415
161 161 160 74/905
