# UNIF(n=94,lo,hi): D_ren + dipoles; lines "lo hi level amplitude" for the corrected intervals
78 78 78 25/303
78 78 77 -1/300
79 79 79 100/999
79 79 78 38/499
80 80 80 39/352
80 80 79 5/832
81 81 81 99/763
81 81 80 36/317
82 82 82 143/996
82 82 81 11/717
81 83 83 11/86
81 83 82 83/786
83 83 83 40/251
83 83 82 129/887
82 84 84 56/645
82 84 83 -1/39
84 84 84 97/526
84 84 83 11/439
83 85 85 41/218
83 85 84 58/303
85 85 85 193/975
85 85 84 67/364
82 86 86 123/649
82 86 85 31/958
84 86 86 67/308
84 86 85 17/424
85 86 86 31/135
85 86 85 22/173
86 86 86 48/583
86 86 85 -37/525
81 87 87 163/708
81 87 86 183/694
83 87 87 248/991
83 87 86 258/889
84 87 87 194/749
84 87 86 149/369
85 87 87 17/211
85 87 86 -41/760
86 87 87 19/714
86 87 86 -9/896
87 87 87 84/955
87 87 86 -24/299
80 88 88 181/707
80 88 87 44/739
82 88 88 258/923
82 88 87 5/71
83 88 88 118/407
83 88 87 23/192
84 88 88 103/344
84 88 87 13/172
85 88 88 223/724
85 88 87 139/971
86 88 88 185/586
86 88 87 64/895
87 88 88 208/645
87 88 87 64/367
88 88 88 22/67
88 88 87 26/537
79 89 89 331/944
79 89 88 223/492
80 89 89 291/814
80 89 88 133/263
81 89 89 143/393
81 89 88 380/801
82 89 89 274/741
82 89 88 120/223
83 89 89 230/613
83 89 88 125/256
84 89 89 46/121
84 89 88 4/7
85 89 89 5/13
85 89 88 411/836
86 89 89 96/247
86 89 88 533/873
87 89 89 151/385
87 89 88 471/989
88 89 89 191/491
88 89 88 23/35
89 89 89 9/26
89 89 88 81/259
74 90 90 19/48
74 90 89 49/499
75 90 90 405/997
75 90 89 112/963
76 90 90 295/709
76 90 89 59/529
77 90 90 211/496
77 90 89 120/913
78 90 90 353/813
78 90 89 94/765
79 90 90 173/391
79 90 89 143/982
80 90 90 375/833
80 90 89 19/144
81 90 90 397/868
81 90 89 111/697
82 90 90 329/709
82 90 89 132/955
83 90 90 323/687
83 90 89 167/965
84 90 90 157/330
84 90 89 134/953
85 90 90 188/391
85 90 89 10/53
86 90 90 265/546
86 90 89 53/388
87 90 90 482/985
87 90 89 202/961
88 90 90 137/278
88 90 89 61/512
89 90 90 407/821
89 90 89 237/946
90 90 90 267/536
90 90 89 55/881
66 91 91 265/813
66 91 90 79/360
67 91 91 105/314
67 91 90 43/186
68 91 91 239/710
68 91 90 118/483
69 91 91 296/857
69 91 90 241/943
70 91 91 197/568
70 91 90 224/835
71 91 91 333/935
71 91 90 239/856
72 91 91 56/157
72 91 90 149/511
73 91 91 113/308
73 91 90 134/443
74 91 91 270/737
74 91 90 287/912
75 91 91 147/389
75 91 90 281/862
76 91 91 179/476
76 91 90 321/949
77 91 91 53/136
77 91 90 323/921
78 91 91 151/391
78 91 90 355/977
79 91 91 323/801
79 91 90 14/37
80 91 91 283/712
80 91 90 263/671
81 91 91 108/257
81 91 90 341/827
82 91 91 183/445
82 91 90 281/657
83 91 91 271/610
83 91 90 17/37
84 91 91 398/925
84 91 90 11/23
85 91 91 373/771
85 91 90 525/979
86 91 91 113/245
86 91 90 496/883
87 91 91 317/609
87 91 90 256/429
88 91 91 429/896
88 91 90 573/907
89 91 91 185/278
89 91 90 86/99
90 91 91 514/871
90 91 90 919/957
91 91 91 433/802
91 91 90 92/211
50 92 92 113/851
50 92 91 1/21
51 92 92 113/819
51 92 91 20/407
52 92 92 123/857
52 92 91 26/513
53 92 92 91/613
53 92 91 17/326
54 92 92 153/995
54 92 91 17/317
55 92 92 151/953
55 92 91 53/963
56 92 92 44/269
56 92 91 52/921
57 92 92 43/256
57 92 91 37/640
58 92 92 51/295
58 92 91 49/828
59 92 92 57/322
59 92 91 15/248
60 92 92 181/996
60 92 91 60/971
61 92 92 165/889
61 92 91 57/904
62 92 92 104/547
62 92 91 20/311
63 92 92 68/351
63 92 91 27/412
64 92 92 144/727
64 92 91 59/884
65 92 92 200/993
65 92 91 32/471
66 92 92 125/608
66 92 91 17/246
67 92 92 53/254
67 92 91 31/441
68 92 92 67/315
68 92 91 1/14
69 92 92 114/529
69 92 91 13/179
70 92 92 113/515
70 92 91 30/407
71 92 92 192/865
71 92 91 56/747
72 92 92 7/31
72 92 91 46/605
73 92 92 125/548
73 92 91 38/491
74 92 92 173/746
74 92 91 75/956
75 92 92 95/406
75 92 91 2/25
76 92 92 215/904
76 92 91 3/37
77 92 92 41/171
77 92 91 19/229
78 92 92 205/841
78 92 91 47/559
79 92 92 113/460
79 92 91 82/947
80 92 92 1/4
80 92 91 87/991
81 92 92 30/119
81 92 91 79/864
82 92 92 73/284
82 92 91 89/959
83 92 92 136/523
83 92 91 98/993
84 92 92 33/124
84 92 91 79/787
85 92 92 191/703
85 92 91 111/998
86 92 92 275/982
86 92 91 37/326
87 92 92 251/855
87 92 91 126/919
88 92 92 303/988
88 92 91 19/135
89 92 92 74/225
89 92 91 74/675
90 92 92 283/635
90 92 91 151/379
91 92 92 113/242
91 92 91 227/520
92 92 92 297/505
92 92 91 79/968
