# UNIF(n=234,lo,hi): D_ren + dipoles; lines "lo hi level amplitude" for the corrected intervals
204 204 204 18/433
204 204 203 -2/773
205 205 205 14/521
205 205 204 -2/657
206 206 206 7/141
206 206 205 0
207 207 207 17/628
207 207 206 -5/773
208 208 208 40/687
208 208 207 2/629
209 209 209 25/906
209 209 208 -7/701
210 210 210 11/163
210 210 209 5/823
211 211 211 23/807
211 211 210 -13/952
212 212 212 8/103
212 212 211 9/997
213 213 213 11/368
213 213 212 -13/740
212 214 214 52/791
212 214 213 1/918
214 214 214 32/359
214 214 213 3/248
213 215 215 29/775
213 215 214 -1/176
215 215 215 36/377
215 215 214 64/713
214 216 216 58/695
214 216 215 1/127
216 216 216 30/293
216 216 215 7/456
215 217 217 95/997
215 217 216 67/759
217 217 217 39/361
217 217 216 101/983
214 218 218 9/104
214 218 217 8/957
216 218 218 86/833
216 218 217 11/735
218 218 218 115/973
218 218 217 10/529
215 219 219 41/959
215 219 218 -1/130
217 219 219 63/542
217 219 218 106/915
219 219 219 119/965
219 219 218 13/110
216 220 220 107/944
216 220 219 17/880
218 220 220 61/483
218 220 219 22/969
220 220 220 111/806
220 220 219 8/349
215 221 221 93/773
215 221 220 19/151
217 221 221 74/563
217 221 220 6/43
219 221 221 66/467
219 221 220 31/209
221 221 221 80/561
221 221 220 38/277
214 222 222 75/616
214 222 221 21/880
216 222 222 41/306
216 222 221 17/592
218 222 222 10/69
218 222 221 23/729
220 222 222 50/999
220 222 221 -19/525
221 222 222 24/151
221 222 221 71/778
222 222 222 22/135
222 222 221 6/217
215 223 223 17/114
215 223 222 58/341
217 223 223 34/215
217 223 222 117/646
218 223 223 117/721
218 223 222 241/974
219 223 223 109/656
219 223 222 47/250
220 223 223 163/960
220 223 222 82/303
221 223 223 173/999
221 223 222 95/502
222 223 223 125/709
222 223 222 248/835
223 223 223 125/744
223 223 222 58/359
214 224 224 119/753
214 224 223 40/999
216 224 224 41/244
216 224 223 11/250
217 224 224 53/307
217 224 223 73/964
218 224 224 123/695
218 224 223 18/389
219 224 224 65/359
219 224 223 23/269
220 224 224 22/119
220 224 223 43/930
221 224 224 153/812
221 224 223 35/362
222 224 224 51/907
222 224 223 -24/517
223 224 224 2/141
223 224 223 -3/377
224 224 224 79/400
224 224 223 15/448
211 225 225 125/704
211 225 224 3/14
213 225 225 117/629
213 225 224 195/857
214 225 225 189/995
214 225 224 263/986
215 225 225 43/222
215 225 224 26/109
216 225 225 43/218
216 225 224 27/95
217 225 225 197/982
217 225 224 98/397
218 225 225 151/741
218 225 224 83/275
219 225 225 153/740
219 225 224 104/413
220 225 225 101/482
220 225 224 58/181
221 225 225 7/33
221 225 224 233/924
222 225 225 183/853
222 225 224 228/667
223 225 225 44/203
223 225 224 229/933
224 225 225 7/32
224 225 224 364/985
225 225 225 131/644
225 225 224 190/977
210 226 226 176/897
210 226 225 17/310
211 226 226 40/199
211 226 225 16/225
212 226 226 191/929
212 226 225 55/918
213 226 226 185/881
213 226 225 71/905
214 226 226 136/635
214 226 225 51/796
215 226 226 149/683
215 226 225 85/992
216 226 226 85/383
216 226 225 47/700
217 226 226 168/745
217 226 225 59/634
218 226 226 65/284
218 226 225 59/857
219 226 226 155/668
219 226 225 11/109
220 226 226 231/983
220 226 225 57/830
221 226 226 165/694
221 226 225 95/864
222 226 226 223/928
222 226 225 59/898
223 226 226 33/136
223 226 225 82/675
224 226 226 47/192
224 226 225 41/707
225 226 226 170/689
225 226 225 133/961
226 226 226 25/327
226 226 225 -46/617
207 227 227 36/485
207 227 226 -4/471
208 227 227 49/729
208 227 226 -3/461
209 227 227 49/688
209 227 226 -15/977
210 227 227 25/394
210 227 226 -9/736
211 227 227 64/933
211 227 226 -5/229
212 227 227 39/652
212 227 226 -15/866
213 227 227 16/241
213 227 226 -27/965
214 227 227 9/160
214 227 226 -21/967
215 227 227 63/974
215 227 226 -24/709
216 227 227 52/987
216 227 226 -23/907
217 227 227 63/991
217 227 226 -26/657
218 227 227 30/613
218 227 226 -8/285
219 227 227 26/411
219 227 226 -17/375
220 227 227 43/960
220 227 226 -13/439
221 227 227 80/289
221 227 226 17/48
222 227 227 259/930
222 227 226 238/559
223 227 227 275/982
223 227 226 347/997
224 227 227 244/867
224 227 226 344/769
225 227 227 70/963
225 227 226 -13/190
226 227 227 15/691
226 227 226 -2/105
227 227 227 73/852
227 227 226 -82/971
202 228 228 257/985
202 228 227 30/407
203 228 228 163/614
203 228 227 69/836
204 228 228 78/289
204 228 227 33/415
205 228 228 207/755
205 228 227 37/416
206 228 228 263/945
206 228 227 75/884
207 228 228 271/960
207 228 227 23/242
208 228 228 97/339
208 228 227 85/948
209 228 228 191/659
209 228 227 81/803
210 228 228 235/801
210 228 227 82/873
211 228 228 111/374
211 228 227 97/911
212 228 228 298/993
212 228 227 73/748
213 228 228 258/851
213 228 227 107/956
214 228 228 274/895
214 228 227 88/875
215 228 228 241/780
215 228 227 21/179
216 228 228 254/815
216 228 227 49/477
217 228 228 290/923
217 228 227 71/578
218 228 228 63/199
218 228 227 65/626
219 228 228 315/988
219 228 227 47/365
220 228 228 302/941
220 228 227 56/541
221 228 228 299/926
221 228 227 110/811
222 228 228 138/425
222 228 227 69/683
223 228 228 297/910
223 228 227 140/969
224 228 228 201/613
224 228 227 61/643
225 228 228 27/82
225 228 227 121/768
226 228 228 39/118
226 228 227 53/650
227 228 228 127/383
227 228 227 13/72
228 228 228 139/418
228 228 227 37/722
195 229 229 189/551
195 229 228 209/460
196 229 229 293/847
196 229 228 163/350
197 229 229 113/324
197 229 228 217/466
198 229 229 264/751
198 229 228 453/949
199 229 229 277/782
199 229 228 171/359
200 229 229 329/922
200 229 228 232/475
201 229 229 23/64
201 229 228 71/146
202 229 229 237/655
202 229 228 479/960
203 229 229 114/313
203 229 228 393/793
204 229 229 173/472
204 229 228 85/167
205 229 229 229/621
205 229 228 182/361
206 229 229 125/337
206 229 228 14/27
207 229 229 210/563
207 229 228 171/334
208 229 229 3/8
208 229 228 153/290
209 229 229 170/451
209 229 228 519/1000
210 229 229 25/66
210 229 228 451/841
211 229 229 239/628
211 229 228 407/775
212 229 229 151/395
212 229 228 299/549
213 229 229 167/435
213 229 228 131/247
214 229 229 281/729
214 229 228 89/161
215 229 229 77/199
215 229 228 318/595
216 229 229 313/806
216 229 228 543/968
217 229 229 196/503
217 229 228 484/901
218 229 229 43/110
218 229 228 41/72
219 229 229 109/278
219 229 228 127/236
220 229 229 300/763
220 229 228 437/755
221 229 229 313/794
221 229 228 323/602
222 229 229 375/949
222 229 228 465/788
223 229 229 259/654
223 229 228 455/857
224 229 229 25/63
224 229 228 419/692
225 229 229 97/244
225 229 228 273/527
226 229 229 219/550
226 229 228 579/919
227 229 229 319/800
227 229 228 425/868
228 229 229 346/883
228 229 228 604/911
229 229 229 337/970
229 229 228 41/130
184 230 230 172/437
184 230 229 28/281
185 230 230 146/367
185 230 229 81/776
186 230 230 41/102
186 230 229 41/388
187 230 230 391/963
187 230 229 107/969
188 230 230 394/961
188 230 229 38/341
189 230 230 161/389
189 230 229 111/955
190 230 230 137/328
190 230 229 69/590
191 230 230 319/757
191 230 229 119/977
192 230 230 343/807
192 230 229 49/401
193 230 230 3/7
193 230 229 67/527
194 230 230 89/206
194 230 229 95/747
195 230 230 391/898
195 230 229 121/915
196 230 230 297/677
196 230 229 122/925
197 230 230 232/525
197 230 229 75/547
198 230 230 429/964
198 230 229 134/983
199 230 230 427/953
199 230 229 37/261
200 230 230 382/847
200 230 229 17/121
201 230 230 182/401
201 230 229 25/171
202 230 230 416/911
202 230 229 95/658
203 230 230 401/873
203 230 229 88/585
204 230 230 443/959
204 230 229 29/196
205 230 230 379/816
205 230 229 97/628
206 230 230 409/876
206 230 229 49/324
207 230 230 267/569
207 230 229 60/379
208 230 230 422/895
208 230 229 35/227
209 230 230 9/19
209 230 229 139/858
210 230 230 275/578
210 230 229 103/657
211 230 230 441/923
211 230 229 127/767
212 230 230 461/961
212 230 229 148/931
213 230 230 274/569
213 230 229 117/692
214 230 230 463/958
214 230 229 9/56
215 230 230 129/266
215 230 229 112/649
216 230 230 452/929
216 230 229 130/803
217 230 230 102/209
217 230 229 114/647
218 230 230 487/995
218 230 229 151/930
219 230 230 133/271
219 230 229 158/877
220 230 230 154/313
220 230 229 123/760
221 230 230 469/951
221 230 229 39/211
222 230 230 300/607
222 230 229 97/607
223 230 230 207/418
223 230 229 148/775
224 230 230 319/643
224 230 229 155/999
225 230 230 404/813
225 230 229 200/999
226 230 230 106/213
226 230 229 41/282
227 230 230 437/877
227 230 229 47/217
228 230 230 433/868
228 230 229 10/81
229 230 230 365/731
229 230 229 41/162
230 230 230 499/999
230 230 229 53/834
164 231 231 278/871
164 231 230 44/215
165 231 231 284/883
165 231 230 209/1000
166 231 231 235/727
166 231 230 96/449
167 231 231 241/740
167 231 230 75/344
168 231 231 285/871
168 231 230 149/669
169 231 231 59/179
169 231 230 22/97
170 231 231 243/734
170 231 230 143/618
171 231 231 1/3
171 231 230 233/990
172 231 231 303/905
172 231 230 53/221
173 231 231 88/261
173 231 230 86/353
174 231 231 265/783
174 231 230 187/754
175 231 231 320/939
175 231 230 187/743
176 231 231 66/193
176 231 230 118/461
177 231 231 136/395
177 231 230 198/763
178 231 231 296/857
178 231 230 183/694
179 231 231 145/417
179 231 230 125/468
180 231 231 257/737
180 231 230 16/59
181 231 231 337/960
181 231 230 101/368
182 231 231 347/986
182 231 230 181/650
183 231 231 220/621
183 231 230 176/625
184 231 231 169/476
184 231 230 213/746
185 231 231 99/277
185 231 230 249/863
186 231 231 251/701
186 231 230 69/236
187 231 231 319/885
187 231 230 199/674
188 231 231 161/446
188 231 230 215/719
189 231 231 153/421
189 231 230 271/898
190 231 231 179/492
190 231 230 139/455
191 231 231 174/475
191 231 230 273/886
192 231 231 261/712
192 231 230 82/263
193 231 231 134/363
193 231 230 314/999
194 231 231 353/956
194 231 230 172/541
195 231 231 151/406
195 231 230 189/590
196 231 231 177/476
196 231 230 23/71
197 231 231 275/734
197 231 230 169/518
198 231 231 231/617
198 231 230 63/191
199 231 231 377/999
199 231 230 177/533
200 231 231 274/727
200 231 230 333/992
201 231 231 84/221
201 231 230 273/808
202 231 231 239/630
202 231 230 320/937
203 231 231 250/653
203 231 230 299/870
204 231 231 370/969
204 231 230 247/711
205 231 231 361/936
205 231 230 43/123
206 231 231 319/830
206 231 230 211/597
207 231 231 377/970
207 231 230 143/402
208 231 231 349/902
208 231 230 227/631
209 231 231 299/763
209 231 230 330/911
210 231 231 143/367
210 231 230 254/693
211 231 231 365/923
211 231 230 140/379
212 231 231 117/298
212 231 230 340/909
213 231 231 392/981
213 231 230 37/98
214 231 231 158/399
214 231 230 31/81
215 231 231 193/477
215 231 230 232/599
216 231 231 2/5
216 231 230 116/295
217 231 231 67/163
217 231 230 239/598
218 231 231 401/990
218 231 230 257/632
219 231 231 157/374
219 231 230 331/795
220 231 231 306/743
220 231 230 167/393
221 231 231 77/178
221 231 230 26/59
222 231 231 369/875
222 231 230 426/943
223 231 231 135/298
223 231 230 305/636
224 231 231 437/999
224 231 230 47/95
225 231 231 445/909
225 231 230 161/293
226 231 231 360/773
226 231 230 544/951
227 231 231 185/353
227 231 230 124/205
228 231 231 335/696
228 231 230 197/309
229 231 231 665/998
229 231 230 358/411
230 231 231 218/369
230 231 230 126/131
231 231 231 121/224
231 231 230 293/671
123 232 232 86/661
123 232 231 3/65
124 232 232 70/529
124 232 231 13/278
125 232 232 105/781
125 232 231 26/549
126 232 232 119/871
126 232 231 33/688
127 232 232 62/447
127 232 231 5/103
128 232 232 10/71
128 232 231 43/875
129 232 232 1/7
129 232 231 26/523
130 232 232 68/469
130 232 231 42/835
131 232 232 117/796
131 232 231 50/983
132 232 232 79/530
132 232 231 43/836
133 232 232 127/841
133 232 231 38/731
134 232 232 88/575
134 232 231 33/628
135 232 232 86/555
135 232 231 43/810
136 232 232 35/223
136 232 231 14/261
137 232 232 27/170
137 232 231 13/240
138 232 232 132/821
138 232 231 18/329
139 232 232 127/781
139 232 231 47/851
140 232 232 90/547
140 232 231 15/269
141 232 232 81/487
141 232 231 22/391
142 232 232 91/541
142 232 231 23/405
143 232 232 155/912
143 232 231 57/995
144 232 232 39/227
144 232 231 53/917
145 232 232 131/755
145 232 231 19/326
146 232 232 27/154
146 232 231 58/987
147 232 232 20/113
147 232 231 8/135
148 232 232 101/565
148 232 231 53/887
149 232 232 103/571
149 232 231 51/847
150 232 232 108/593
150 232 231 40/659
151 232 232 124/675
151 232 231 48/785
152 232 232 155/836
152 232 231 35/568
153 232 232 169/904
153 232 231 53/854
154 232 232 169/896
154 232 231 1/16
155 232 232 173/910
155 232 231 61/969
156 232 232 144/751
156 232 231 35/552
157 232 232 142/735
157 232 231 3/47
158 232 232 187/960
158 232 231 25/389
159 232 232 176/897
159 232 231 13/201
160 232 232 71/359
160 232 231 53/814
161 232 232 185/929
161 232 231 49/748
162 232 232 60/299
162 232 231 6/91
163 232 232 142/703
163 232 231 51/769
164 232 232 35/172
164 232 231 65/974
165 232 232 146/713
165 232 231 10/149
166 232 232 139/674
166 232 231 37/548
167 232 232 50/241
167 232 231 67/987
168 232 232 169/809
168 232 231 48/703
169 232 232 204/971
169 232 231 65/947
170 232 232 173/818
170 232 231 41/594
171 232 232 212/997
171 232 231 65/937
172 232 232 55/257
172 232 231 68/975
173 232 232 168/781
173 232 231 41/585
174 232 232 179/827
174 232 231 57/809
175 232 232 169/777
175 232 231 47/664
176 232 232 114/521
176 232 231 18/253
177 232 232 173/787
177 232 231 1/14
178 232 232 197/891
178 232 231 66/919
179 232 232 159/716
179 232 231 59/818
180 232 232 113/506
180 232 231 69/952
181 232 232 198/883
181 232 231 58/797
182 232 232 85/377
182 232 231 65/889
183 232 232 208/919
183 232 231 53/722
184 232 232 157/690
184 232 231 41/556
185 232 232 182/797
185 232 231 57/770
186 232 232 129/562
186 232 231 69/928
187 232 232 193/838
187 232 231 5/67
188 232 232 203/877
188 232 231 41/547
189 232 232 88/379
189 232 231 58/771
190 232 232 7/30
190 232 231 38/503
191 232 232 128/547
191 232 231 58/765
192 232 232 87/370
192 232 231 37/486
193 232 232 91/386
193 232 231 56/733
194 232 232 194/819
194 232 231 55/717
195 232 232 137/577
195 232 231 77/1000
196 232 232 224/939
196 232 231 65/841
197 232 232 71/297
197 232 231 75/967
198 232 232 55/229
198 232 231 63/809
199 232 232 77/320
199 232 231 49/627
200 232 232 22/91
200 232 231 47/599
201 232 232 208/859
201 232 231 33/419
202 232 232 145/596
202 232 231 48/607
203 232 232 229/940
203 232 231 47/592
204 232 232 47/192
204 232 231 68/853
205 232 232 211/861
205 232 231 47/587
206 232 232 149/605
206 232 231 71/883
207 232 232 158/641
207 232 231 8/99
208 232 232 139/561
208 232 231 28/345
209 232 232 239/964
209 232 231 4/49
210 232 232 89/357
210 232 231 31/378
211 232 232 104/417
211 232 231 37/448
212 232 232 209/833
212 232 231 21/253
213 232 232 65/259
213 232 231 17/203
214 232 232 239/946
214 232 231 8/95
215 232 232 164/649
215 232 231 19/223
216 232 232 193/758
216 232 231 83/968
217 232 232 202/793
217 232 231 67/769
218 232 232 55/214
218 232 231 38/433
219 232 232 247/960
219 232 231 15/167
220 232 232 148/569
220 232 231 27/298
221 232 232 259/993
221 232 231 55/586
222 232 232 233/881
222 232 231 61/643
223 232 232 45/169
223 232 231 24/239
224 232 232 51/188
224 232 231 45/442
225 232 232 8/29
225 232 231 61/543
226 232 232 251/886
226 232 231 27/236
227 232 232 233/787
227 232 231 35/254
228 232 232 207/671
228 232 231 138/977
229 232 232 101/306
229 232 231 101/918
230 232 232 70/157
230 232 231 345/869
231 232 232 145/311
231 232 231 316/723
232 232 232 525/893
232 232 231 76/929
