# UNIF(n=82,lo,hi): D_ren + dipoles; lines "lo hi level amplitude" for the corrected intervals
67 67 67 61/681
67 67 66 44/771
68 68 68 61/606
68 68 67 0
69 69 69 117/958
69 69 68 97/974
70 70 70 68/499
70 70 69 1/93
71 71 71 136/871
71 71 70 97/696
72 72 72 7/39
72 72 71 8/365
71 73 73 142/801
71 73 72 147/860
73 73 73 48/245
73 73 72 69/383
72 74 74 154/743
72 74 73 12/359
74 74 74 47/556
74 74 73 -67/972
71 75 75 229/958
71 75 74 213/794
73 75 75 59/706
73 75 74 -38/783
74 75 75 26/913
74 75 74 -5/749
75 75 75 31/349
75 75 74 -17/216
70 76 76 257/979
70 76 75 50/847
72 76 76 235/814
72 76 75 21/307
73 76 76 3/10
73 76 75 101/733
74 76 76 285/919
74 76 75 53/782
75 76 76 67/210
75 76 75 164/953
76 76 76 183/560
76 76 75 44/929
69 77 77 166/471
69 77 76 206/457
70 77 77 67/186
70 77 76 325/627
71 77 77 367/999
71 77 76 321/680
72 77 77 295/789
72 77 76 502/899
73 77 77 297/782
73 77 76 170/353
74 77 77 191/496
74 77 76 541/897
75 77 77 76/195
75 77 76 204/433
76 77 77 161/415
76 77 76 93/142
77 77 77 327/946
77 77 76 207/664
64 78 78 231/593
64 78 77 31/334
65 78 78 221/550
65 78 77 45/392
66 78 78 389/941
66 78 77 95/878
67 78 78 423/997
67 78 77 49/369
68 78 78 53/122
68 78 77 29/240
69 78 78 360/811
69 78 77 59/394
70 78 78 153/338
70 78 77 119/914
71 78 78 393/853
71 78 77 106/637
72 78 78 22/47
72 78 77 53/392
73 78 78 442/931
73 78 77 26/141
74 78 78 162/337
74 78 77 2/15
75 78 78 485/998
75 78 77 101/486
76 78 78 285/581
76 78 77 61/519
77 78 78 485/981
77 78 77 148/593
78 78 78 304/611
78 78 77 8/129
58 79 79 318/961
58 79 78 168/727
59 79 79 111/325
59 79 78 162/661
60 79 79 126/367
60 79 78 94/361
61 79 79 94/265
61 79 78 239/872
62 79 79 307/864
62 79 78 191/661
63 79 79 124/337
63 79 78 185/611
64 79 79 181/493
64 79 78 313/986
65 79 79 155/406
65 79 78 289/870
66 79 79 284/749
66 79 78 178/513
67 79 79 355/894
67 79 78 170/467
68 79 79 249/635
68 79 78 159/419
69 79 79 372/895
69 79 78 349/869
70 79 79 222/545
70 79 78 18/43
71 79 79 299/678
71 79 78 413/914
72 79 79 313/732
72 79 78 59/125
73 79 79 223/463
73 79 78 17/32
74 79 79 392/853
74 79 78 82/147
75 79 79 365/703
75 79 78 206/347
76 79 79 356/745
76 79 78 362/575
77 79 79 421/633
77 79 78 105/121
78 79 79 548/929
78 79 78 405/422
79 79 79 217/402
79 79 78 95/218
44 80 80 78/577
44 80 79 46/947
45 80 80 101/716
45 80 79 37/735
46 80 80 37/251
46 80 79 26/499
47 80 80 13/85
47 80 79 17/316
48 80 80 142/893
48 80 79 42/757
49 80 80 100/609
49 80 79 47/823
50 80 80 17/100
50 80 79 34/579
51 80 80 57/326
51 80 79 46/763
52 80 80 46/255
52 80 79 52/841
53 80 80 115/622
53 80 79 51/805
54 80 80 190/999
54 80 79 61/941
55 80 80 103/530
55 80 79 38/573
56 80 80 137/687
56 80 79 17/251
57 80 80 63/310
57 80 79 29/419
58 80 80 77/370
58 80 79 41/581
59 80 80 201/950
59 80 79 63/874
60 80 80 215/994
60 80 79 8/109
61 80 80 79/360
61 80 79 3/40
62 80 80 95/424
62 80 79 9/118
63 80 80 113/498
63 80 79 70/897
64 80 80 25/108
64 80 79 64/807
65 80 80 92/393
65 80 79 7/86
66 80 80 228/955
66 80 79 53/641
67 80 80 62/257
67 80 79 7/82
68 80 80 223/906
68 80 79 81/934
69 80 80 155/623
69 80 79 83/917
70 80 80 241/948
70 80 79 15/163
71 80 80 193/749
71 80 79 5/51
72 80 80 149/564
72 80 79 62/621
73 80 80 245/907
73 80 79 101/912
74 80 80 247/886
74 80 79 80/707
75 80 80 242/827
75 80 79 13/95
76 80 80 138/451
76 80 79 61/434
77 80 80 179/545
77 80 79 97/886
78 80 80 86/193
78 80 79 379/950
79 80 80 463/991
79 80 79 377/864
80 80 80 587/998
80 80 79 19/233
