# UNIF(n=96,lo,hi): D_ren + dipoles; lines "lo hi level amplitude" for the corrected intervals
79 79 79 47/952
79 79 78 -1/602
80 80 80 15/178
80 80 79 -2/891
81 81 81 97/956
81 81 80 7/89
82 82 82 86/767
82 82 81 4/585
83 83 83 101/773
83 83 82 87/755
84 84 84 37/256
84 84 83 7/439
83 85 85 19/146
83 85 84 107/975
85 85 85 89/557
85 85 84 31/212
84 86 86 43/504
84 86 85 -25/937
86 86 86 161/870
86 86 85 23/903
85 87 87 119/628
85 87 86 79/407
87 87 87 89/449
87 87 86 79/428
84 88 88 53/276
84 88 87 31/912
86 88 88 211/964
86 88 87 22/537
87 88 88 180/781
87 88 87 47/368
88 88 88 53/646
88 88 87 -27/382
83 89 89 163/701
83 89 88 59/220
85 89 89 183/727
85 89 88 284/969
86 89 89 257/988
86 89 88 259/638
87 89 89 36/449
87 89 88 -44/805
88 89 89 13/493
88 89 88 -3/286
89 89 89 86/979
89 89 88 -75/932
82 90 90 225/868
82 90 89 43/697
84 90 90 122/433
84 90 89 52/723
85 90 90 215/737
85 90 89 87/719
86 90 90 182/605
86 90 89 15/196
87 90 90 191/618
87 90 89 103/716
88 90 90 156/493
88 90 89 9/125
89 90 90 238/737
89 90 89 127/727
90 90 90 23/70
90 90 89 37/762
79 91 91 139/411
79 91 90 19/44
80 91 91 327/946
80 91 90 72/151
81 91 91 164/465
81 91 90 355/776
82 91 91 231/643
82 91 90 409/803
83 91 91 365/999
83 91 90 244/511
84 91 91 105/283
84 91 90 538/995
85 91 91 345/917
85 91 90 281/573
86 91 91 381/1000
86 91 90 498/869
87 91 91 309/802
87 91 90 384/779
88 91 91 265/681
88 91 90 85/139
89 91 91 389/991
89 91 90 258/541
90 91 91 86/221
90 91 90 403/613
91 91 91 260/751
91 91 90 158/505
76 92 92 399/997
76 92 91 97/958
77 92 92 349/851
77 92 91 5/42
78 92 92 133/317
78 92 91 101/886
79 92 92 428/999
79 92 91 31/232
80 92 92 142/325
80 92 91 80/641
81 92 92 125/281
81 92 91 85/577
82 92 92 393/869
82 92 91 121/907
83 92 92 427/930
83 92 91 152/947
84 92 92 27/58
84 92 91 50/359
85 92 92 445/944
85 92 91 171/983
86 92 92 318/667
86 92 91 79/559
87 92 92 406/843
87 92 91 109/576
88 92 92 173/356
88 92 91 131/956
89 92 92 479/978
89 92 91 4/19
90 92 92 143/290
90 92 91 103/863
91 92 92 182/367
91 92 91 191/762
92 92 92 418/839
92 92 91 1/16
67 93 93 316/969
67 93 92 191/897
68 93 93 315/958
68 93 92 215/951
69 93 93 272/807
69 93 92 197/830
70 93 93 59/174
70 93 92 1/4
71 93 93 283/814
71 93 92 6/23
72 93 93 276/791
72 93 92 245/897
73 93 93 82/229
73 93 92 139/490
74 93 93 157/438
74 93 92 280/947
75 93 93 318/863
75 93 92 79/258
76 93 93 249/677
76 93 92 243/764
77 93 93 237/625
77 93 92 280/851
78 93 93 361/957
78 93 92 119/349
79 93 93 338/865
79 93 92 327/926
80 93 93 12/31
80 93 92 178/487
81 93 93 299/740
81 93 92 370/973
82 93 93 131/329
82 93 92 135/343
83 93 93 311/739
83 93 92 271/655
84 93 93 7/17
84 93 92 190/443
85 93 93 201/452
85 93 92 262/569
86 93 93 90/209
86 93 92 469/979
87 93 93 395/816
87 93 92 509/948
88 93 93 383/830
88 93 92 131/233
89 93 93 327/628
89 93 92 501/839
90 93 93 159/332
90 93 92 505/799
91 93 93 193/290
91 93 92 841/968
92 93 93 36/61
92 93 92 315/328
93 93 93 257/476
93 93 92 433/993
51 94 94 119/900
51 94 93 43/906
52 94 94 58/421
52 94 93 49/1000
53 94 94 142/995
53 94 93 49/971
54 94 94 126/851
54 94 93 4/77
55 94 94 11/72
55 94 93 43/806
56 94 94 3/19
56 94 93 35/639
57 94 94 44/271
57 94 93 11/196
58 94 94 136/813
58 94 93 33/574
59 94 94 77/449
59 94 93 58/987
60 94 94 123/698
60 94 93 58/965
61 94 94 169/938
61 94 93 47/766
62 94 94 157/850
62 94 93 33/527
63 94 94 13/69
63 94 93 3/47
64 94 94 181/939
64 94 93 8/123
65 94 94 31/158
65 94 93 10/151
66 94 94 103/514
66 94 93 25/371
67 94 94 148/727
67 94 93 56/817
68 94 94 191/920
68 94 93 31/445
69 94 94 4/19
69 94 93 33/466
70 94 94 205/956
70 94 93 11/153
71 94 94 33/152
71 94 93 35/479
72 94 94 167/756
72 94 93 57/769
73 94 94 90/403
73 94 93 11/146
74 94 94 225/991
74 94 93 43/563
75 94 94 218/951
75 94 93 61/785
76 94 94 58/249
76 94 93 77/978
77 94 94 183/779
77 94 93 37/461
78 94 94 179/750
78 94 93 10/123
79 94 94 19/79
79 94 93 44/529
80 94 94 175/716
80 94 93 53/629
81 94 94 49/199
81 94 93 55/634
82 94 94 132/527
82 94 93 59/671
83 94 94 249/986
83 94 93 13/142
84 94 94 165/641
84 94 93 55/592
85 94 94 195/749
85 94 93 97/982
86 94 94 191/717
86 94 93 89/886
87 94 94 149/548
87 94 93 95/854
88 94 94 123/439
88 94 93 83/731
89 94 94 284/967
89 94 93 113/824
90 94 94 204/665
90 94 93 77/547
91 94 94 25/76
91 94 93 25/228
92 94 94 361/810
92 94 93 337/846
93 94 94 261/559
93 94 93 320/733
94 94 94 544/925
94 94 93 4/49
