# UNIF(n=147,lo,hi): D_ren + dipoles; lines "lo hi level amplitude" for the corrected intervals
125 125 125 50/873
125 125 124 -2/491
126 126 126 10/273
126 126 125 -1/188
127 127 127 69/953
127 127 126 1/770
128 128 128 17/455
128 128 127 -4/337
129 129 129 29/326
129 129 128 3/452
130 130 130 91/912
130 130 129 10/113
131 131 131 7/65
131 131 130 1/83
132 132 132 82/695
132 132 131 28/257
131 133 133 13/129
131 133 132 5/846
133 133 133 71/547
133 133 132 15/847
132 134 134 31/254
132 134 133 4/35
134 134 134 62/447
134 134 133 79/606
133 135 135 52/823
133 135 134 -27/965
135 135 135 131/833
135 135 134 13/545
132 136 136 74/521
132 136 135 81/559
134 136 136 90/563
134 136 135 68/411
136 136 136 143/865
136 136 135 127/810
133 137 137 132/817
133 137 136 19/623
135 137 137 11/168
135 137 136 -35/863
136 137 137 15/748
136 137 136 -4/945
137 137 137 61/315
137 137 136 21/680
132 138 138 178/973
132 138 137 191/916
134 138 138 185/941
134 138 137 73/326
135 138 138 15/74
135 138 137 41/128
136 138 138 5/24
136 138 137 81/352
137 138 138 54/253
137 138 137 321/892
138 138 138 189/937
138 138 137 191/998
131 139 139 171/871
131 139 138 16/345
133 139 139 189/892
133 139 138 32/607
134 139 139 51/233
134 139 138 41/423
135 139 139 215/954
135 139 138 55/993
136 139 139 127/549
136 139 138 89/783
137 139 139 94/397
137 139 138 47/896
138 139 139 233/964
138 139 138 124/919
139 139 139 23/294
139 139 138 -69/940
130 140 140 29/382
130 140 139 -8/535
131 140 140 33/553
131 140 139 -6/901
132 140 140 59/814
132 140 139 -25/928
133 140 140 52/989
133 140 139 -14/997
134 140 140 261/992
134 140 139 255/776
135 140 140 77/288
135 140 139 81/200
136 140 140 220/811
136 140 139 271/817
137 140 140 213/775
137 140 139 375/862
138 140 140 65/868
138 140 139 -13/203
139 140 140 3/130
139 140 139 -4/245
140 140 140 41/475
140 140 139 -46/553
127 141 141 88/333
127 141 140 13/184
128 141 141 193/711
128 141 140 83/917
129 141 141 32/115
129 141 140 28/355
130 141 141 162/569
130 141 140 86/845
131 141 141 262/901
131 141 140 79/925
132 141 141 110/371
132 141 140 59/523
133 141 141 115/381
133 141 140 55/612
134 141 141 293/955
134 141 140 91/733
135 141 141 251/806
135 141 140 67/732
136 141 141 244/773
136 141 140 123/899
137 141 141 293/917
137 141 140 4/45
138 141 141 261/808
138 141 140 139/908
139 141 141 227/696
139 141 140 4/51
140 141 141 124/377
140 141 140 87/487
141 141 141 109/329
141 141 140 34/675
122 142 142 183/536
122 142 141 184/409
123 142 142 343/991
123 142 141 407/861
124 142 142 27/77
124 142 141 346/741
125 142 142 317/893
125 142 141 463/942
126 142 142 65/181
126 142 141 472/979
127 142 142 346/953
127 142 141 387/760
128 142 142 84/229
128 142 141 158/319
129 142 142 10/27
129 142 141 354/673
130 142 142 37/99
130 142 141 245/484
131 142 142 320/849
131 142 141 167/308
132 142 142 291/766
132 142 141 232/451
133 142 142 305/797
133 142 141 483/865
134 142 142 89/231
134 142 141 379/730
135 142 142 233/601
135 142 141 476/827
136 142 142 193/495
136 142 141 314/605
137 142 142 194/495
137 142 141 59/99
138 142 142 63/160
138 142 141 24/47
139 142 142 274/693
139 142 141 188/301
140 142 142 25/63
140 142 141 241/496
141 142 142 371/949
141 142 141 611/924
142 142 142 77/606
142 142 141 -111/884
115 143 143 292/749
115 143 142 22/235
116 143 143 48/121
116 143 142 62/603
117 143 143 390/967
117 143 142 79/764
118 143 143 270/659
118 143 142 36/319
119 143 143 361/868
119 143 142 73/649
120 143 143 413/979
120 143 142 108/883
121 143 143 192/449
121 143 142 76/629
122 143 143 81/187
122 143 142 119/907
123 143 143 424/967
123 143 142 108/841
124 143 143 169/381
124 143 142 79/566
125 143 143 87/194
125 143 142 91/673
126 143 143 29/64
126 143 142 105/712
127 143 143 399/872
127 143 142 71/503
128 143 143 405/877
128 143 142 53/342
129 143 143 402/863
129 143 142 89/609
130 143 143 85/181
130 143 142 127/783
131 143 143 459/970
131 143 142 3/20
132 143 143 61/128
132 143 142 21/124
133 143 143 461/961
133 143 142 147/964
134 143 143 139/288
134 143 142 29/164
135 143 143 381/785
135 143 142 148/967
136 143 143 281/576
136 143 142 38/205
137 143 143 273/557
137 143 142 111/737
138 143 143 63/128
138 143 142 23/117
139 143 143 331/670
139 143 142 94/659
140 143 143 457/922
140 143 142 203/946
141 143 143 424/853
141 143 142 58/475
142 143 143 287/576
142 143 142 193/765
143 143 143 329/659
143 143 142 17/269
104 144 144 290/897
104 144 143 216/995
105 144 144 181/556
105 144 143 193/858
106 144 144 67/203
106 144 143 204/881
107 144 144 256/771
107 144 143 116/485
108 144 144 209/621
108 144 143 231/941
109 144 144 251/742
109 144 143 241/953
110 144 144 337/983
110 144 143 80/309
111 144 144 21/61
111 144 143 215/808
112 144 144 239/685
112 144 143 221/813
113 144 144 349/997
113 144 143 278/997
114 144 144 270/761
114 144 143 147/517
115 144 144 277/779
115 144 143 251/862
116 144 144 296/821
116 144 143 276/931
117 144 144 61/169
117 144 143 295/973
118 144 144 171/467
118 144 143 119/386
119 144 144 331/904
119 144 143 314/997
120 144 144 129/347
120 144 143 239/747
121 144 144 297/800
121 144 143 242/741
122 144 144 197/522
122 144 143 191/576
123 144 144 359/954
123 144 143 159/470
124 144 144 105/274
124 144 143 203/591
125 144 144 267/700
125 144 143 247/705
126 144 144 294/755
126 144 143 110/309
127 144 144 111/287
127 144 143 288/793
128 144 144 235/593
128 144 143 61/165
129 144 144 221/563
129 144 143 97/257
130 144 144 184/455
130 144 143 241/625
131 144 144 97/243
131 144 143 218/553
132 144 144 17/41
132 144 143 268/661
133 144 144 376/923
133 144 143 86/207
134 144 144 367/856
134 144 143 109/252
135 144 144 254/607
135 144 143 371/834
136 144 144 77/171
136 144 143 244/515
137 144 144 131/301
137 144 143 49/100
138 144 144 239/490
138 144 143 424/777
139 144 144 462/995
139 144 143 379/666
140 144 144 387/740
140 144 143 429/712
141 144 144 432/899
141 144 143 117/184
142 144 144 453/680
142 144 143 739/849
143 144 144 388/657
143 144 143 423/440
144 144 144 128/237
144 144 143 79/181
77 145 145 62/475
77 145 144 25/538
78 145 145 115/859
78 145 144 45/949
79 145 145 43/313
79 145 144 3/62
80 145 145 9/64
80 145 144 18/365
81 145 145 122/847
81 145 144 19/378
82 145 145 141/958
82 145 144 11/215
83 145 145 45/299
83 145 144 5/96
84 145 145 39/254
84 145 144 26/491
85 145 145 66/421
85 145 144 51/947
86 145 145 65/407
86 145 144 53/969
87 145 145 71/436
87 145 144 1/18
88 145 145 139/839
88 145 144 49/869
89 145 145 41/243
89 145 144 36/629
90 145 145 167/974
90 145 144 30/517
91 145 145 169/969
91 145 144 1/17
92 145 145 168/949
92 145 144 31/520
93 145 145 77/428
93 145 144 29/480
94 145 145 139/762
94 145 144 37/605
95 145 145 183/988
95 145 144 41/662
96 145 145 106/565
96 145 144 26/415
97 145 145 173/909
97 145 144 57/899
98 145 145 73/379
98 145 144 5/78
99 145 145 41/210
99 145 144 54/833
100 145 145 46/233
100 145 144 56/855
101 145 145 1/5
101 145 144 48/725
102 145 145 79/391
102 145 144 47/703
103 145 145 172/841
103 145 144 36/533
104 145 145 172/833
104 145 144 3/44
105 145 145 207/991
105 145 144 55/799
106 145 145 55/261
106 145 144 5/72
107 145 145 62/291
107 145 144 15/214
108 145 145 90/419
108 145 144 41/580
109 145 145 201/926
109 145 144 46/645
110 145 145 103/471
110 145 144 65/904
111 145 145 129/584
111 145 144 62/855
112 145 145 143/643
112 145 144 63/862
113 145 145 75/334
113 145 144 7/95
114 145 145 223/987
114 145 144 15/202
115 145 145 213/934
115 145 144 36/481
116 145 145 219/955
116 145 144 58/769
117 145 145 28/121
117 145 144 19/250
118 145 145 10/43
118 145 144 71/927
119 145 145 225/959
119 145 144 73/946
120 145 145 78/331
120 145 144 62/797
121 145 145 121/509
121 145 144 71/906
122 145 145 21/88
122 145 144 63/797
123 145 145 13/54
123 145 144 52/653
124 145 145 157/650
124 145 144 16/199
125 145 145 242/993
125 145 144 29/358
126 145 145 175/716
126 145 144 63/769
127 145 145 56/227
127 145 144 71/860
128 145 145 116/469
128 145 144 37/442
129 145 145 249/997
129 145 144 33/391
130 145 145 142/567
130 145 144 11/128
131 145 145 138/545
131 145 144 15/173
132 145 145 241/949
132 145 144 4/45
133 145 145 125/486
133 145 144 22/245
134 145 145 256/991
134 145 144 79/848
135 145 145 186/709
135 145 144 28/297
136 145 145 178/673
136 145 144 99/991
137 145 145 109/404
137 145 144 29/286
138 145 145 181/659
138 145 144 111/991
139 145 145 24/85
139 145 144 71/622
140 145 145 184/623
140 145 144 71/516
141 145 145 85/276
141 145 144 23/163
142 145 145 61/185
142 145 144 61/555
143 145 145 218/489
143 145 144 215/541
144 145 145 139/298
144 145 144 412/943
145 145 145 264/449
145 145 144 73/893
