# UNIF(n=122,lo,hi): D_ren + dipoles; lines "lo hi level amplitude" for the corrected intervals
103 103 103 25/597
103 103 102 -4/831
104 104 104 46/583
104 104 103 1/1000
105 105 105 87/949
105 105 104 23/313
106 106 106 61/611
106 106 105 4/539
107 107 107 5/44
107 107 106 59/586
108 108 108 96/775
108 108 107 2/141
107 109 109 41/381
107 109 108 43/494
109 109 109 124/911
109 109 108 103/822
108 110 110 5/69
108 110 109 -1/47
110 110 110 110/719
110 110 109 21/986
109 111 111 137/914
109 111 110 6/41
111 111 111 61/373
111 111 110 101/659
108 112 112 65/451
108 112 111 17/854
110 112 112 9/125
110 112 111 -22/615
112 112 112 62/325
112 112 111 3/103
109 113 113 32/173
109 113 112 177/880
111 113 113 101/500
111 113 112 27/124
112 113 113 164/783
112 113 112 232/659
113 113 113 68/339
113 113 112 66/349
108 114 114 194/997
108 114 113 39/928
110 114 114 154/719
110 114 113 35/722
111 114 114 39/175
111 114 113 9/83
112 114 114 3/13
112 114 113 33/677
113 114 114 143/601
113 114 113 24/181
114 114 114 74/931
114 114 113 -5/69
107 115 115 62/773
107 115 114 -13/929
109 115 115 155/613
109 115 114 237/770
110 115 115 251/969
110 115 114 300/773
111 115 115 9/34
111 115 114 199/625
112 115 115 139/515
112 115 114 411/967
113 115 115 59/769
113 115 114 -42/689
114 115 115 24/991
114 115 114 -5/347
115 115 115 68/783
115 115 114 -79/960
106 116 116 79/291
106 116 115 61/834
107 116 116 101/361
107 116 115 14/137
108 116 116 247/859
108 116 115 45/557
109 116 116 265/899
109 116 115 12/103
110 116 116 41/136
110 116 115 34/399
111 116 116 307/998
111 116 115 120/911
112 116 116 26/83
112 116 115 9/106
113 116 116 92/289
113 116 115 68/453
114 116 116 134/415
114 116 115 31/406
115 116 116 322/985
115 116 115 58/327
116 116 116 187/566
116 116 115 35/703
101 117 117 267/784
101 117 116 377/853
102 117 117 187/540
102 117 116 428/905
103 117 117 191/543
103 117 116 459/992
104 117 117 353/989
104 117 116 481/968
105 117 117 326/901
105 117 116 429/893
106 117 117 262/715
106 117 116 439/845
107 117 117 274/739
107 117 116 139/281
108 117 117 271/723
108 117 116 229/423
109 117 117 92/243
109 117 116 481/953
110 117 117 222/581
110 117 116 324/575
111 117 117 383/994
111 117 116 28/55
112 117 117 271/698
112 117 116 481/818
113 117 117 43/110
113 117 116 56/111
114 117 117 293/745
114 117 116 501/808
115 117 117 257/650
115 117 116 14/29
116 117 117 73/187
116 117 116 658/997
117 117 117 198/571
117 117 116 271/863
96 118 118 362/917
96 118 117 72/727
97 118 118 315/782
97 118 117 1/9
98 118 118 257/626
98 118 117 101/919
99 118 118 377/902
99 118 117 108/881
100 118 118 363/854
100 118 117 48/401
101 118 118 396/917
101 118 117 2/15
102 118 118 135/308
102 118 117 128/997
103 118 118 4/9
103 118 117 133/927
104 118 118 299/664
104 118 117 36/265
105 118 118 227/498
105 118 117 148/967
106 118 118 349/757
106 118 117 111/782
107 118 118 458/983
107 118 117 31/191
108 118 118 303/644
108 118 117 89/608
109 118 118 442/931
109 118 117 139/810
110 118 118 236/493
110 118 117 147/989
111 118 118 232/481
111 118 117 149/820
112 118 118 389/801
112 118 117 75/508
113 118 118 43/88
113 118 117 101/520
114 118 118 453/922
114 118 117 10/71
115 118 118 352/713
115 118 117 167/783
116 118 118 291/587
116 118 117 4/33
117 118 118 197/396
117 118 117 107/425
118 118 118 226/453
118 118 117 42/667
86 119 119 109/336
86 119 118 179/829
87 119 119 275/833
87 119 118 68/303
88 119 119 328/987
88 119 118 151/645
89 119 119 283/837
89 119 118 132/545
90 119 119 69/203
90 119 118 239/950
91 119 119 120/347
91 119 118 258/995
92 119 119 343/988
92 119 118 62/231
93 119 119 348/985
93 119 118 131/475
94 119 119 17/48
94 119 118 154/541
95 119 119 260/721
95 119 118 281/963
96 119 119 205/568
96 119 118 61/203
97 119 119 135/367
97 119 118 226/735
98 119 119 362/985
98 119 118 281/889
99 119 119 341/909
99 119 118 221/684
100 119 119 49/131
100 119 118 205/618
101 119 119 305/797
101 119 118 159/469
102 119 119 319/838
102 119 118 345/992
103 119 119 34/87
103 119 118 311/874
104 119 119 288/743
104 119 118 315/863
105 119 119 2/5
105 119 118 303/809
106 119 119 387/979
106 119 118 158/411
107 119 119 183/445
107 119 118 152/383
108 119 119 55/136
108 119 118 377/924
109 119 119 257/603
109 119 118 424/995
110 119 119 189/454
110 119 118 417/949
111 119 119 357/796
111 119 118 267/569
112 119 119 36/83
112 119 118 425/874
113 119 119 471/968
113 119 118 197/363
114 119 119 462/997
114 119 118 259/457
115 119 119 270/517
115 119 118 516/859
116 119 119 12/25
116 119 118 547/862
117 119 119 624/937
117 119 118 675/776
118 119 119 173/293
118 119 118 74/77
119 119 119 317/587
119 119 118 233/534
65 120 120 69/518
65 120 119 21/443
66 120 120 11/80
66 120 119 45/926
67 120 120 141/997
67 120 119 9/181
68 120 120 145/996
68 120 119 26/511
69 120 120 23/154
69 120 119 29/558
70 120 120 152/991
70 120 119 49/923
71 120 120 46/293
71 120 119 32/591
72 120 120 144/895
72 120 119 47/851
73 120 120 71/432
73 120 119 9/160
74 120 120 77/458
74 120 119 11/192
75 120 120 6/35
75 120 119 25/429
76 120 120 125/714
76 120 119 15/253
77 120 120 18/101
77 120 119 58/963
78 120 120 181/996
78 120 119 59/964
79 120 120 162/877
79 120 119 52/837
80 120 120 19/101
80 120 119 62/983
81 120 120 173/906
81 120 119 11/172
82 120 120 101/520
82 120 119 12/185
83 120 120 127/645
83 120 119 60/913
84 120 120 1/5
84 120 119 66/991
85 120 120 173/854
85 120 119 65/964
86 120 120 175/851
86 120 119 48/703
87 120 120 99/476
87 120 119 40/579
88 120 120 131/621
88 120 119 23/329
89 120 120 211/990
89 120 119 69/976
90 120 120 197/912
90 120 119 71/993
91 120 120 167/766
91 120 119 67/927
92 120 120 157/711
92 120 119 16/219
93 120 120 169/759
93 120 119 24/325
94 120 120 197/874
94 120 119 52/697
95 120 120 213/938
95 120 119 23/305
96 120 120 71/309
96 120 119 23/302
97 120 120 207/895
97 120 119 70/909
98 120 120 62/265
98 120 119 65/836
99 120 120 4/17
99 120 119 69/877
100 120 120 144/605
100 120 119 61/768
101 120 120 211/882
101 120 119 73/907
102 120 120 189/781
102 120 119 13/160
103 120 120 229/942
103 120 119 43/521
104 120 120 77/313
104 120 119 1/12
105 120 120 230/931
105 120 119 64/753
106 120 120 250/999
106 120 119 79/920
107 120 120 143/569
107 120 119 73/828
108 120 120 13/51
108 120 119 88/987
109 120 120 111/433
109 120 119 84/907
110 120 120 214/821
110 120 119 50/533
111 120 120 166/631
111 120 119 85/854
112 120 120 191/711
112 120 119 47/465
113 120 120 176/643
113 120 119 39/349
114 120 120 265/941
114 120 119 85/746
115 120 120 209/709
115 120 119 29/211
116 120 120 179/582
116 120 119 97/688
117 120 120 312/947
117 120 119 104/947
118 120 120 300/673
118 120 119 35/88
119 120 120 461/988
119 120 119 425/973
120 120 120 157/267
120 120 119 21/257
