# UNIF(n=37,lo,hi): D_ren + dipoles; lines "lo hi level amplitude" for the corrected intervals
28 28 28 140/901
28 28 27 87/790
29 29 29 17/138
29 29 28 -29/639
30 30 30 25/246
30 30 29 -51/997
31 31 31 218/725
31 31 30 10/359
30 32 32 337/966
30 32 31 270/683
32 32 32 94/701
32 32 31 -100/909
29 33 33 401/993
29 33 32 59/822
30 33 33 289/672
30 33 32 158/969
31 33 33 211/466
31 33 32 42/481
32 33 33 329/697
32 33 32 79/341
33 33 33 259/531
33 33 32 35/646
26 34 34 46/121
26 34 33 224/675
27 34 34 247/654
27 34 33 319/854
28 34 34 287/655
28 34 33 201/452
29 34 34 281/656
29 34 33 467/941
30 34 34 451/912
30 34 33 433/795
31 34 34 342/743
31 34 33 518/871
32 34 34 195/296
32 34 33 698/815
33 34 34 577/987
33 34 33 809/852
34 34 34 529/984
34 34 33 104/241
20 35 35 73/503
20 35 34 14/247
21 35 35 159/994
21 35 34 56/921
22 35 35 165/959
22 35 34 59/892
23 35 35 29/156
23 35 34 66/943
24 35 35 165/838
24 35 34 71/933
25 35 35 117/557
25 35 34 13/163
26 35 35 167/757
26 35 34 83/946
27 35 35 203/869
27 35 34 19/208
28 35 35 227/925
28 35 34 99/953
29 35 35 160/617
29 35 34 89/826
30 35 35 5/18
30 35 34 101/761
31 35 35 263/891
31 35 34 137/996
32 35 35 9/28
32 35 34 3/28
33 35 35 4/9
33 35 34 156/383
34 35 35 431/914
34 35 34 16/37
35 35 35 431/731
35 35 34 60/749
