# UNIF(n=64,lo,hi): D_ren + dipoles; lines "lo hi level amplitude" for the corrected intervals
51 51 51 19/187
51 51 50 31/502
52 52 52 85/729
52 52 51 -1/659
53 53 53 142/971
53 53 52 66/547
54 54 54 119/716
54 54 53 13/961
55 55 55 4/21
55 55 54 124/731
54 56 56 155/863
54 56 55 8/513
56 56 56 88/973
56 56 55 -38/587
55 57 57 83/905
55 57 56 -12/353
57 57 57 31/340
57 57 56 -45/604
54 58 58 53/204
54 58 57 47/955
56 58 58 283/959
56 58 57 53/917
57 58 58 79/255
57 58 57 116/699
58 58 58 319/989
58 58 57 38/853
53 59 59 161/465
53 59 58 223/521
54 59 59 166/465
54 59 58 350/669
55 59 59 238/649
55 59 58 373/821
56 59 59 333/887
56 59 58 569/976
57 59 59 331/864
57 59 58 439/960
58 59 59 384/997
58 59 58 453/698
59 59 59 114/331
59 59 58 293/948
50 60 60 176/449
50 60 59 61/669
51 60 60 355/871
51 60 59 124/997
52 60 60 46/109
52 60 59 99/910
53 60 60 434/997
53 60 59 11/74
54 60 60 349/780
54 60 59 25/207
55 60 60 248/541
55 60 59 169/977
56 60 60 339/724
56 60 59 119/955
57 60 60 258/541
57 60 59 82/407
58 60 60 264/545
58 60 59 47/415
59 60 60 292/595
59 60 59 167/676
60 60 60 184/371
60 60 59 31/509
45 61 61 141/413
45 61 60 235/979
46 61 61 343/999
46 61 60 233/892
47 61 61 75/208
47 61 60 167/592
48 61 61 133/369
48 61 60 135/446
49 61 61 185/486
49 61 60 133/409
50 61 61 116/307
50 61 60 251/726
51 61 61 311/771
51 61 60 117/314
52 61 61 310/781
52 61 60 210/533
53 61 61 182/421
53 61 60 430/997
54 61 61 37/88
54 61 60 71/156
55 61 61 415/872
55 61 60 482/931
56 61 61 451/991
56 61 60 191/349
57 61 61 510/989
57 61 60 583/996
58 61 61 347/730
58 61 60 58/93
59 61 61 85/128
59 61 60 289/334
60 61 61 274/465
60 61 60 252/263
61 61 61 116/215
61 61 60 161/370
34 62 62 57/430
34 62 61 5/103
35 62 62 128/913
35 62 61 19/373
36 62 62 101/680
36 62 61 9/169
37 62 62 68/437
37 62 61 1/18
38 62 62 112/685
38 62 61 19/329
39 62 62 135/794
39 62 61 3/50
40 62 62 30/169
40 62 61 9/145
41 62 62 20/109
41 62 61 61/949
42 62 62 73/383
42 62 61 43/649
43 62 62 89/454
43 62 61 68/993
44 62 62 201/991
44 62 61 19/270
45 62 62 75/361
45 62 61 69/949
46 62 62 3/14
46 62 61 12/161
47 62 62 212/969
47 62 61 55/713
48 62 62 195/866
48 62 61 67/849
49 62 62 208/907
49 62 61 75/914
50 62 62 178/755
50 62 61 55/656
51 62 62 201/838
51 62 61 64/727
52 62 62 237/961
52 62 61 49/545
53 62 62 243/967
53 62 61 18/187
54 62 62 196/757
54 62 61 97/986
55 62 62 88/331
55 62 61 63/575
56 62 62 241/875
56 62 61 101/900
57 62 62 257/886
57 62 61 133/977
58 62 62 59/194
58 62 61 78/557
59 62 62 304/929
59 62 61 107/981
60 62 62 155/348
60 62 61 207/517
61 62 62 299/639
61 62 61 146/335
62 62 62 396/673
62 62 61 24/295
