# UNIF(n=81,lo,hi): D_ren + dipoles; lines "lo hi level amplitude" for the corrected intervals
66 66 66 53/599
66 66 65 42/731
67 67 67 76/763
67 67 66 -2/911
68 68 68 29/239
68 68 67 99/991
69 69 69 29/214
69 69 68 6/641
70 70 70 91/587
70 70 69 135/974
71 71 71 80/447
71 71 70 15/716
70 72 72 164/931
70 72 71 164/955
72 72 72 170/871
72 72 71 30/167
71 73 73 133/645
71 73 72 29/926
73 73 73 38/447
73 73 72 -45/652
70 74 74 152/639
70 74 73 83/308
72 74 74 76/913
72 74 73 -31/655
73 74 74 19/672
73 74 73 -3/506
74 74 74 37/417
74 74 73 -59/753
69 75 75 176/675
69 75 74 54/977
71 75 75 44/153
71 75 74 7/106
72 75 75 289/966
72 75 74 54/397
73 75 75 308/995
73 75 74 36/541
74 75 75 312/979
74 75 74 153/893
75 75 75 146/447
75 75 74 41/872
68 76 76 98/279
68 76 75 391/863
69 76 76 37/103
69 76 75 77/148
70 76 76 103/281
70 76 75 467/986
71 76 76 53/142
71 76 75 333/595
72 76 76 377/994
72 76 75 429/889
73 76 76 322/837
73 76 75 157/260
74 76 76 326/837
74 76 75 374/793
75 76 76 303/782
75 76 75 415/634
76 76 76 106/827
76 76 75 -26/211
63 77 77 357/923
63 77 76 49/570
64 77 77 377/944
64 77 76 106/975
65 77 77 403/980
65 77 76 40/389
66 77 77 389/921
66 77 76 119/929
67 77 77 425/982
67 77 76 39/334
68 77 77 277/626
68 77 76 49/335
69 77 77 107/237
69 77 76 127/998
70 77 77 217/472
70 77 76 152/927
71 77 77 50/107
71 77 76 83/623
72 77 77 284/599
72 77 76 181/990
73 77 77 413/860
73 77 76 125/946
74 77 77 152/313
74 77 76 137/662
75 77 77 480/979
75 77 76 69/590
76 77 77 43/87
76 77 76 81/325
77 77 77 494/993
77 77 76 61/986
57 78 78 109/335
57 78 77 3/13
58 78 78 287/853
58 78 77 211/862
59 78 78 211/623
59 78 77 238/915
60 78 78 143/408
60 78 77 204/745
61 78 78 200/569
61 78 77 274/949
62 78 78 230/631
62 78 77 141/466
63 78 78 162/445
63 78 77 283/892
64 78 78 177/467
64 78 77 253/762
65 78 78 353/937
65 78 77 334/963
66 78 78 47/119
66 78 77 127/349
67 78 78 361/925
67 78 77 250/659
68 78 78 395/954
68 78 77 53/132
69 78 78 95/234
69 78 77 357/853
70 78 78 139/316
70 78 77 417/923
71 78 78 32/75
71 78 77 143/303
72 78 78 214/445
72 78 77 434/817
73 78 78 179/390
73 78 77 111/199
74 78 78 512/987
74 78 77 111/187
75 78 78 85/178
75 78 77 192/305
76 78 78 137/206
76 78 77 836/963
77 78 78 470/797
77 78 77 736/767
78 78 78 360/667
78 78 77 322/739
43 79 79 78/577
43 79 78 46/947
44 79 79 101/716
44 79 78 37/735
45 79 79 37/251
45 79 78 26/499
46 79 79 13/85
46 79 78 17/316
47 79 79 142/893
47 79 78 42/757
48 79 79 100/609
48 79 78 47/823
49 79 79 17/100
49 79 78 34/579
50 79 79 57/326
50 79 78 46/763
51 79 79 46/255
51 79 78 52/841
52 79 79 115/622
52 79 78 51/805
53 79 79 190/999
53 79 78 61/941
54 79 79 103/530
54 79 78 38/573
55 79 79 137/687
55 79 78 17/251
56 79 79 63/310
56 79 78 29/419
57 79 79 77/370
57 79 78 41/581
58 79 79 201/950
58 79 78 63/874
59 79 79 215/994
59 79 78 8/109
60 79 79 79/360
60 79 78 3/40
61 79 79 95/424
61 79 78 9/118
62 79 79 113/498
62 79 78 70/897
63 79 79 25/108
63 79 78 64/807
64 79 79 92/393
64 79 78 7/86
65 79 79 228/955
65 79 78 53/641
66 79 79 62/257
66 79 78 7/82
67 79 79 223/906
67 79 78 81/934
68 79 79 155/623
68 79 78 83/917
69 79 79 241/948
69 79 78 15/163
70 79 79 193/749
70 79 78 5/51
71 79 79 149/564
71 79 78 62/621
72 79 79 245/907
72 79 78 101/912
73 79 79 247/886
73 79 78 80/707
74 79 79 242/827
74 79 78 13/95
75 79 79 138/451
75 79 78 61/434
76 79 79 179/545
76 79 78 97/886
77 79 79 86/193
77 79 78 379/950
78 79 79 278/595
78 79 78 414/949
79 79 79 10/17
79 79 78 67/822
