# UNIF(n=106,lo,hi): D_ren + dipoles; lines "lo hi level amplitude" for the corrected intervals
88 88 88 37/541
88 88 87 -5/869
89 89 89 35/758
89 89 88 -7/989
90 90 90 35/382
90 90 89 1/432
91 91 91 101/942
91 91 90 75/842
92 92 92 2/17
92 92 91 1/97
93 93 93 87/653
93 93 92 3/25
94 94 94 101/680
94 94 93 7/379
93 95 95 53/380
93 95 94 54/425
95 95 95 79/489
95 95 94 67/448
94 96 96 75/949
94 96 95 -18/581
96 96 96 46/245
96 96 95 13/478
93 97 97 89/515
93 97 96 116/651
95 97 97 17/87
95 97 96 101/492
97 97 97 60/301
97 97 96 45/241
94 98 98 81/400
94 98 97 2/49
96 98 98 11/49
96 98 97 42/941
97 98 98 117/500
97 98 97 68/523
98 98 98 62/767
98 98 97 -54/755
93 99 99 100/413
93 99 98 237/826
94 99 99 193/771
94 99 98 193/520
95 99 99 41/159
95 99 98 241/790
96 99 99 220/831
96 99 98 388/935
97 99 99 56/713
97 99 98 -37/642
98 99 99 20/789
98 99 98 -1/81
99 99 99 83/950
99 99 98 -44/541
92 100 100 196/719
92 100 99 69/976
93 100 100 103/365
93 100 99 85/787
94 100 100 264/907
94 100 99 19/243
95 100 100 275/919
95 100 99 119/944
96 100 100 142/463
96 100 99 47/584
97 100 100 310/989
97 100 99 85/579
98 100 100 123/385
98 100 99 73/986
99 100 100 127/391
99 100 99 60/341
100 100 100 253/768
100 100 99 37/753
89 101 101 109/312
89 101 100 307/675
90 101 101 107/301
90 101 100 419/843
91 101 101 82/227
91 101 100 467/983
92 101 101 224/611
92 101 100 289/551
93 101 101 55/148
93 101 100 51/104
94 101 101 187/497
94 101 100 316/573
95 101 101 379/996
95 101 100 331/663
96 101 101 301/783
96 101 100 561/967
97 101 101 296/763
97 101 100 472/947
98 101 101 246/629
98 101 100 285/463
99 101 101 193/490
99 101 100 59/123
100 101 101 182/467
100 101 100 519/788
101 101 101 299/863
101 101 100 257/820
84 102 102 133/332
84 102 101 94/919
85 102 102 401/979
85 102 101 108/919
86 102 102 23/55
86 102 101 108/947
87 102 102 246/577
87 102 101 129/988
88 102 102 135/311
88 102 101 111/893
89 102 102 113/256
89 102 101 142/995
90 102 102 412/919
90 102 101 99/745
91 102 102 161/354
91 102 101 111/719
92 102 102 53/115
92 102 101 6/43
93 102 102 209/448
93 102 101 119/718
94 102 102 167/354
94 102 101 123/856
95 102 102 61/128
95 102 101 111/625
96 102 102 442/919
96 102 101 100/693
97 102 102 338/697
97 102 101 41/214
98 102 102 191/391
98 102 101 123/886
99 102 102 323/657
99 102 101 147/694
100 102 102 175/354
100 102 101 41/341
101 102 102 445/896
101 102 101 160/637
102 102 102 170/341
102 102 101 55/877
75 103 103 306/929
75 103 102 213/962
76 103 103 285/859
76 103 102 191/820
77 103 103 101/298
77 103 102 190/783
78 103 103 107/314
78 103 102 151/595
79 103 103 227/652
79 103 102 226/859
80 103 103 196/561
80 103 102 235/858
81 103 103 354/991
81 103 102 273/965
82 103 103 93/260
82 103 102 282/961
83 103 103 67/183
83 103 102 13/43
84 103 103 353/965
84 103 102 91/291
85 103 103 263/701
85 103 102 277/861
86 103 103 289/773
86 103 102 275/828
87 103 103 382/993
87 103 102 245/717
88 103 103 295/772
88 103 102 309/877
89 103 103 356/901
89 103 102 259/713
90 103 103 355/908
90 103 102 85/227
91 103 103 405/994
91 103 102 307/791
92 103 103 359/895
92 103 102 396/989
93 103 103 279/659
93 103 102 167/398
94 103 103 286/691
94 103 102 82/189
95 103 103 146/327
95 103 102 407/876
96 103 103 404/935
96 103 102 344/713
97 103 103 477/983
97 103 102 279/517
98 103 103 43/93
98 103 102 548/971
99 103 103 73/140
99 103 102 509/850
100 103 103 373/778
100 103 102 221/349
101 103 103 235/353
101 103 102 705/811
102 103 103 304/515
102 103 102 562/585
103 103 103 385/713
103 103 102 393/901
56 104 104 129/985
56 104 103 35/746
57 104 104 131/966
57 104 103 25/518
58 104 104 26/185
58 104 103 27/544
59 104 104 39/269
59 104 103 41/805
60 104 104 143/955
60 104 103 29/555
61 104 104 93/604
61 104 103 42/785
62 104 104 88/555
62 104 103 39/712
63 104 104 113/695
63 104 103 22/393
64 104 104 82/491
64 104 103 52/909
65 104 104 130/761
65 104 103 15/257
66 104 104 163/931
66 104 103 34/571
67 104 104 52/291
67 104 103 33/544
68 104 104 172/941
68 104 103 11/178
69 104 104 89/478
69 104 103 21/334
70 104 104 158/831
70 104 103 49/766
71 104 104 139/719
71 104 103 55/846
72 104 104 178/903
72 104 103 22/333
73 104 104 1/5
73 104 103 65/969
74 104 104 76/373
74 104 103 54/793
75 104 104 19/92
75 104 103 59/854
76 104 104 209/995
76 104 103 70/999
77 104 104 27/127
77 104 103 67/943
78 104 104 151/699
78 104 103 9/125
79 104 104 157/719
79 104 103 10/137
80 104 104 92/415
80 104 103 17/230
81 104 104 203/907
81 104 103 55/734
82 104 104 213/938
82 104 103 43/567
83 104 104 169/738
83 104 103 1/13
84 104 104 183/788
84 104 103 20/257
85 104 104 62/265
85 104 103 55/696
86 104 104 116/489
86 104 103 43/538
87 104 104 181/758
87 104 103 78/959
88 104 104 77/318
88 104 103 45/547
89 104 104 238/977
89 104 103 10/119
90 104 104 152/615
90 104 103 21/247
91 104 104 228/917
91 104 103 66/755
92 104 104 172/681
92 104 103 57/644
93 104 104 249/979
93 104 103 73/793
94 104 104 123/475
94 104 103 7/75
95 104 104 163/623
95 104 103 80/807
96 104 104 249/931
96 104 103 27/268
97 104 104 3/11
97 104 103 67/601
98 104 104 248/883
98 104 103 82/721
99 104 104 193/656
99 104 103 109/794
100 104 104 43/140
100 104 103 71/504
101 104 104 53/161
101 104 103 53/483
102 104 104 427/958
102 104 103 41/103
103 104 104 330/707
103 104 103 231/529
104 104 104 404/687
104 104 103 49/600
