# UNIF(n=73,lo,hi): D_ren + dipoles; lines "lo hi level amplitude" for the corrected intervals
59 59 59 71/793
59 59 58 -2/225
60 60 60 100/879
60 60 59 76/877
61 61 61 123/959
61 61 60 1/223
62 62 62 107/706
62 62 61 11/83
63 63 63 47/270
63 63 62 5/284
62 64 64 89/538
62 64 63 16/105
64 64 64 11/57
64 64 63 152/865
63 65 65 49/250
63 65 64 22/909
65 65 65 81/928
65 65 64 -5/74
62 66 66 95/419
62 66 65 223/896
64 66 66 51/593
64 66 65 -30/719
65 66 66 29/967
65 66 65 -2/819
66 66 66 53/592
66 66 65 -63/821
63 67 67 18/65
63 67 66 57/977
64 67 67 189/649
64 67 66 71/545
65 67 67 38/125
65 67 66 62/991
66 67 67 262/831
66 67 66 115/681
67 67 67 275/846
67 67 66 24/523
60 68 68 69/203
60 68 67 185/429
62 68 68 127/354
62 68 67 416/907
63 68 68 109/297
63 68 67 471/860
64 68 68 88/235
64 68 67 443/936
65 68 68 93/244
65 68 67 437/732
66 68 68 209/540
66 68 67 247/529
67 68 68 124/321
67 68 67 516/791
68 68 68 59/459
68 68 67 -119/972
57 69 69 248/635
57 69 68 85/978
58 69 69 283/700
58 69 68 91/797
59 69 69 370/887
59 69 68 71/678
60 69 69 348/811
60 69 68 76/559
61 69 69 195/443
61 69 68 99/835
62 69 69 304/675
62 69 68 29/185
63 69 69 57/124
63 69 68 101/793
64 69 69 22/47
64 69 68 67/376
65 69 69 322/677
65 69 68 94/731
66 69 69 449/931
66 69 68 159/778
67 69 69 102/209
67 69 68 25/217
68 69 69 452/917
68 69 68 69/278
69 69 69 481/968
69 69 68 60/977
52 70 70 167/495
52 70 69 196/795
53 70 70 325/957
53 70 69 33/125
54 70 70 271/766
54 70 69 118/421
55 70 70 347/979
55 70 69 11/37
56 70 70 296/799
56 70 69 285/907
57 70 70 285/772
57 70 69 247/746
58 70 70 266/685
58 70 69 181/517
59 70 70 273/710
59 70 69 277/754
60 70 70 9/22
60 70 69 187/478
61 70 70 45/112
61 70 69 352/859
62 70 70 24/55
62 70 69 4/9
63 70 70 253/597
63 70 69 349/749
64 70 70 447/934
64 70 69 309/587
65 70 70 427/934
65 70 69 528/953
66 70 70 463/895
66 70 69 88/149
67 70 70 71/149
67 70 69 426/679
68 70 70 111/167
68 70 69 412/475
69 70 70 557/945
69 70 69 491/512
70 70 70 470/871
70 70 69 415/953
39 71 71 7/51
39 71 70 22/445
40 71 71 121/842
40 71 70 49/953
41 71 71 41/272
41 71 70 42/787
42 71 71 95/606
42 71 70 53/959
43 71 71 17/104
43 71 70 57/998
44 71 71 47/278
44 71 70 26/441
45 71 71 10/57
45 71 70 15/247
46 71 71 69/382
46 71 70 1/16
47 71 71 132/707
47 71 70 26/405
48 71 71 184/961
48 71 70 55/834
49 71 71 29/147
49 71 70 66/977
50 71 71 173/858
50 71 70 54/779
51 71 71 190/917
51 71 70 9/127
52 71 71 193/914
52 71 70 33/454
53 71 71 199/919
53 71 70 52/701
54 71 71 35/159
54 71 70 38/499
55 71 71 71/315
55 71 70 69/889
56 71 71 193/844
56 71 70 29/363
57 71 71 193/825
57 71 70 65/799
58 71 71 169/713
58 71 70 49/582
59 71 71 185/763
59 71 70 3/35
60 71 71 239/973
60 71 70 32/357
61 71 71 41/163
61 71 70 68/745
62 71 71 165/646
62 71 70 15/154
63 71 71 181/690
63 71 70 44/443
64 71 71 267/994
64 71 70 47/426
65 71 71 254/915
65 71 70 95/842
66 71 71 229/785
66 71 70 109/798
67 71 71 149/488
67 71 70 137/976
68 71 71 185/564
68 71 70 89/814
69 71 71 274/615
69 71 70 147/368
70 71 71 417/892
70 71 70 351/805
71 71 71 533/906
71 71 70 57/700
