# UNIF(n=178,lo,hi): D_ren + dipoles; lines "lo hi level amplitude" for the corrected intervals
153 153 153 21/649
153 153 152 -1/529
154 154 154 9/161
154 154 153 -1/938
155 155 155 29/892
155 155 154 -3/440
156 156 156 58/853
156 156 155 3/986
157 157 157 28/843
157 157 156 -8/673
158 158 158 73/899
158 158 157 5/698
159 159 159 7/78
159 159 158 37/465
160 160 160 41/427
160 160 159 11/967
159 161 161 76/963
159 161 160 52/879
161 161 161 41/391
161 161 160 43/443
160 162 162 78/893
160 162 161 1/201
162 162 162 6/53
162 162 161 13/824
161 163 163 83/800
161 163 162 37/396
163 163 163 81/670
163 163 162 14/123
162 164 164 70/613
162 164 163 15/997
164 164 164 71/530
164 164 163 19/925
161 165 165 42/365
161 165 164 49/446
163 165 165 23/174
163 165 164 61/463
165 165 165 139/987
165 165 164 114/851
162 166 166 127/984
162 166 165 4/187
164 166 166 16/285
164 166 165 -21/653
166 166 166 25/156
166 166 165 12/463
161 167 167 10/71
161 167 166 56/375
163 167 167 41/265
163 167 166 89/533
165 167 167 145/869
165 167 166 170/957
166 167 167 133/772
166 167 166 287/991
167 167 167 166/995
167 167 166 83/521
162 168 168 119/743
162 168 167 32/905
164 168 168 81/466
164 168 167 5/128
165 168 168 106/589
165 168 167 29/318
166 168 168 21/347
166 168 167 -29/666
167 168 168 7/414
167 168 167 -6/979
168 168 168 190/971
168 168 167 27/836
161 169 169 151/817
161 169 168 88/405
163 169 169 155/793
163 169 168 158/685
164 169 169 143/714
164 169 168 284/937
165 169 169 146/713
165 169 168 210/881
166 169 169 103/493
166 169 168 219/661
167 169 169 207/973
167 169 168 163/685
168 169 169 213/985
168 169 168 197/540
169 169 169 199/982
169 169 168 116/601
160 170 170 113/561
160 170 169 52/971
161 170 170 131/631
161 170 169 35/431
162 170 170 197/923
162 170 169 17/290
163 170 170 169/772
163 170 169 89/965
164 170 170 151/674
164 170 169 53/863
165 170 170 197/861
165 170 169 31/298
166 170 170 205/879
166 170 169 23/377
167 170 170 14/59
167 170 169 25/212
168 170 170 107/444
168 170 169 37/667
169 170 170 227/929
169 170 169 123/899
170 170 170 67/867
170 170 169 -64/865
157 171 171 73/958
157 171 170 -9/926
158 171 171 65/999
158 171 170 -5/941
159 171 171 37/510
159 171 170 -12/625
160 171 171 17/285
160 171 170 -11/889
161 171 171 23/330
161 171 170 -2/71
162 171 171 7/129
162 171 170 -12/661
163 171 171 58/855
163 171 170 -6/163
164 171 171 20/411
164 171 170 -17/759
165 171 171 153/566
165 171 170 96/281
166 171 171 256/937
166 171 170 32/77
167 171 171 8/29
167 171 170 237/697
168 171 171 263/945
168 171 170 312/707
169 171 171 65/881
169 171 170 -16/241
170 171 171 3/134
170 171 170 -14/787
171 171 171 35/407
171 171 170 -53/632
154 172 172 200/757
154 172 171 29/392
155 172 172 215/796
155 172 171 3/34
156 172 172 241/874
156 172 171 63/778
157 172 172 79/281
157 172 171 71/733
158 172 172 215/751
158 172 171 87/1000
159 172 172 99/340
159 172 171 51/485
160 172 172 92/311
160 172 171 59/642
161 172 172 142/473
161 172 171 93/821
162 172 172 7/23
162 172 171 78/817
163 172 172 303/983
163 172 171 118/971
164 172 172 63/202
164 172 171 69/709
165 172 172 285/904
165 172 171 3/23
166 172 172 263/826
166 172 171 53/548
167 172 172 249/775
167 172 171 76/539
168 172 172 218/673
168 172 171 74/803
169 172 172 325/996
169 172 171 107/688
170 172 172 179/545
170 172 171 77/961
171 172 172 256/775
171 172 171 23/128
172 172 172 321/967
172 172 171 3/59
149 173 173 311/899
149 173 172 293/640
150 173 173 107/306
150 173 172 193/406
151 173 173 307/869
151 173 172 395/837
152 173 173 325/911
152 173 172 336/685
153 173 173 305/847
153 173 172 255/526
154 173 173 299/823
154 173 172 105/208
155 173 173 303/827
155 173 172 475/957
156 173 173 277/750
156 173 172 212/409
157 173 173 147/395
157 173 172 39/77
158 173 173 289/771
158 173 172 519/977
159 173 173 217/575
159 173 172 205/398
160 173 173 207/545
160 173 172 193/355
161 173 173 47/123
161 173 172 418/801
162 173 173 259/674
162 173 172 452/813
163 173 173 299/774
163 173 172 359/682
164 173 173 158/407
164 173 172 476/837
165 173 173 319/818
165 173 172 85/161
166 173 173 383/978
166 173 172 573/983
167 173 173 160/407
167 173 172 493/939
168 173 173 43/109
168 173 172 468/779
169 173 173 353/892
169 173 172 501/974
170 173 173 227/572
170 173 172 537/856
171 173 173 368/925
171 173 172 439/900
172 173 173 366/935
172 173 172 394/595
173 173 173 258/743
173 173 172 235/746
140 174 174 388/985
140 174 173 65/653
141 174 174 149/373
141 174 173 33/310
142 174 174 383/946
142 174 173 22/205
143 174 174 73/178
143 174 173 51/446
144 174 174 404/973
144 174 173 83/724
145 174 174 371/883
145 174 173 121/993
146 174 174 337/793
146 174 173 13/107
147 174 174 409/952
147 174 173 126/977
148 174 174 379/873
148 174 173 89/696
149 174 174 303/691
149 174 173 84/619
150 174 174 85/192
150 174 173 124/927
151 174 174 277/620
151 174 173 131/922
152 174 174 425/943
152 174 173 75/539
153 174 174 454/999
153 174 173 145/979
154 174 174 153/334
154 174 173 127/882
155 174 174 6/13
155 174 173 2/13
156 174 174 331/712
156 174 173 98/661
157 174 174 447/955
157 174 173 134/841
158 174 174 383/813
158 174 173 12/79
159 174 174 255/538
159 174 173 149/905
160 174 174 389/816
160 174 173 63/407
161 174 174 220/459
161 174 173 167/983
162 174 174 343/712
162 174 173 45/287
163 174 174 288/595
163 174 173 166/947
164 174 174 211/434
164 174 173 93/590
165 174 174 227/465
165 174 173 139/767
166 174 174 221/451
166 174 173 29/185
167 174 174 386/785
167 174 173 75/398
168 174 174 110/223
168 174 173 32/209
169 174 174 418/845
169 174 173 138/695
170 174 174 61/123
170 174 173 143/992
171 174 174 84/169
171 174 173 11/51
172 174 174 374/751
172 174 173 107/871
173 174 174 211/423
173 174 173 139/550
174 174 174 483/967
174 174 173 40/631
125 175 175 316/983
125 175 174 199/959
126 175 175 120/371
126 175 174 58/271
127 175 175 287/878
127 175 174 103/469
128 175 175 95/289
128 175 174 155/686
129 175 175 183/551
129 175 174 65/281
130 175 175 236/707
130 175 174 147/619
131 175 175 320/949
131 175 174 74/305
132 175 175 21/62
132 175 174 45/181
133 175 175 13/38
133 175 174 161/635
134 175 175 317/923
134 175 174 235/906
135 175 175 171/493
135 175 174 164/621
136 175 175 245/704
136 175 174 75/278
137 175 175 265/754
137 175 174 257/937
138 175 175 314/891
138 175 174 68/243
139 175 175 352/989
139 175 174 77/271
140 175 175 265/743
140 175 174 161/556
141 175 175 165/458
141 175 174 195/664
142 175 175 320/887
142 175 174 241/806
143 175 175 347/952
143 175 174 103/340
144 175 175 120/329
144 175 174 143/464
145 175 175 341/925
145 175 174 297/952
146 175 175 209/567
146 175 174 157/495
147 175 175 249/668
147 175 174 291/907
148 175 175 89/239
148 175 174 297/911
149 175 175 127/337
149 175 174 325/986
150 175 175 296/787
150 175 174 301/899
151 175 175 285/748
151 175 174 244/721
152 175 175 177/466
152 175 174 243/707
153 175 175 42/109
153 175 174 74/213
154 175 175 206/537
154 175 174 295/836
155 175 175 317/813
155 175 174 91/255
156 175 175 355/916
156 175 174 219/604
157 175 175 126/319
157 175 174 297/809
158 175 175 67/171
158 175 174 296/793
159 175 175 378/943
159 175 174 25/66
160 175 175 94/237
160 175 174 337/874
161 175 175 193/473
161 175 174 11/28
162 175 175 336/835
162 175 174 127/317
163 175 175 220/527
163 175 174 141/343
164 175 175 384/937
164 175 174 95/226
165 175 175 352/817
165 175 174 252/577
166 175 175 353/840
166 175 174 352/785
167 175 175 253/560
167 175 174 236/495
168 175 175 103/236
168 175 174 391/794
169 175 175 217/444
169 175 174 408/745
170 175 175 333/716
170 175 174 392/687
171 175 175 433/827
171 175 174 419/694
172 175 175 379/788
172 175 174 617/969
173 175 175 665/998
173 175 174 229/263
174 175 175 495/838
174 175 174 501/521
175 175 175 471/872
175 175 174 382/875
94 176 176 37/282
94 176 175 27/580
95 176 176 95/709
95 176 175 8/169
96 176 176 131/957
96 176 175 35/727
97 176 176 49/351
97 176 175 47/961
98 176 176 48/337
98 176 175 49/986
99 176 176 28/193
99 176 175 40/793
100 176 176 89/602
100 176 175 19/371
101 176 176 91/605
101 176 175 51/982
102 176 176 113/738
102 176 175 47/892
103 176 176 115/739
103 176 175 51/955
104 176 176 69/436
104 176 175 36/665
105 176 176 94/585
105 176 175 46/839
106 176 176 8/49
106 176 175 1/18
107 176 176 105/634
107 176 175 52/925
108 176 176 134/797
108 176 175 7/123
109 176 176 144/845
109 176 175 27/469
110 176 176 79/457
110 176 175 6/103
111 176 176 170/971
111 176 175 56/951
112 176 176 115/648
112 176 175 29/487
113 176 176 155/863
113 176 175 50/831
114 176 176 141/775
114 176 175 9/148
115 176 176 23/125
115 176 175 46/749
116 176 176 19/102
116 176 175 17/274
117 176 176 93/494
117 176 175 61/974
118 176 176 4/21
118 176 175 16/253
119 176 176 187/972
119 176 175 58/909
120 176 176 57/293
120 176 175 55/854
121 176 176 141/718
121 176 175 53/816
122 176 176 26/131
122 176 175 27/412
123 176 176 166/829
123 176 175 51/772
124 176 176 195/964
124 176 175 66/991
125 176 176 185/907
125 176 175 28/417
126 176 176 83/403
126 176 175 57/842
127 176 176 192/925
127 176 175 68/997
128 176 176 172/821
128 176 175 51/742
129 176 176 153/725
129 176 175 67/968
130 176 176 211/991
130 176 175 53/760
131 176 176 176/821
131 176 175 41/584
132 176 176 8/37
132 176 175 64/905
133 176 176 99/455
133 176 175 59/829
134 176 176 188/857
134 176 175 43/600
135 176 176 126/571
135 176 175 68/943
136 176 176 129/580
136 176 175 40/551
137 176 176 195/872
137 176 175 62/849
138 176 176 169/750
138 176 175 43/585
139 176 176 89/393
139 176 175 19/257
140 176 176 60/263
140 176 175 43/578
141 176 176 223/973
141 176 175 41/548
142 176 176 229/992
142 176 175 74/983
143 176 176 35/151
143 176 175 19/251
144 176 176 95/407
144 176 175 53/696
145 176 176 220/939
145 176 175 17/222
146 176 176 205/869
146 176 175 58/753
147 176 176 40/169
147 176 175 11/142
148 176 176 163/684
148 176 175 6/77
149 176 176 239/1000
149 176 175 33/421
150 176 176 199/827
150 176 175 19/241
151 176 176 117/485
151 176 175 58/731
152 176 176 77/317
152 176 175 66/827
153 176 176 37/152
153 176 175 34/423
154 176 176 240/979
154 176 175 49/606
155 176 176 181/737
155 176 175 49/601
156 176 176 239/966
156 176 175 79/963
157 176 176 28/113
157 176 175 44/531
158 176 176 249/997
158 176 175 83/995
159 176 176 1/4
159 176 175 80/947
160 176 176 193/765
160 176 175 85/999
161 176 176 143/566
161 176 175 83/959
162 176 176 247/968
162 176 175 13/149
163 176 176 214/837
163 176 175 37/414
164 176 176 171/661
164 176 175 59/654
165 176 176 27/104
165 176 175 88/941
166 176 176 49/186
166 176 175 89/941
167 176 176 211/795
167 176 175 56/559
168 176 176 125/462
168 176 175 82/807
169 176 176 177/643
169 176 175 35/312
170 176 176 239/845
170 176 175 4/35
171 176 176 283/957
171 176 175 61/443
172 176 176 303/983
172 176 175 12/85
173 176 176 321/973
173 176 175 107/973
174 176 176 391/877
174 176 175 284/715
175 176 176 187/401
175 176 175 378/865
176 176 176 117/199
176 176 175 22/269
