# UNIF(n=117,lo,hi): D_ren + dipoles; lines "lo hi level amplitude" for the corrected intervals
98 98 98 24/563
98 98 97 -1/432
99 99 99 76/999
99 99 98 -1/595
100 100 100 59/660
100 100 99 54/767
101 101 101 70/717
101 101 100 5/907
102 102 102 108/965
102 102 101 95/966
103 103 103 82/671
103 103 102 11/864
104 104 104 93/689
104 104 103 79/638
103 105 105 74/977
103 105 104 -11/548
105 105 105 148/975
105 105 104 7/346
104 106 106 134/911
104 106 105 141/989
106 106 106 90/553
106 106 105 137/900
103 107 107 126/905
103 107 106 11/711
105 107 107 57/767
105 107 106 -31/888
107 107 107 140/737
107 107 106 14/493
104 108 108 147/809
104 108 107 182/925
106 108 108 176/879
106 108 107 185/859
107 108 108 5/24
107 108 107 319/910
108 108 108 1/5
108 108 107 101/536
103 109 109 48/253
103 109 108 37/987
105 109 109 107/507
105 109 108 45/988
106 109 109 211/957
106 109 108 65/612
107 109 109 178/777
107 109 108 5/106
108 109 109 167/705
108 109 108 112/851
109 109 109 45/563
109 109 108 -6/83
102 110 110 38/467
102 110 109 -9/962
104 110 110 1/4
104 110 109 38/125
105 110 110 211/822
105 110 109 365/948
106 110 110 97/369
106 110 109 176/557
107 110 110 29/108
107 110 109 281/664
108 110 110 76/987
108 110 109 -41/685
109 110 110 1/41
109 110 109 -8/583
110 110 110 85/978
110 110 109 -5/61
101 111 111 29/109
101 111 110 43/634
102 111 111 85/309
102 111 110 89/912
103 111 111 241/850
103 111 110 76/989
104 111 111 44/151
104 111 110 103/910
105 111 111 293/981
105 111 110 8/97
106 111 111 233/763
106 111 110 61/471
107 111 111 309/992
107 111 110 45/541
108 111 111 311/981
108 111 110 139/934
109 111 111 274/851
109 111 110 75/994
110 111 111 249/763
110 111 110 90/509
111 111 111 103/312
111 111 110 37/747
98 112 112 49/141
98 112 111 275/601
99 112 112 101/286
99 112 111 481/977
100 112 112 347/968
100 112 111 292/613
101 112 112 229/630
101 112 111 501/971
102 112 112 271/736
102 112 111 262/533
103 112 112 313/840
103 112 111 529/982
104 112 112 191/507
104 112 111 308/613
105 112 112 43/113
105 112 111 114/203
106 112 112 351/914
106 112 111 371/731
107 112 112 297/767
107 112 111 541/922
108 112 112 71/182
108 112 111 498/989
109 112 112 355/904
109 112 111 205/331
110 112 112 299/757
110 112 111 381/790
111 112 112 55/141
111 112 111 31/47
112 112 112 34/267
112 112 111 -1/8
92 113 113 373/946
92 113 112 50/491
93 113 113 358/889
93 113 112 95/937
94 113 113 145/353
94 113 112 66/575
95 113 113 249/595
95 113 112 103/915
96 113 113 135/317
96 113 112 93/733
97 113 113 100/231
97 113 112 117/955
98 113 113 433/985
98 113 112 55/398
99 113 113 33/74
99 113 112 83/633
100 113 113 301/666
100 113 112 71/477
101 113 113 448/979
101 113 112 47/340
102 113 113 281/607
102 113 112 115/723
103 113 113 226/483
103 113 112 143/996
104 113 113 327/692
104 113 112 100/591
105 113 113 247/518
105 113 112 39/266
106 113 113 463/963
106 113 112 137/761
107 113 113 481/993
107 113 112 104/711
108 113 113 296/607
108 113 112 141/730
109 113 113 26/53
109 113 112 134/957
110 113 113 467/947
110 113 112 161/757
111 113 113 481/971
111 113 112 65/538
112 113 113 453/911
112 113 112 165/656
113 113 113 415/832
113 113 112 54/859
82 114 114 315/979
82 114 113 132/617
83 114 114 279/860
83 114 113 50/223
84 114 114 207/626
84 114 113 228/979
85 114 114 258/775
85 114 113 93/383
86 114 114 210/619
86 114 113 233/928
87 114 114 207/607
87 114 113 67/257
88 114 114 334/961
88 114 113 148/551
89 114 114 278/797
89 114 113 169/608
90 114 114 287/807
90 114 113 285/998
91 114 114 305/856
91 114 113 201/682
92 114 114 361/993
92 114 113 281/930
93 114 114 361/993
93 114 113 220/707
94 114 114 295/794
94 114 113 317/995
95 114 114 251/677
95 114 113 324/989
96 114 114 314/827
96 114 113 289/862
97 114 114 48/127
97 114 113 280/813
98 114 114 40/103
98 114 113 121/343
99 114 114 365/947
99 114 113 167/461
100 114 114 41/103
100 114 113 16/43
101 114 114 98/249
101 114 113 125/327
102 114 114 59/144
102 114 113 314/795
103 114 114 52/129
103 114 113 358/881
104 114 114 156/367
104 114 113 409/963
105 114 114 287/691
105 114 113 39/89
106 114 114 184/411
106 114 113 457/976
107 114 114 343/792
107 114 113 467/962
108 114 114 296/609
108 114 113 303/559
109 114 114 419/905
109 114 113 171/302
110 114 114 512/981
110 114 113 440/733
111 114 114 439/915
111 114 113 633/998
112 114 114 287/431
112 114 113 675/776
113 114 114 575/974
113 114 113 713/742
114 114 114 27/50
114 114 113 380/871
62 115 115 109/815
62 115 114 47/988
63 115 115 135/977
63 115 114 27/553
64 115 115 32/225
64 115 114 1/20
65 115 115 143/976
65 115 114 41/801
66 115 115 134/891
66 115 114 43/822
67 115 115 17/110
67 115 114 27/505
68 115 115 69/436
68 115 114 3/55
69 115 115 117/721
69 115 114 27/485
70 115 115 163/983
70 115 114 19/335
71 115 115 28/165
71 115 114 43/744
72 115 115 9/52
72 115 114 1/17
73 115 115 119/673
73 115 114 55/919
74 115 115 128/711
74 115 114 34/559
75 115 115 128/697
75 115 114 23/372
76 115 115 157/841
76 115 114 44/701
77 115 115 89/468
77 115 114 29/455
78 115 115 61/316
78 115 114 32/495
79 115 115 153/779
79 115 114 4/61
80 115 115 133/668
80 115 114 65/978
81 115 115 86/425
81 115 114 45/668
82 115 115 185/903
82 115 114 41/601
83 115 115 192/923
83 115 114 55/796
84 115 115 203/965
84 115 114 10/143
85 115 115 191/895
85 115 114 31/438
86 115 115 155/719
86 115 114 29/405
87 115 115 158/723
87 115 114 26/359
88 115 115 159/721
88 115 114 66/901
89 115 115 208/931
89 115 114 73/986
90 115 115 25/111
90 115 114 54/721
91 115 115 226/991
91 115 114 61/806
92 115 115 215/936
92 115 114 33/431
93 115 115 196/843
93 115 114 14/181
94 115 115 157/671
94 115 114 61/779
95 115 115 121/511
95 115 114 45/569
96 115 115 5/21
96 115 114 55/686
97 115 115 147/610
97 115 114 20/247
98 115 115 240/991
98 115 114 13/158
99 115 115 140/571
99 115 114 63/758
100 115 115 117/475
100 115 114 34/401
101 115 115 142/569
101 115 114 85/992
102 115 115 167/666
102 115 114 80/909
103 115 115 173/680
103 115 114 30/337
104 115 115 54/211
104 115 114 53/573
105 115 115 158/607
105 115 114 70/747
106 115 115 247/940
106 115 114 18/181
107 115 115 208/775
107 115 114 10/99
108 115 115 253/925
108 115 114 107/958
109 115 115 217/771
109 115 114 50/439
110 115 115 160/543
110 115 114 18/131
111 115 115 107/348
111 115 114 117/830
112 115 115 307/932
112 115 114 93/847
113 115 115 189/424
113 115 114 253/636
114 115 115 7/15
114 115 114 107/245
115 115 115 344/585
115 115 114 62/759
