# UNIF(n=128,lo,hi): D_ren + dipoles; lines "lo hi level amplitude" for the corrected intervals
108 108 108 41/645
108 108 107 -3/802
109 109 109 37/911
109 109 108 -5/719
110 110 110 51/623
110 110 109 2/777
111 111 111 19/202
111 111 110 43/553
112 112 112 19/186
112 112 111 7/790
113 113 113 65/563
113 113 112 79/760
114 114 114 51/406
114 114 113 7/458
113 115 115 83/742
113 115 114 20/211
115 115 115 122/891
115 115 114 44/347
114 116 116 39/560
114 116 115 -17/734
116 116 116 118/765
116 116 115 15/679
115 117 117 46/301
115 117 116 129/850
117 117 117 32/195
117 117 116 77/499
114 118 118 10/67
114 118 117 23/991
116 118 118 39/557
116 118 117 -33/889
118 118 118 32/167
118 118 117 23/775
115 119 119 185/982
115 119 118 197/949
117 119 119 169/829
117 119 118 202/913
118 119 119 115/546
118 119 118 79/223
119 119 119 85/423
119 119 118 171/901
114 120 120 123/616
114 120 119 23/507
116 120 120 107/492
116 120 119 4/79
117 120 120 16/71
117 120 119 82/745
118 120 120 223/959
118 120 119 26/521
119 120 120 60/251
119 120 119 2/15
120 120 120 67/847
120 120 119 -4/55
113 121 121 37/474
113 121 120 -17/948
114 121 121 56/977
114 121 120 -6/935
115 121 121 98/383
115 121 120 186/593
116 121 121 74/283
116 121 120 11/28
117 121 121 4/15
117 121 120 48/149
118 121 121 54/199
118 121 120 418/977
119 121 121 33/433
119 121 120 -32/517
120 121 121 19/795
120 121 120 -10/667
121 121 121 73/842
121 121 120 -80/969
110 122 122 233/894
110 122 121 38/559
111 122 122 109/405
111 122 121 47/510
112 122 122 125/451
112 122 121 77/1000
113 122 122 281/987
113 122 121 86/815
114 122 122 283/970
114 122 121 68/813
115 122 122 71/238
115 122 121 39/328
116 122 122 270/887
116 122 121 79/906
117 122 122 301/971
117 122 121 2/15
118 122 122 311/987
118 122 121 28/325
119 122 122 180/563
119 122 121 29/192
120 122 122 148/457
120 122 121 73/948
121 122 122 318/971
121 122 121 8/45
122 122 122 206/623
122 122 121 49/981
107 123 123 309/893
107 123 122 208/459
108 123 123 157/447
108 123 122 356/737
109 123 123 239/671
109 123 122 209/443
110 123 123 310/859
110 123 122 252/499
111 123 123 255/698
111 123 122 334/685
112 123 123 177/479
112 123 122 356/677
113 123 123 121/324
113 123 122 1/2
114 123 123 66/175
114 123 122 379/694
115 123 123 94/247
115 123 122 407/800
116 123 123 373/972
116 123 122 513/905
117 123 123 29/75
117 123 122 108/211
118 123 123 146/375
118 123 122 435/737
119 123 123 389/993
119 123 122 407/804
120 123 123 336/853
120 123 122 379/610
121 123 123 340/859
121 123 122 133/275
122 123 123 91/233
122 123 122 628/951
123 123 123 291/839
123 123 122 197/627
101 124 124 327/824
101 124 123 97/913
102 124 124 237/586
102 124 123 57/538
103 124 124 7/17
103 124 123 37/315
104 124 124 183/437
104 124 123 69/596
105 124 124 277/651
105 124 123 43/336
106 124 124 384/889
106 124 123 41/329
107 124 124 361/824
107 124 123 98/711
108 124 124 424/955
108 124 123 49/370
109 124 124 156/347
109 124 123 143/972
110 124 124 383/842
110 124 123 69/496
111 124 124 235/511
111 124 123 114/731
112 124 124 407/876
112 124 123 138/955
113 124 124 144/307
113 124 123 116/705
114 124 124 468/989
114 124 123 128/863
115 124 124 385/807
115 124 123 162/935
116 124 124 410/853
116 124 123 149/993
117 124 124 377/779
117 124 123 111/607
118 124 124 467/959
118 124 123 89/599
119 124 124 451/921
119 124 123 132/677
120 124 124 281/571
120 124 123 14/99
121 124 124 345/698
121 124 123 181/847
122 124 124 449/905
122 124 123 113/930
123 124 124 217/436
123 124 123 163/647
124 124 124 249/499
124 124 123 29/460
90 125 125 253/783
90 125 124 154/723
91 125 125 45/137
91 125 124 109/493
92 125 125 207/626
92 125 124 193/838
93 125 125 247/735
93 125 124 149/626
94 125 125 197/583
94 125 124 121/490
95 125 125 57/166
95 125 124 89/350
96 125 125 339/983
96 125 124 188/715
97 125 125 266/759
97 125 124 115/426
98 125 125 58/165
98 125 124 233/837
99 125 125 119/333
99 125 124 270/947
100 125 125 160/447
100 125 124 291/992
101 125 125 339/931
101 125 124 230/767
102 125 125 307/843
102 125 124 251/815
103 125 125 56/151
103 125 124 238/757
104 125 125 167/451
104 125 124 168/521
105 125 125 88/233
105 125 124 25/76
106 125 125 137/364
106 125 124 241/715
107 125 125 157/408
107 125 124 239/695
108 125 125 334/873
108 125 124 199/565
109 125 125 389/991
109 125 124 299/831
110 125 125 381/979
110 125 124 265/719
111 125 125 230/573
111 125 124 122/323
112 125 125 228/575
112 125 124 91/235
113 125 125 134/325
113 125 124 355/889
114 125 125 182/449
114 125 124 372/907
115 125 125 272/637
115 125 124 101/236
116 125 125 334/801
116 125 124 310/703
117 125 125 335/746
117 125 124 463/984
118 125 125 33/76
118 125 124 481/987
119 125 125 373/766
119 125 124 443/815
120 125 125 83/179
120 125 124 383/675
121 125 125 93/178
121 125 124 98/163
122 125 125 109/227
122 125 124 407/641
123 125 125 343/515
123 125 124 87/100
124 125 125 571/967
124 125 124 643/669
125 125 125 209/387
125 125 124 24/55
68 126 126 131/988
68 126 125 44/933
69 126 126 109/799
69 126 125 43/891
70 126 126 117/833
70 126 125 4/81
71 126 126 16/111
71 126 125 40/793
72 126 126 61/412
72 126 125 32/621
73 126 126 146/963
73 126 125 36/685
74 126 126 23/148
74 126 125 26/485
75 126 126 155/976
75 126 125 54/989
76 126 126 149/917
76 126 125 47/845
77 126 126 121/730
77 126 125 43/760
78 126 126 32/189
78 126 125 27/469
79 126 126 169/980
79 126 125 52/889
80 126 126 35/199
80 126 125 28/471
81 126 126 22/123
81 126 125 7/116
82 126 126 88/483
82 126 125 59/963
83 126 126 89/481
83 126 125 21/338
84 126 126 125/664
84 126 125 15/238
85 126 126 135/707
85 126 125 53/830
86 126 126 98/505
86 126 125 51/788
87 126 126 58/295
87 126 125 65/992
88 126 126 105/526
88 126 125 29/437
89 126 126 20/99
89 126 125 66/983
90 126 126 133/649
90 126 125 53/780
91 126 126 75/362
91 126 125 65/946
92 126 126 21/100
92 126 125 64/921
93 126 126 7/33
93 126 125 46/655
94 126 126 55/256
94 126 125 23/324
95 126 126 173/798
95 126 125 71/990
96 126 126 88/401
96 126 125 71/980
97 126 126 177/800
97 126 125 3/41
98 126 126 199/889
98 126 125 47/636
99 126 126 23/102
99 126 125 5/67
100 126 126 122/535
100 126 125 73/969
101 126 126 185/806
101 126 125 7/92
102 126 126 42/181
102 126 125 45/586
103 126 126 144/617
103 126 125 71/915
104 126 126 205/869
104 126 125 75/958
105 126 126 170/717
105 126 125 65/821
106 126 126 81/338
106 126 125 79/989
107 126 126 162/673
107 126 125 47/581
108 126 126 201/826
108 126 125 4/49
109 126 126 161/659
109 126 125 15/181
110 126 126 85/344
110 126 125 45/538
111 126 126 219/883
111 126 125 70/821
112 126 126 235/936
112 126 125 75/871
113 126 126 152/603
113 126 125 19/215
114 126 126 241/943
114 126 125 57/638
115 126 126 65/253
115 126 125 77/830
116 126 126 252/965
116 126 125 76/809
117 126 126 259/983
117 126 125 28/281
118 126 126 241/896
118 126 125 26/257
119 126 126 257/938
119 126 125 35/313
120 126 126 259/919
120 126 125 57/500
121 126 126 105/356
121 126 125 106/771
122 126 126 4/13
122 126 125 11/78
123 126 126 318/965
123 126 125 106/965
124 126 126 411/922
124 126 125 101/254
125 126 126 272/583
125 126 125 325/744
126 126 126 451/767
126 126 125 55/673
