# UNIF(n=129,lo,hi): D_ren + dipoles; lines "lo hi level amplitude" for the corrected intervals
109 109 109 59/920
109 109 108 -3/748
110 110 110 20/499
110 110 109 -1/144
111 111 111 27/328
111 111 110 1/425
112 112 112 83/879
112 112 111 79/998
113 113 113 86/839
113 113 112 7/806
114 114 114 3/26
114 114 113 81/776
115 115 115 89/707
115 115 114 1/66
114 116 116 107/951
114 116 115 15/154
116 116 116 74/541
116 116 115 8/63
115 117 117 59/847
115 117 116 -13/544
117 117 117 40/259
117 117 116 21/955
116 118 118 124/809
116 118 117 116/755
118 118 118 92/561
118 118 117 141/913
115 119 119 149/993
115 119 118 17/747
117 119 119 68/971
117 119 118 -30/797
119 119 119 79/412
119 119 118 23/777
116 120 120 133/704
116 120 119 195/929
118 120 120 69/338
118 120 119 176/791
119 120 120 160/759
119 120 119 158/445
120 120 120 185/921
120 120 119 176/927
115 121 121 88/439
115 121 120 39/869
117 121 121 80/367
117 121 120 47/934
118 121 121 100/443
118 121 120 19/173
119 121 121 193/829
119 121 120 47/945
120 121 121 61/255
120 121 120 77/578
121 121 121 39/493
121 121 120 -26/357
114 122 122 40/519
114 122 121 -17/951
115 122 122 44/779
115 122 121 -1/157
116 122 122 91/355
116 122 121 284/899
117 122 122 138/527
117 122 121 208/527
118 122 122 130/487
118 122 121 166/513
119 122 122 129/475
119 122 121 175/408
120 122 122 68/895
120 122 121 -44/711
121 122 122 10/421
121 122 121 -11/734
122 122 122 81/935
122 122 121 -80/969
111 123 123 206/787
111 123 122 37/551
112 123 123 265/981
112 123 122 16/175
113 123 123 243/874
113 123 122 41/537
114 123 123 157/550
114 123 122 19/181
115 123 123 50/171
115 123 122 83/998
116 123 123 289/967
116 123 122 57/481
117 123 123 107/351
117 123 122 84/967
118 123 123 9/29
118 123 122 64/481
119 123 123 281/891
119 123 122 74/861
120 123 123 175/547
120 123 122 51/338
121 123 123 266/821
121 123 122 1/13
122 123 123 19/58
122 123 122 161/906
123 123 123 293/886
123 123 122 41/821
108 124 124 94/271
108 124 123 383/836
109 124 124 239/679
109 124 123 391/802
110 124 124 91/255
110 124 123 364/765
111 124 124 291/805
111 124 123 502/987
112 124 124 356/973
112 124 123 213/434
113 124 124 360/973
113 124 123 452/855
114 124 124 289/773
114 124 123 481/957
115 124 124 208/551
115 124 123 415/757
116 124 124 219/575
116 124 123 218/427
117 124 124 48/125
117 124 123 79/139
118 124 124 277/716
118 124 123 255/497
119 124 124 178/457
119 124 123 175/296
120 124 124 270/689
120 124 123 109/215
121 124 124 197/500
121 124 123 199/320
122 124 124 211/533
122 124 123 409/845
123 124 124 230/589
123 124 123 632/957
124 124 124 36/283
124 124 123 -119/950
101 125 125 302/773
101 125 124 10/107
102 125 125 359/901
102 125 124 61/583
103 125 125 192/473
103 125 124 61/584
104 125 125 397/961
104 125 124 109/939
105 125 125 344/819
105 125 124 15/131
106 125 125 413/968
106 125 124 114/899
107 125 125 391/903
107 125 124 107/866
108 125 125 263/599
108 125 124 111/811
109 125 125 367/825
109 125 124 128/973
110 125 125 322/715
110 125 124 6/41
111 125 125 364/799
111 125 124 40/289
112 125 125 309/671
112 125 124 89/573
113 125 125 247/531
113 125 124 113/785
114 125 125 131/279
114 125 124 157/957
115 125 125 413/872
115 125 124 88/595
116 125 125 476/997
116 125 124 134/775
117 125 125 442/919
117 125 124 143/955
118 125 125 475/981
118 125 124 166/909
119 125 125 474/973
119 125 124 96/647
120 125 125 410/837
120 125 124 188/965
121 125 125 349/709
121 125 124 116/821
122 125 125 482/975
122 125 124 135/632
123 125 125 456/919
123 125 124 64/527
124 125 125 441/886
124 125 124 133/528
125 125 125 253/507
125 125 124 15/238
91 126 126 288/895
91 126 125 217/997
92 126 126 89/272
92 126 125 168/745
93 126 126 313/950
93 126 125 34/145
94 126 126 70/209
94 126 125 158/653
95 126 126 32/95
95 126 125 191/762
96 126 126 101/295
96 126 125 240/931
97 126 126 141/410
97 126 125 242/909
98 126 126 165/472
98 126 125 157/575
99 126 126 128/365
99 126 125 281/999
100 126 126 317/889
100 126 125 196/681
101 126 126 329/921
101 126 125 279/943
102 126 126 185/509
102 126 125 301/996
103 126 126 361/993
103 126 125 107/345
104 126 126 324/875
104 126 125 81/256
105 126 126 291/787
105 126 125 323/996
106 126 126 364/965
106 126 125 41/124
107 126 126 303/806
107 126 125 278/821
108 126 126 138/359
108 126 125 279/808
109 126 126 86/225
109 126 125 76/215
110 126 126 171/436
110 126 125 135/374
111 126 126 7/18
111 126 125 231/625
112 126 126 71/177
112 126 125 326/861
113 126 126 235/593
113 126 125 383/987
114 126 126 143/347
114 126 125 2/5
115 126 126 47/116
115 126 125 145/353
116 126 126 248/581
116 126 125 3/7
117 126 126 381/914
117 126 125 162/367
118 126 126 321/715
118 126 125 413/877
119 126 126 425/979
119 126 125 454/931
120 126 126 204/419
120 126 125 180/331
121 126 126 427/921
121 126 125 466/821
122 126 126 198/379
122 126 125 264/439
123 126 126 387/806
123 126 125 569/896
124 126 126 349/524
124 126 125 67/77
125 126 126 532/901
125 126 125 915/952
126 126 126 263/487
126 126 125 24/55
68 127 127 16/121
68 127 126 4/85
69 127 127 121/888
69 127 126 45/934
70 127 127 97/693
70 127 126 49/995
71 127 127 20/139
71 127 126 15/298
72 127 127 87/590
72 127 126 49/954
73 127 127 18/119
73 127 126 51/973
74 127 127 28/181
74 127 126 18/337
75 127 127 156/985
75 127 126 27/496
76 127 127 27/167
76 127 126 39/704
77 127 127 58/351
77 127 126 49/869
78 127 127 113/671
78 127 126 38/663
79 127 127 171/995
79 127 126 25/429
80 127 127 39/223
80 127 126 10/169
81 127 127 167/937
81 127 126 47/782
82 127 127 117/646
82 127 126 57/935
83 127 127 139/754
83 127 126 61/986
84 127 127 29/155
84 127 126 58/925
85 127 127 109/573
85 127 126 63/991
86 127 127 156/809
86 127 126 15/233
87 127 127 104/531
87 127 126 3/46
88 127 127 189/953
88 127 126 33/500
89 127 127 161/800
89 127 126 30/449
90 127 127 194/953
90 127 126 5/74
91 127 127 187/906
91 127 126 62/907
92 127 127 141/676
92 127 126 55/796
93 127 127 209/989
93 127 126 54/773
94 127 127 131/614
94 127 126 65/921
95 127 127 89/412
95 127 126 46/645
96 127 127 185/849
96 127 126 69/958
97 127 127 71/322
97 127 126 71/976
98 127 127 2/9
98 127 126 70/953
99 127 127 118/525
99 127 126 68/917
100 127 127 189/835
100 127 126 14/187
101 127 127 173/756
101 127 126 64/847
102 127 127 178/773
102 127 126 47/616
103 127 127 155/666
103 127 126 77/1000
104 127 127 227/970
104 127 126 71/913
105 127 127 35/148
105 127 126 75/956
106 127 127 173/728
106 127 126 28/353
107 127 127 140/583
107 127 126 2/25
108 127 127 191/792
108 127 126 73/901
109 127 127 39/160
109 127 126 47/575
110 127 127 23/94
110 127 126 77/928
111 127 127 24/97
111 127 126 52/621
112 127 127 184/741
112 127 126 46/539
113 127 127 142/565
113 127 126 58/673
114 127 127 137/543
114 127 126 13/147
115 127 127 111/434
115 127 126 43/481
116 127 127 136/529
116 127 126 84/905
117 127 127 191/731
117 127 126 25/266
118 127 127 63/239
118 127 126 31/311
119 127 127 194/721
119 127 126 93/919
120 127 127 242/883
120 127 126 17/152
121 127 127 179/635
121 127 126 109/956
122 127 127 218/739
122 127 126 11/80
123 127 127 4/13
123 127 126 11/78
124 127 127 233/707
124 127 126 97/883
125 127 127 37/83
125 127 126 233/586
126 127 127 258/553
126 127 126 159/364
127 127 127 451/767
127 127 126 59/722
