# UNIF(n=46,lo,hi): D_ren + dipoles; lines "lo hi level amplitude" for the corrected intervals
36 36 36 75/559
36 36 35 -3/466
37 37 37 62/349
37 37 36 115/797
38 38 38 16/153
38 38 37 -26/477
39 39 39 19/196
39 39 38 -35/543
38 40 40 168/649
38 40 39 19/557
40 40 40 114/365
40 40 39 37/977
37 41 41 243/725
37 41 40 226/583
39 41 41 29/79
39 41 40 224/529
40 41 41 357/943
40 41 40 464/731
41 41 41 14/41
41 41 40 227/750
36 42 42 233/586
36 42 41 11/127
37 42 42 406/969
37 42 41 27/185
38 42 42 177/404
38 42 41 21/202
39 42 42 369/811
39 42 41 179/960
40 42 42 286/609
40 42 41 43/417
41 42 42 415/861
41 42 41 121/502
42 42 42 125/254
42 42 41 25/429
33 43 43 131/350
33 43 42 55/182
34 43 43 169/454
34 43 42 121/362
35 43 43 282/685
35 43 42 352/923
36 43 43 274/679
36 43 42 193/466
37 43 43 231/500
37 43 42 198/409
38 43 43 441/992
38 43 42 349/669
39 43 43 382/753
39 43 42 555/982
40 43 43 23/49
40 43 42 432/709
41 43 43 565/854
41 43 42 713/830
42 43 43 529/900
42 43 42 692/725
43 43 43 533/989
43 43 42 382/881
25 44 44 102/733
25 44 43 51/968
26 44 44 85/562
26 44 43 51/910
27 44 44 143/887
27 44 43 51/853
28 44 44 142/823
28 44 43 9/143
29 44 44 181/997
29 44 43 34/509
30 44 44 153/796
30 44 43 3/43
31 44 44 108/539
31 44 43 43/581
32 44 44 207/983
32 44 43 71/924
33 44 44 190/871
33 44 43 41/500
34 44 44 193/846
34 44 43 49/578
35 44 44 228/967
35 44 43 8/87
36 44 44 111/451
36 44 43 86/907
37 44 44 81/317
37 44 43 59/553
38 44 44 259/969
38 44 43 85/773
39 44 44 241/849
39 44 43 25/186
40 44 44 299/998
40 44 43 34/245
41 44 44 323/996
41 44 43 4/37
42 44 44 206/463
42 44 43 187/463
43 44 44 410/873
43 44 43 103/237
44 44 44 255/433
44 44 43 39/482
