# UNIF(n=105,lo,hi): D_ren + dipoles; lines "lo hi level amplitude" for the corrected intervals
87 87 87 5/74
87 87 86 -1/139
88 88 88 38/827
88 88 87 -6/983
89 89 89 91/1000
89 89 88 1/850
90 90 90 89/834
90 90 89 44/493
91 91 91 15/128
91 91 90 1/106
92 92 92 75/566
92 92 91 106/887
93 93 93 147/992
93 93 92 11/617
92 94 94 118/851
92 94 93 115/902
94 94 94 105/652
94 94 93 131/878
93 95 95 19/237
93 95 94 -18/577
95 95 95 3/16
95 95 94 21/785
92 96 96 171/995
92 96 95 22/123
94 96 96 160/821
94 96 95 131/637
96 96 96 119/598
96 96 95 149/799
93 97 97 178/883
93 97 96 8/205
95 97 97 181/808
95 97 96 10/229
96 97 97 197/843
96 97 96 11/85
97 97 97 80/987
97 97 96 -38/531
92 98 98 97/402
92 98 97 276/959
94 98 98 202/785
94 98 97 125/409
95 98 98 106/401
95 98 97 410/987
96 98 98 78/995
96 98 97 -52/911
97 98 98 22/871
97 98 97 -11/917
98 98 98 51/584
98 98 97 -72/887
91 99 99 19/70
91 99 98 41/601
92 99 99 205/729
92 99 98 77/727
93 99 99 283/975
93 99 98 64/837
94 99 99 295/988
94 99 98 93/746
95 99 99 203/663
95 99 98 47/592
96 99 99 139/444
96 99 98 113/774
97 99 99 309/968
97 99 98 51/694
98 99 99 137/422
98 99 98 167/951
99 99 99 193/586
99 99 98 43/878
88 100 100 54/155
88 100 99 327/716
89 100 100 161/454
89 100 99 191/383
90 100 100 208/577
90 100 99 274/575
91 100 100 228/623
91 100 99 194/369
92 100 100 331/892
92 100 99 488/993
93 100 100 351/934
93 100 99 385/697
94 100 100 203/534
94 100 99 1/2
95 100 100 179/466
95 100 99 223/384
96 100 100 183/472
96 100 99 439/880
97 100 100 224/573
97 100 99 380/617
98 100 100 202/513
98 100 99 394/821
99 100 100 319/819
99 100 99 241/366
100 100 100 82/643
100 100 99 -38/305
83 101 101 61/153
83 101 100 95/974
84 101 101 166/407
84 101 100 6/53
85 101 101 412/989
85 101 100 63/572
86 101 101 283/666
86 101 100 116/913
87 101 101 335/774
87 101 100 63/520
88 101 101 188/427
88 101 100 139/993
89 101 101 242/541
89 101 100 3/23
90 101 101 202/445
90 101 100 65/427
91 101 101 398/865
91 101 100 87/632
92 101 101 157/337
92 101 100 65/396
93 101 101 90/191
93 101 100 79/555
94 101 101 289/607
94 101 100 3/17
95 101 101 260/541
95 101 100 115/802
96 101 101 142/293
96 101 100 46/241
97 101 101 333/682
97 101 100 82/593
98 101 101 144/293
98 101 100 100/473
99 101 101 472/955
99 101 100 119/992
100 101 101 291/586
100 101 100 185/737
101 101 101 167/335
101 101 100 55/878
74 102 102 119/366
74 102 101 23/104
75 102 102 79/241
75 102 101 205/881
76 102 102 298/889
76 102 101 8/33
77 102 102 85/252
77 102 101 71/280
78 102 102 208/603
78 102 101 163/620
79 102 102 221/638
79 102 101 101/369
80 102 102 28/79
80 102 101 95/336
81 102 102 293/825
81 102 101 188/641
82 102 102 215/591
82 102 101 236/781
83 102 102 4/11
83 102 101 221/707
84 102 102 53/142
84 102 101 265/824
85 102 102 371/997
85 102 101 253/762
86 102 102 77/201
86 102 101 289/846
87 102 102 292/767
87 102 101 211/599
88 102 102 141/358
88 102 101 288/793
89 102 102 269/690
89 102 101 76/203
90 102 102 302/743
90 102 101 26/67
91 102 102 301/752
91 102 101 227/567
92 102 102 295/698
92 102 101 339/808
93 102 102 274/663
93 102 101 59/136
94 102 102 326/731
94 102 101 282/607
95 102 102 319/739
95 102 101 316/655
96 102 102 257/530
96 102 101 497/921
97 102 102 317/686
97 102 101 535/948
98 102 102 479/919
98 102 101 197/329
99 102 102 428/893
99 102 101 347/548
100 102 102 231/347
100 102 101 353/406
101 102 102 193/327
101 102 101 927/965
102 102 102 534/989
102 102 101 345/791
55 103 103 129/985
55 103 102 35/746
56 103 103 131/966
56 103 102 25/518
57 103 103 26/185
57 103 102 27/544
58 103 103 39/269
58 103 102 41/805
59 103 103 143/955
59 103 102 29/555
60 103 103 93/604
60 103 102 42/785
61 103 103 88/555
61 103 102 39/712
62 103 103 113/695
62 103 102 22/393
63 103 103 82/491
63 103 102 52/909
64 103 103 130/761
64 103 102 15/257
65 103 103 163/931
65 103 102 34/571
66 103 103 52/291
66 103 102 33/544
67 103 103 172/941
67 103 102 11/178
68 103 103 89/478
68 103 102 21/334
69 103 103 158/831
69 103 102 49/766
70 103 103 139/719
70 103 102 55/846
71 103 103 178/903
71 103 102 22/333
72 103 103 1/5
72 103 102 65/969
73 103 103 76/373
73 103 102 54/793
74 103 103 19/92
74 103 102 59/854
75 103 103 209/995
75 103 102 70/999
76 103 103 27/127
76 103 102 67/943
77 103 103 151/699
77 103 102 9/125
78 103 103 157/719
78 103 102 10/137
79 103 103 92/415
79 103 102 17/230
80 103 103 203/907
80 103 102 55/734
81 103 103 213/938
81 103 102 43/567
82 103 103 169/738
82 103 102 1/13
83 103 103 183/788
83 103 102 20/257
84 103 103 62/265
84 103 102 55/696
85 103 103 116/489
85 103 102 43/538
86 103 103 181/758
86 103 102 78/959
87 103 103 77/318
87 103 102 45/547
88 103 103 238/977
88 103 102 10/119
89 103 103 152/615
89 103 102 21/247
90 103 103 228/917
90 103 102 66/755
91 103 103 172/681
91 103 102 57/644
92 103 103 249/979
92 103 102 73/793
93 103 103 123/475
93 103 102 7/75
94 103 103 163/623
94 103 102 80/807
95 103 103 249/931
95 103 102 27/268
96 103 103 3/11
96 103 102 67/601
97 103 103 248/883
97 103 102 82/721
98 103 103 193/656
98 103 102 109/794
99 103 103 43/140
99 103 102 71/504
100 103 103 53/161
100 103 102 53/483
101 103 103 427/958
101 103 102 41/103
102 103 103 302/647
102 103 102 410/939
103 103 103 217/369
103 103 102 81/992
