# UNIF(n=199,lo,hi): D_ren + dipoles; lines "lo hi level amplitude" for the corrected intervals
172 172 172 13/436
172 172 171 -1/762
173 173 173 17/333
173 173 172 -1/659
174 174 174 27/902
174 174 173 -2/359
175 175 175 59/961
175 175 174 1/481
176 176 176 27/886
176 176 175 -7/705
177 177 177 67/923
177 177 176 1/176
178 178 178 18/571
178 178 177 -9/622
179 179 179 13/153
179 179 178 8/857
180 180 180 87/937
180 180 179 57/668
179 181 181 70/961
179 181 180 1/1000
181 181 181 83/838
181 181 180 5/381
180 182 182 41/473
180 182 181 31/421
182 182 182 80/753
182 182 181 79/792
181 183 183 13/137
181 183 182 7/747
183 183 183 95/822
183 183 182 10/583
182 184 184 17/155
182 184 183 98/937
184 184 184 5/41
184 184 183 27/233
181 185 185 101/990
181 185 184 11/943
183 185 185 77/642
183 185 184 16/869
185 185 185 30/221
185 185 184 19/880
182 186 186 71/578
182 186 185 91/730
184 186 186 77/564
184 186 185 134/957
186 186 186 129/911
186 186 185 21/155
181 187 187 47/387
181 187 186 17/844
183 187 187 81/593
183 187 186 13/503
185 187 187 19/356
185 187 186 -33/965
187 187 187 142/879
187 187 186 25/937
182 188 188 134/899
182 188 187 132/799
184 188 188 86/537
184 188 187 145/817
186 188 188 71/418
186 188 187 31/169
187 188 188 27/155
187 188 187 127/433
188 188 188 128/765
188 188 187 157/979
181 189 189 131/841
181 189 188 11/310
183 189 189 19/113
183 189 188 35/872
184 189 189 61/351
184 189 188 7/87
185 189 189 142/793
185 189 188 13/308
186 189 189 85/462
186 189 188 79/844
187 189 189 27/461
187 189 188 -40/889
188 189 189 11/702
188 189 188 -5/709
189 189 189 125/636
189 189 188 19/579
180 190 190 161/881
180 190 189 177/808
182 190 190 5/26
182 190 189 201/866
183 190 190 167/849
183 190 189 94/325
184 190 190 195/971
184 190 189 214/887
185 190 190 35/171
185 190 189 275/882
186 190 190 131/629
186 190 189 13/53
187 190 190 157/742
187 190 189 69/205
188 190 190 85/396
188 190 189 226/935
189 190 190 207/952
189 190 189 47/128
190 190 190 150/739
190 190 189 43/222
179 191 191 94/469
179 191 190 29/534
180 191 191 118/573
180 191 190 64/831
181 191 191 193/914
181 191 190 47/790
182 191 191 51/236
182 191 190 59/683
183 191 191 185/838
183 191 190 27/428
184 191 191 197/875
184 191 190 29/302
185 191 191 196/855
185 191 190 31/480
186 191 191 55/236
186 191 190 79/741
187 191 191 216/913
187 191 190 57/904
188 191 191 171/713
188 191 190 119/996
189 191 191 59/243
189 191 190 34/601
190 191 191 163/664
190 191 190 136/989
191 191 191 1/13
191 191 190 -69/929
176 192 192 52/699
176 192 191 -4/413
177 192 192 63/968
177 192 191 -5/796
178 192 192 37/520
178 192 191 -7/389
179 192 192 25/413
179 192 191 -5/392
180 192 192 67/978
180 192 191 -23/890
181 192 192 43/767
181 192 191 -17/931
182 192 192 37/556
182 192 191 -1/30
183 192 192 27/524
183 192 191 -20/883
184 192 192 59/901
184 192 191 -29/713
185 192 192 7/150
185 192 191 -23/896
186 192 192 184/673
186 192 191 341/980
187 192 192 260/943
187 192 191 329/782
188 192 192 227/817
188 192 191 235/683
189 192 192 54/193
189 192 191 443/997
190 192 192 38/519
190 192 191 -7/104
191 192 192 21/953
191 192 191 -13/708
192 192 192 83/967
192 192 191 -53/630
171 193 193 161/626
171 193 192 65/938
172 193 193 243/925
172 193 192 62/769
173 193 193 145/541
173 193 192 59/773
174 193 193 180/659
174 193 192 45/508
175 193 193 223/802
175 193 192 10/121
176 193 193 151/534
176 193 192 5/52
177 193 193 235/818
177 193 192 62/703
178 193 193 177/607
178 193 192 79/764
179 193 193 131/443
179 193 192 81/872
180 193 193 80/267
180 193 192 73/661
181 193 193 300/989
181 193 192 54/559
182 193 193 112/365
182 193 192 95/809
183 193 193 58/187
183 193 192 11/111
184 193 193 229/731
184 193 192 95/762
185 193 193 43/136
185 193 192 1/10
186 193 193 103/323
186 193 192 41/309
187 193 193 314/977
187 193 192 7/71
188 193 193 56/173
188 193 192 59/414
189 193 193 231/709
189 193 192 7/75
190 193 193 175/534
190 193 192 127/812
191 193 193 309/938
191 193 192 70/867
192 193 193 229/692
192 193 192 159/883
193 193 193 301/906
193 193 192 5/98
166 194 194 340/989
166 194 193 440/963
167 194 194 259/746
167 194 193 74/157
168 194 194 252/719
168 194 193 31/66
169 194 194 197/557
169 194 193 334/689
170 194 194 345/967
170 194 193 261/542
171 194 194 59/164
171 194 193 491/987
172 194 194 33/91
172 194 193 293/595
173 194 194 205/561
173 194 193 429/842
174 194 194 293/796
174 194 193 326/649
175 194 194 96/259
175 194 193 361/693
176 194 194 372/997
176 194 193 23/45
177 194 194 98/261
177 194 193 510/959
178 194 194 363/961
178 194 193 471/908
179 194 194 253/666
179 194 193 186/343
180 194 194 131/343
180 194 193 21/40
181 194 194 157/409
181 194 193 405/733
182 194 194 302/783
182 194 193 107/202
183 194 194 191/493
183 194 193 479/851
184 194 194 135/347
184 194 193 115/216
185 194 194 323/827
185 194 193 435/758
186 194 194 176/449
186 194 193 181/340
187 194 194 129/328
187 194 193 105/179
188 194 194 43/109
188 194 193 273/517
189 194 194 36/91
189 194 193 567/940
190 194 194 163/411
190 194 193 143/277
191 194 194 316/795
191 194 193 613/975
192 194 194 92/231
192 194 193 477/976
193 194 194 56/143
193 194 193 485/732
194 194 194 69/544
194 194 193 -123/976
157 195 195 212/535
157 195 194 91/914
158 195 195 343/855
158 195 194 36/341
159 195 195 259/638
159 195 194 8/75
160 195 195 85/207
160 195 194 100/887
161 195 195 93/224
161 195 194 72/635
162 195 195 368/877
162 195 194 113/945
163 195 195 365/861
163 195 194 91/760
164 195 195 408/953
164 195 194 102/809
165 195 195 51/118
165 195 194 111/883
166 195 195 427/979
166 195 194 25/189
167 195 195 11/25
167 195 194 107/815
168 195 195 343/773
168 195 194 130/941
169 195 195 344/769
169 195 194 58/425
170 195 195 55/122
170 195 194 47/327
171 195 195 233/513
171 195 194 25/177
172 195 195 446/975
172 195 194 69/463
173 195 195 257/558
173 195 194 145/996
174 195 195 261/563
174 195 194 108/701
175 195 195 341/731
175 195 194 139/930
176 195 195 229/488
176 195 194 17/107
177 195 195 395/837
177 195 194 129/844
178 195 195 288/607
178 195 194 112/685
179 195 195 423/887
179 195 194 125/803
180 195 195 380/793
180 195 194 143/851
181 195 195 349/725
181 195 194 131/830
182 195 195 482/997
182 195 194 34/197
183 195 195 133/274
183 195 194 124/779
184 195 195 477/979
184 195 194 127/716
185 195 195 376/769
185 195 194 158/991
186 195 195 389/793
186 195 194 157/859
187 195 195 185/376
187 195 194 150/949
188 195 195 410/831
188 195 194 123/649
189 195 195 46/93
189 195 194 83/539
190 195 195 233/470
190 195 194 107/537
191 195 195 382/769
191 195 194 34/235
192 195 195 421/846
192 195 194 164/759
193 195 195 156/313
193 195 194 122/991
194 195 195 264/529
194 195 194 241/953
195 195 195 499/999
195 195 194 29/457
140 196 196 183/572
140 196 195 180/859
141 196 196 149/463
141 196 195 48/223
142 196 196 51/157
142 196 195 203/922
143 196 196 178/545
143 196 195 100/443
144 196 196 206/625
144 196 195 62/269
145 196 196 317/957
145 196 195 46/195
146 196 196 126/377
146 196 195 208/865
147 196 196 140/417
147 196 195 101/411
148 196 196 274/809
148 196 195 250/999
149 196 196 286/841
149 196 195 121/474
150 196 196 59/172
150 196 195 219/844
151 196 196 21/61
151 196 195 114/431
152 196 196 25/72
152 196 195 221/823
153 196 196 31/89
153 196 195 248/907
154 196 196 176/501
154 196 195 94/339
155 196 196 205/582
155 196 195 244/865
156 196 196 308/867
156 196 195 2/7
157 196 196 293/823
157 196 195 271/933
158 196 196 330/919
158 196 195 127/432
159 196 196 132/367
159 196 195 169/566
160 196 196 324/893
160 196 195 247/818
161 196 196 312/859
161 196 195 293/956
162 196 196 188/513
162 196 195 118/381
163 196 196 356/971
163 196 195 268/853
164 196 196 299/808
164 196 195 145/457
165 196 196 212/573
165 196 195 194/603
166 196 196 99/265
166 196 195 88/271
167 196 196 346/927
167 196 195 105/319
168 196 196 313/830
168 196 195 265/798
169 196 196 355/943
169 196 195 35/104
170 196 196 311/817
170 196 195 37/109
171 196 196 377/993
171 196 195 140/407
172 196 196 98/255
172 196 195 17/49
173 196 196 358/935
173 196 195 340/967
174 196 196 262/675
174 196 195 94/265
175 196 196 353/914
175 196 195 105/292
176 196 196 377/961
176 196 195 163/449
177 196 196 357/916
177 196 195 197/535
178 196 196 131/330
178 196 195 322/865
179 196 196 37/94
179 196 195 178/471
180 196 196 293/728
180 196 195 18/47
181 196 196 166/417
181 196 195 95/244
182 196 196 386/943
182 196 195 376/949
183 196 196 228/565
183 196 195 337/835
184 196 196 136/325
184 196 195 357/863
185 196 196 338/823
185 196 195 243/575
186 196 196 265/614
186 196 195 93/212
187 196 196 125/297
187 196 195 410/911
188 196 196 166/367
188 196 195 175/366
189 196 196 308/705
189 196 195 307/622
190 196 196 381/779
190 196 195 209/381
191 196 196 450/967
191 196 195 569/996
192 196 196 11/21
192 196 195 478/791
193 196 196 344/715
193 196 195 151/237
194 196 196 665/998
194 196 195 452/519
195 196 196 446/755
195 196 195 427/444
196 196 196 491/909
196 196 195 427/978
105 197 197 107/809
105 197 196 19/406
106 197 197 109/809
106 197 196 18/379
107 197 197 67/488
107 197 196 47/975
108 197 197 127/909
108 197 196 46/941
109 197 197 32/225
109 197 196 47/948
110 197 197 12/83
110 197 196 41/816
111 197 197 146/993
111 197 196 41/805
112 197 197 125/837
112 197 196 49/950
113 197 197 39/257
113 197 196 43/823
114 197 197 79/513
114 197 196 11/208
115 197 197 139/889
115 197 196 28/523
116 197 197 153/965
116 197 196 28/517
117 197 197 83/516
117 197 196 4/73
118 197 197 155/951
118 197 196 41/740
119 197 197 58/351
119 197 196 46/821
120 197 197 128/765
120 197 196 56/989
121 197 197 168/991
121 197 196 36/629
122 197 197 170/991
122 197 196 47/813
123 197 197 107/616
123 197 196 58/993
124 197 197 166/945
124 197 196 47/797
125 197 197 8/45
125 197 196 43/722
126 197 197 122/679
126 197 196 47/782
127 197 197 181/996
127 197 196 27/445
128 197 197 123/670
128 197 196 59/964
129 197 197 152/819
129 197 196 21/340
130 197 197 98/523
130 197 196 53/851
131 197 197 167/882
131 197 196 12/191
132 197 197 167/874
132 197 196 62/979
133 197 197 193/1000
133 197 196 44/689
134 197 197 124/637
134 197 196 50/777
135 197 197 34/173
135 197 196 53/817
136 197 197 171/863
136 197 196 56/857
137 197 197 1/5
137 197 196 43/653
138 197 197 53/263
138 197 196 62/935
139 197 197 197/969
139 197 196 32/479
140 197 197 94/459
140 197 196 23/342
141 197 197 196/949
141 197 196 55/812
142 197 197 162/779
142 197 196 67/983
143 197 197 126/601
143 197 196 65/947
144 197 197 180/853
144 197 196 52/753
145 197 197 198/931
145 197 196 13/187
146 197 197 150/701
146 197 196 63/901
147 197 197 177/821
147 197 196 62/881
148 197 197 85/392
148 197 196 23/325
149 197 197 140/641
149 197 196 68/955
150 197 197 139/633
150 197 196 63/880
151 197 197 157/710
151 197 196 35/486
152 197 197 2/9
152 197 196 59/815
153 197 197 49/219
153 197 196 64/879
154 197 197 194/863
154 197 196 3/41
155 197 197 205/906
155 197 196 61/829
156 197 197 5/22
156 197 196 61/825
157 197 197 51/223
157 197 196 31/417
158 197 197 107/466
158 197 196 67/897
159 197 197 67/290
159 197 196 63/839
160 197 197 16/69
160 197 196 39/517
161 197 197 150/643
161 197 196 69/910
162 197 197 224/957
162 197 196 39/512
163 197 197 182/773
163 197 196 16/209
164 197 197 226/957
164 197 196 1/13
165 197 197 181/762
165 197 196 16/207
166 197 197 156/655
166 197 196 49/631
167 197 197 235/981
167 197 196 70/897
168 197 197 176/733
168 197 196 77/982
169 197 197 64/265
169 197 196 74/939
170 197 197 68/281
170 197 196 77/972
171 197 197 37/152
171 197 196 41/515
172 197 197 168/689
172 197 196 49/612
173 197 197 183/746
173 197 196 61/758
174 197 197 127/517
174 197 196 26/321
175 197 197 243/983
175 197 196 57/700
176 197 197 49/198
176 197 196 16/195
177 197 197 72/289
177 197 196 42/509
178 197 197 97/389
178 197 196 1/12
179 197 197 213/848
179 197 196 74/883
180 197 197 91/362
180 197 196 80/943
181 197 197 129/509
181 197 196 79/925
182 197 197 69/272
182 197 196 31/357
183 197 197 158/617
183 197 196 7/80
184 197 197 208/811
184 197 196 31/346
185 197 197 214/825
185 197 196 49/542
186 197 197 191/734
186 197 196 46/491
187 197 197 123/466
187 197 196 79/834
188 197 197 256/963
188 197 196 67/668
189 197 197 68/251
189 197 196 101/993
190 197 197 62/225
190 197 196 87/775
191 197 197 229/809
191 197 196 114/997
192 197 197 187/632
192 197 196 77/559
193 197 197 247/801
193 197 196 135/956
194 197 197 197/597
194 197 196 109/991
195 197 197 247/554
195 197 196 357/899
196 197 197 408/875
196 197 196 288/659
197 197 197 555/944
197 197 196 31/379
