# UNIF(n=256,lo,hi): D_ren + dipoles; lines "lo hi level amplitude" for the corrected intervals
224 224 224 13/337
224 224 223 -2/763
225 225 225 27/625
225 225 224 18/635
226 226 226 33/722
226 226 225 0
227 227 227 23/905
227 227 226 -3/544
228 228 228 37/695
228 228 227 2/797
229 229 229 23/891
229 229 228 -5/581
230 230 230 61/995
230 230 229 1/197
231 231 231 24/905
231 231 230 -11/931
232 232 232 15/214
232 232 231 1/130
233 233 233 17/616
233 233 232 -5/329
234 234 234 65/814
234 234 233 3/289
233 235 235 8/227
233 235 234 -1/350
235 235 235 16/549
235 235 234 -18/955
234 236 236 71/995
234 236 235 1/217
236 236 236 1/11
236 236 235 10/757
235 237 237 35/986
235 237 236 -6/667
237 237 237 67/695
237 237 236 53/580
236 238 238 58/659
236 238 237 4/373
238 238 238 19/183
238 238 237 13/800
235 239 239 35/869
235 239 238 -1/344
237 239 239 19/192
237 239 238 11/116
239 239 239 87/800
239 239 238 80/769
236 240 240 73/786
236 240 239 1/81
238 240 240 97/908
238 240 239 17/987
240 240 240 76/637
240 240 239 1/51
237 241 241 5/123
237 241 240 -11/967
239 241 241 5/42
239 241 240 81/670
241 241 241 109/880
241 241 240 23/193
236 242 242 97/914
236 242 241 1/55
238 242 242 37/313
238 242 241 19/848
240 242 242 4/31
240 242 241 12/491
242 242 242 83/599
242 242 241 8/341
235 243 243 35/303
235 243 242 92/755
237 243 243 94/747
237 243 242 105/773
239 243 243 5/37
239 243 242 118/807
241 243 243 115/802
241 243 242 144/947
242 243 243 113/768
242 243 242 117/473
243 243 243 140/979
243 243 242 135/979
236 244 244 101/782
236 244 243 20/699
238 244 244 40/287
238 244 243 12/373
240 244 244 15/101
240 244 243 11/325
241 244 244 91/596
241 244 243 75/941
242 244 244 11/226
242 244 243 -23/620
243 244 244 120/749
243 244 243 43/467
244 244 244 97/593
244 244 243 3/107
235 245 245 70/479
235 245 244 127/753
237 245 245 36/233
237 245 244 124/689
239 245 245 146/901
239 245 244 61/324
240 245 245 165/997
240 245 244 246/971
241 245 245 95/563
241 245 244 122/633
242 245 245 157/914
242 245 244 65/237
243 245 245 11/63
243 245 244 179/933
244 245 245 14/79
244 245 244 247/827
245 245 245 121/719
245 245 244 47/290
234 246 246 83/533
234 246 245 4/99
236 246 246 16/97
236 246 245 11/247
237 246 246 11/65
237 246 245 69/979
238 246 246 74/427
238 246 245 12/253
239 246 246 169/954
239 246 245 73/928
240 246 246 173/957
240 246 245 29/595
241 246 246 156/847
241 246 245 33/377
242 246 246 86/459
242 246 245 47/982
243 246 246 63/331
243 246 245 85/868
244 246 246 52/941
244 246 245 -45/956
245 246 246 13/958
245 246 245 -2/239
246 246 246 19/96
246 246 245 27/800
233 247 247 179/968
233 247 246 174/763
234 247 247 23/122
234 247 246 134/513
235 247 247 67/349
235 247 246 95/398
236 247 247 33/169
236 247 246 205/741
237 247 247 173/872
237 247 246 231/934
238 247 247 59/293
238 247 246 101/346
239 247 247 186/911
239 247 246 253/998
240 247 247 91/440
240 247 246 242/787
241 247 247 9/43
241 247 246 39/152
242 247 247 131/619
242 247 246 313/965
243 247 247 189/884
243 247 246 121/474
244 247 247 71/329
244 247 246 169/491
245 247 247 37/170
245 247 246 237/959
246 247 247 211/962
246 247 246 285/769
247 247 247 34/167
247 247 246 172/883
230 248 248 148/753
230 248 247 38/679
231 248 248 179/891
231 248 247 24/343
232 248 248 97/473
232 248 247 15/247
233 248 248 175/837
233 248 247 13/170
234 248 248 211/991
234 248 247 57/880
235 248 248 128/591
235 248 247 55/664
236 248 248 57/259
236 248 247 65/956
237 248 248 21/94
237 248 247 75/841
238 248 248 215/949
238 248 247 62/883
239 248 248 115/501
239 248 247 9/94
240 248 248 79/340
240 248 247 56/787
241 248 248 231/983
241 248 247 82/797
242 248 248 90/379
242 248 247 9/128
243 248 248 211/880
243 248 247 68/611
244 248 248 112/463
244 248 247 48/719
245 248 248 149/611
245 248 247 107/875
246 248 248 113/460
246 248 247 13/222
247 248 248 68/275
247 248 247 29/209
248 248 248 9/118
248 248 247 -64/857
227 249 249 71/970
227 249 248 -6/637
228 249 249 11/164
228 249 248 -1/128
229 249 249 67/951
229 249 248 -13/836
230 249 249 55/863
230 249 248 -13/998
231 249 249 37/544
231 249 248 -6/281
232 249 249 19/314
232 249 248 -5/282
233 249 249 64/971
233 249 248 -21/782
234 249 249 7/122
234 249 248 -10/457
235 249 249 50/779
235 249 248 -20/623
236 249 249 54/995
236 249 248 -22/865
237 249 249 48/763
237 249 248 -11/296
238 249 249 30/587
238 249 248 -26/919
239 249 249 38/611
239 249 248 -29/688
240 249 249 37/775
240 249 248 -1/33
241 249 249 29/466
241 249 248 -25/529
242 249 249 13/296
242 249 248 -1/32
243 249 249 214/769
243 249 248 347/972
244 249 249 245/876
244 249 248 354/827
245 249 249 93/331
245 249 248 113/323
246 249 249 248/879
246 249 248 223/497
247 249 249 51/704
247 249 248 -27/392
248 249 249 18/835
248 249 248 -7/362
249 249 249 47/549
249 249 248 -79/934
222 250 250 165/623
222 250 249 53/691
223 250 250 32/119
223 250 249 83/982
224 250 250 218/799
224 250 249 71/867
225 250 250 96/347
225 250 249 58/643
226 250 250 224/799
226 250 249 69/796
227 250 250 249/877
227 250 249 94/983
228 250 250 198/689
228 250 249 55/604
229 250 250 25/86
229 250 249 87/863
230 250 250 169/575
230 250 249 55/579
231 250 250 297/1000
231 250 249 53/501
232 250 250 3/10
232 250 249 82/833
233 250 250 43/142
233 250 249 97/877
234 250 250 304/995
234 250 249 15/148
235 250 250 261/847
235 250 249 82/711
236 250 250 114/367
236 250 249 37/357
237 250 250 241/770
237 250 249 67/558
238 250 250 296/939
238 250 249 63/599
239 250 250 311/980
239 250 249 1/8
240 250 250 312/977
240 250 249 24/227
241 250 250 168/523
241 250 249 130/997
242 250 250 52/161
242 250 249 47/448
243 250 250 273/841
243 250 249 55/402
244 250 250 181/555
244 250 249 51/500
245 250 250 169/516
245 250 249 112/771
246 250 250 193/587
246 250 249 74/775
247 250 250 227/688
247 250 249 143/905
248 250 250 327/988
248 250 249 60/733
249 250 250 76/229
249 250 249 139/769
250 250 250 166/499
250 250 249 48/935
213 251 251 118/345
213 251 250 279/616
214 251 251 323/937
214 251 250 218/471
215 251 251 281/809
215 251 250 19/41
216 251 251 183/523
216 251 250 170/359
217 251 251 154/437
217 251 250 471/995
218 251 251 11/31
218 251 250 432/893
219 251 251 354/991
219 251 250 14/29
220 251 251 270/751
220 251 250 419/849
221 251 251 123/340
221 251 250 439/893
222 251 251 107/294
222 251 250 444/883
223 251 251 343/937
223 251 250 1/2
224 251 251 194/527
224 251 250 503/983
225 251 251 161/435
225 251 250 337/664
226 251 251 173/465
226 251 250 271/521
227 251 251 43/115
227 251 250 247/480
228 251 251 198/527
228 251 250 234/443
229 251 251 77/204
229 251 250 211/405
230 251 251 356/939
230 251 250 179/334
231 251 251 257/675
231 251 250 365/693
232 251 251 177/463
232 251 250 351/646
233 251 251 246/641
233 251 250 42/79
234 251 251 203/527
234 251 250 305/554
235 251 251 46/119
235 251 250 532/993
236 251 251 313/807
236 251 250 503/902
237 251 251 107/275
237 251 250 118/219
238 251 251 377/966
238 251 250 135/239
239 251 251 272/695
239 251 250 153/283
240 251 251 31/79
240 251 250 545/952
241 251 251 369/938
241 251 250 126/233
242 251 251 97/246
242 251 250 43/74
243 251 251 49/124
243 251 250 7/13
244 251 251 352/889
244 251 250 529/894
245 251 251 215/542
245 251 250 33/62
246 251 251 329/828
246 251 250 37/61
247 251 251 271/681
247 251 250 234/451
248 251 251 210/527
248 251 250 601/953
249 251 251 306/767
249 251 250 197/402
250 251 251 350/893
250 251 250 191/288
251 251 251 336/967
251 251 250 206/653
201 252 252 392/999
201 252 251 53/529
202 252 252 128/323
202 252 251 43/423
203 252 252 399/997
203 252 251 47/444
204 252 252 21/52
204 252 251 107/999
205 252 252 130/319
205 252 251 59/530
206 252 252 303/737
206 252 251 111/988
207 252 252 396/955
207 252 251 71/609
208 252 252 120/287
208 252 251 77/656
209 252 252 341/809
209 252 251 59/485
210 252 252 308/725
210 252 251 38/311
211 252 252 369/862
211 252 251 73/577
212 252 252 69/160
212 252 251 98/773
213 252 252 397/914
213 252 251 53/404
214 252 252 241/551
214 252 251 8/61
215 252 252 203/461
215 252 251 97/715
216 252 252 367/828
216 252 251 23/170
217 252 252 277/621
217 252 251 55/393
218 252 252 206/459
218 252 251 131/941
219 252 252 107/237
219 252 251 69/479
220 252 252 89/196
220 252 251 1/7
221 252 252 421/922
221 252 251 91/615
222 252 252 359/782
222 252 251 6/41
223 252 252 461/999
223 252 251 71/468
224 252 252 365/787
224 252 251 118/789
225 252 252 295/633
225 252 251 141/908
226 252 252 464/991
226 252 251 149/977
227 252 252 404/859
227 252 251 103/649
228 252 252 205/434
228 252 251 151/973
229 252 252 397/837
229 252 251 75/463
230 252 252 10/21
230 252 251 107/679
231 252 252 87/182
231 252 251 127/769
232 252 252 83/173
232 252 251 19/119
233 252 252 480/997
233 252 251 161/957
234 252 252 57/118
234 252 251 51/316
235 252 252 393/811
235 252 251 99/578
236 252 252 331/681
236 252 251 130/799
237 252 252 427/876
237 252 251 83/476
238 252 252 87/178
238 252 251 43/263
239 252 252 466/951
239 252 251 27/152
240 252 252 418/851
240 252 251 161/984
241 252 252 479/973
241 252 251 118/651
242 252 252 37/75
242 252 251 7/43
243 252 252 433/876
243 252 251 163/878
244 252 252 257/519
244 252 251 13/81
245 252 252 62/125
245 252 251 163/851
246 252 252 153/308
246 252 251 148/951
247 252 252 484/973
247 252 251 73/364
248 252 252 127/255
248 252 251 133/913
249 252 252 349/700
249 252 251 142/655
250 252 252 259/519
250 252 251 11/89
251 252 252 437/875
251 252 251 20/79
252 252 252 1/2
252 252 251 11/173
179 253 253 229/719
179 253 252 53/262
180 253 253 233/728
180 253 252 166/803
181 253 253 320/993
181 253 252 75/356
182 253 253 304/939
182 253 252 63/293
183 253 253 44/135
183 253 252 209/955
184 253 253 237/724
184 253 252 141/632
185 253 253 315/956
185 253 252 181/798
186 253 253 89/269
186 253 252 85/368
187 253 253 317/952
187 253 252 213/908
188 253 253 119/356
188 253 252 184/771
189 253 253 221/657
189 253 252 208/859
190 253 253 317/939
190 253 252 127/516
191 253 253 107/315
191 253 252 249/998
192 253 253 288/845
192 253 252 56/221
193 253 253 215/627
193 253 252 241/939
194 253 253 97/282
194 253 252 255/979
195 253 253 336/971
195 253 252 121/459
196 253 253 169/487
196 253 252 235/879
197 253 253 133/381
197 253 252 199/736
198 253 253 7/20
198 253 252 248/905
199 253 253 301/855
199 253 252 149/538
200 253 253 277/785
200 253 252 232/827
201 253 253 126/355
201 253 252 17/60
202 253 253 154/433
202 253 252 181/631
203 253 253 259/724
203 253 252 227/784
204 253 253 167/466
204 253 252 167/570
205 253 253 31/86
205 253 252 60/203
206 253 253 361/1000
206 253 252 255/853
207 253 253 321/884
207 253 252 85/282
208 253 253 361/993
208 253 252 302/991
209 253 253 64/175
209 253 252 203/661
210 253 253 362/989
210 253 252 266/857
211 253 253 109/296
211 253 252 131/419
212 253 253 7/19
212 253 252 175/554
213 253 253 119/321
213 253 252 215/676
214 253 253 307/828
214 253 252 195/607
215 253 253 353/946
215 253 252 323/999
216 253 253 335/898
216 253 252 319/977
217 253 253 347/924
217 253 252 317/965
218 253 253 331/882
218 253 252 67/202
219 253 253 243/643
219 253 252 333/998
220 253 253 305/808
220 253 252 292/867
221 253 253 27/71
221 253 252 276/815
222 253 253 317/835
222 253 252 40/117
223 253 253 137/358
223 253 252 243/707
224 253 253 344/901
224 253 252 347/1000
225 253 253 347/901
225 253 252 15/43
226 253 253 230/599
226 253 252 230/653
227 253 253 107/276
227 253 252 199/562
228 253 253 319/826
228 253 252 211/590
229 253 253 130/333
229 253 252 114/317
230 253 253 176/453
230 253 252 238/655
231 253 253 367/933
231 253 252 359/982
232 253 253 287/734
232 253 252 248/671
233 253 253 361/910
233 253 252 284/763
234 253 253 341/866
234 253 252 29/77
235 253 253 379/946
235 253 252 155/408
236 253 253 285/718
236 253 252 127/330
237 253 253 371/915
237 253 252 253/650
238 253 253 105/262
238 253 252 203/514
239 253 253 408/991
239 253 252 67/167
240 253 253 402/991
240 253 252 51/125
241 253 253 240/571
241 253 252 319/764
242 253 253 181/439
242 253 252 187/439
243 253 253 407/940
243 253 252 427/967
244 253 253 379/898
244 253 252 262/579
245 253 253 364/803
245 253 252 303/631
246 253 253 295/674
246 253 252 365/737
247 253 253 477/974
247 253 252 281/511
248 253 253 423/908
248 253 252 443/774
249 253 253 65/124
249 253 252 495/818
250 253 253 220/457
250 253 252 213/334
251 253 253 2/3
251 253 252 561/644
252 253 253 270/457
252 253 252 328/341
253 253 253 289/535
253 253 252 100/229
135 254 254 122/931
135 254 253 43/927
136 254 254 97/729
136 254 253 10/213
137 254 254 76/563
137 254 253 17/358
138 254 254 133/971
138 254 253 38/791
139 254 254 5/36
139 254 253 17/350
140 254 254 139/987
140 254 253 36/733
141 254 254 126/883
141 254 253 34/685
142 254 254 129/892
142 254 253 44/877
143 254 254 134/915
143 254 253 26/513
144 254 254 143/964
144 254 253 36/703
145 254 254 109/726
145 254 253 50/967
146 254 254 19/125
146 254 253 41/785
147 254 254 137/891
147 254 253 30/569
148 254 254 103/662
148 254 253 14/263
149 254 254 129/820
149 254 253 13/242
150 254 254 151/949
150 254 253 9/166
151 254 254 151/939
151 254 253 53/969
152 254 254 53/326
152 254 253 33/598
153 254 254 45/274
153 254 253 32/575
154 254 254 159/958
154 254 253 27/481
155 254 254 30/179
155 254 253 55/972
156 254 254 75/443
156 254 253 21/368
157 254 254 155/907
157 254 253 31/539
158 254 254 39/226
158 254 253 57/983
159 254 254 109/626
159 254 253 17/291
160 254 254 132/751
160 254 253 58/985
161 254 254 64/361
161 254 253 29/489
162 254 254 39/218
162 254 253 34/569
163 254 254 103/571
163 254 253 55/914
164 254 254 109/599
164 254 253 2/33
165 254 254 177/965
165 254 253 44/721
166 254 254 32/173
166 254 253 59/960
167 254 254 178/955
167 254 253 6/97
168 254 254 171/910
168 254 253 18/289
169 254 254 99/523
169 254 253 22/351
170 254 254 178/933
170 254 253 20/317
171 254 254 83/432
171 254 253 61/961
172 254 254 133/687
172 254 253 26/407
173 254 254 153/785
173 254 253 16/249
174 254 254 118/601
174 254 253 15/232
175 254 254 149/754
175 254 253 29/446
176 254 254 122/613
176 254 253 59/902
177 254 254 156/779
177 254 253 49/745
178 254 254 74/367
178 254 253 43/650
179 254 254 143/705
179 254 253 27/406
180 254 254 39/191
180 254 253 64/957
181 254 254 192/935
181 254 253 57/848
182 254 254 192/929
182 254 253 59/873
183 254 254 197/948
183 254 253 29/427
184 254 254 23/110
184 254 253 17/249
185 254 254 194/923
185 254 253 64/933
186 254 254 48/227
186 254 253 67/972
187 254 254 197/927
187 254 253 57/823
188 254 254 199/931
188 254 253 30/431
189 254 254 32/149
189 254 253 23/329
190 254 254 173/801
190 254 253 17/242
191 254 254 197/908
191 254 253 57/808
192 254 254 125/573
192 254 253 64/903
193 254 254 101/461
193 254 253 19/267
194 254 254 87/395
194 254 253 71/993
195 254 254 23/104
195 254 253 61/850
196 254 254 221/994
196 254 253 63/874
197 254 254 185/829
197 254 253 67/926
198 254 254 109/486
198 254 253 21/289
199 254 254 217/964
199 254 253 59/809
200 254 254 221/977
200 254 253 55/751
201 254 254 143/630
201 254 253 61/830
202 254 254 226/991
202 254 253 29/393
203 254 254 170/743
203 254 253 73/986
204 254 254 214/931
204 254 253 42/565
205 254 254 169/733
205 254 253 49/657
206 254 254 107/462
206 254 253 73/975
207 254 254 36/155
207 254 253 51/679
208 254 254 157/673
208 254 253 72/955
209 254 254 69/295
209 254 253 9/119
210 254 254 144/613
210 254 253 75/988
211 254 254 223/947
211 254 253 15/197
212 254 254 35/148
212 254 253 35/458
213 254 254 187/789
213 254 253 65/848
214 254 254 124/521
214 254 253 1/13
215 254 254 88/369
215 254 253 51/661
216 254 254 91/380
216 254 253 35/452
217 254 254 101/421
217 254 253 73/940
218 254 254 225/934
218 254 253 53/680
219 254 254 173/717
219 254 253 67/857
220 254 254 157/648
220 254 253 63/803
221 254 254 115/474
221 254 253 17/216
222 254 254 153/628
222 254 253 53/671
223 254 254 10/41
223 254 253 76/959
224 254 254 97/396
224 254 253 75/943
225 254 254 89/363
225 254 253 55/689
226 254 254 115/467
226 254 253 77/961
227 254 254 69/280
227 254 253 72/895
228 254 254 177/715
228 254 253 34/421
229 254 254 213/860
229 254 253 43/530
230 254 254 55/221
230 254 253 69/847
231 254 254 235/944
231 254 253 24/293
232 254 254 250/999
232 254 253 71/863
233 254 254 240/959
233 254 253 68/821
234 254 254 187/743
234 254 253 62/745
235 254 254 187/743
235 254 253 23/274
236 254 254 212/837
236 254 253 20/237
237 254 254 135/533
237 254 253 7/82
238 254 254 62/243
238 254 253 59/687
239 254 254 221/866
239 254 253 76/871
240 254 254 26/101
240 254 253 50/569
241 254 254 244/947
241 254 253 58/645
242 254 254 256/983
242 254 253 38/419
243 254 254 194/743
243 254 253 48/511
244 254 254 9/34
244 254 253 15/158
245 254 254 89/334
245 254 253 85/846
246 254 254 269/991
246 254 253 11/108
247 254 254 162/587
247 254 253 79/703
248 254 254 227/801
248 254 253 65/568
249 254 254 284/959
249 254 253 125/907
250 254 254 83/269
250 254 253 38/269
251 254 254 307/930
251 254 253 91/827
252 254 254 313/702
252 254 253 314/791
253 254 254 69/148
253 254 253 66/151
254 254 254 311/529
254 254 253 9/110
