# UNIF(n=182,lo,hi): D_ren + dipoles; lines "lo hi level amplitude" for the corrected intervals
157 157 157 21/659
157 157 156 -1/367
158 158 158 35/613
158 158 157 0
159 159 159 13/405
159 159 158 -7/930
160 160 160 69/1000
160 160 159 3/820
161 161 161 26/791
161 161 160 -6/481
162 162 162 73/890
162 162 161 3/391
163 163 163 50/553
163 163 162 21/260
164 164 164 32/331
164 164 163 8/679
163 165 165 37/459
163 165 164 47/756
165 165 165 71/675
165 165 164 79/809
164 166 166 80/899
164 166 165 5/832
166 166 166 29/255
166 166 165 9/559
165 167 167 98/933
165 167 166 9/94
167 167 167 55/454
167 167 166 113/989
166 168 168 77/667
166 168 167 6/379
168 168 168 97/722
168 168 167 19/914
165 169 169 85/728
165 169 168 62/549
167 169 169 43/323
167 169 168 69/517
169 169 169 131/929
169 169 168 56/417
166 170 170 109/834
166 170 169 7/312
168 170 170 55/991
168 170 169 -10/307
170 170 170 131/816
170 170 169 25/958
165 171 171 89/624
165 171 170 67/439
167 171 171 111/712
167 171 170 34/201
169 171 171 33/197
169 171 170 120/671
170 171 171 148/857
170 171 170 196/675
171 171 171 111/665
171 171 170 153/959
164 172 172 129/877
164 172 171 26/855
166 172 172 147/908
166 172 171 17/466
168 172 172 116/663
168 172 171 33/829
169 172 172 168/929
169 172 171 49/534
170 172 172 48/799
170 172 171 -21/479
171 172 172 7/421
171 172 171 -4/633
172 172 172 161/822
172 172 171 13/401
165 173 173 179/960
165 173 172 13/59
167 173 173 35/178
167 173 172 207/889
168 173 173 65/323
168 173 172 293/961
169 173 173 171/832
169 173 172 47/196
170 173 173 97/463
170 173 172 119/358
171 173 173 149/699
171 173 172 233/976
172 173 173 21/97
172 173 172 259/709
173 173 173 119/587
173 173 172 96/497
162 174 174 160/839
162 174 173 23/474
164 174 174 23/113
164 174 173 36/655
165 174 174 195/931
165 174 173 38/461
166 174 174 103/479
166 174 173 33/553
167 174 174 213/967
167 174 173 65/698
168 174 174 34/151
168 174 173 23/370
169 174 174 17/74
169 174 173 88/841
170 174 174 164/701
170 174 173 61/992
171 174 174 44/185
171 174 173 108/913
172 174 174 7/29
172 174 173 35/628
173 174 174 181/740
173 174 173 10/73
174 174 174 22/285
174 174 173 -73/986
161 175 175 73/971
161 175 174 -5/431
162 175 175 63/982
162 175 174 -3/428
163 175 175 67/934
163 175 174 -7/338
164 175 175 33/560
164 175 174 -12/875
165 175 175 48/695
165 175 174 -13/443
166 175 175 47/875
166 175 174 -7/365
167 175 175 58/861
167 175 174 -32/849
168 175 175 25/518
168 175 174 -19/821
169 175 175 255/941
169 175 174 131/382
170 175 175 121/442
170 175 174 5/12
171 175 175 260/941
171 175 174 151/443
172 175 175 236/847
172 175 174 156/353
173 175 175 40/543
173 175 174 -66/991
174 175 175 16/717
174 175 174 -5/279
175 175 175 79/919
175 175 174 -83/989
158 176 176 260/973
158 176 175 33/434
159 176 176 194/711
159 176 175 41/455
160 176 176 261/938
160 176 175 32/387
161 176 176 176/621
161 176 175 31/315
162 176 176 220/763
162 176 175 83/939
163 176 176 172/587
163 176 175 88/827
164 176 176 257/864
164 176 175 4/43
165 176 176 73/242
165 176 175 113/989
166 176 176 147/481
166 176 175 92/955
167 176 176 116/375
167 176 175 28/229
168 176 176 249/796
168 176 175 24/245
169 176 176 189/598
169 176 175 129/985
170 176 176 283/887
170 176 175 65/669
171 176 176 149/463
171 176 175 27/191
172 176 176 12/37
172 176 175 11/119
173 176 176 81/248
173 176 175 140/899
174 176 176 281/855
174 176 175 59/735
175 176 176 153/463
175 176 175 16/89
176 176 176 84/253
176 176 175 20/393
151 177 177 290/851
151 177 176 435/971
152 177 177 316/917
152 177 176 379/816
153 177 177 225/646
153 177 176 433/936
154 177 177 348/989
154 177 176 226/471
155 177 177 264/743
155 177 176 368/773
156 177 177 326/909
156 177 176 481/973
157 177 177 292/807
157 177 176 251/514
158 177 177 131/359
158 177 176 63/124
159 177 177 238/647
159 177 176 371/743
160 177 177 321/866
160 177 176 433/831
161 177 177 314/841
161 177 176 142/279
162 177 177 353/939
162 177 176 287/538
163 177 177 14/37
163 177 176 333/644
164 177 177 142/373
164 177 176 6/11
165 177 177 188/491
165 177 176 67/128
166 177 177 343/891
166 177 176 515/924
167 177 177 378/977
167 177 176 86/163
168 177 177 255/656
168 177 176 290/509
169 177 177 57/146
169 177 176 486/919
170 177 177 303/773
170 177 176 150/257
171 177 177 275/699
171 177 176 41/78
172 177 177 15/38
172 177 176 573/953
173 177 177 175/442
173 177 176 506/983
174 177 177 264/665
174 177 176 150/239
175 177 177 154/387
175 177 176 365/748
176 177 177 377/963
176 177 176 653/986
177 177 177 133/383
177 177 176 270/857
143 178 178 57/145
143 178 177 55/541
144 178 178 383/961
144 178 177 68/661
145 178 178 21/52
145 178 177 73/666
146 178 178 227/555
146 178 177 107/970
147 178 178 183/442
147 178 177 73/623
148 178 178 390/931
148 178 177 101/861
149 178 178 86/203
149 178 177 73/587
150 178 178 367/857
150 178 177 27/218
151 178 178 45/104
151 178 177 77/587
152 178 178 385/881
152 178 177 23/177
153 178 178 15/34
153 178 177 113/821
154 178 178 65/146
154 178 177 77/568
155 178 178 397/884
155 178 177 23/160
156 178 178 437/965
156 178 177 93/661
157 178 178 414/907
157 178 177 83/555
158 178 178 413/898
158 178 177 127/874
159 178 178 63/136
159 178 177 49/316
160 178 178 125/268
160 178 177 141/944
161 178 178 415/884
161 178 177 131/817
162 178 178 393/832
162 178 177 90/589
163 178 178 105/221
163 178 177 114/689
164 178 178 429/898
164 178 177 107/688
165 178 178 376/783
165 178 177 169/991
166 178 178 373/773
166 178 177 79/502
167 178 178 365/753
167 178 177 61/347
168 178 178 405/832
168 178 177 150/949
169 178 178 108/221
169 178 177 75/413
170 178 178 334/681
170 178 177 131/834
171 178 178 435/884
171 178 177 157/832
172 178 178 422/855
172 178 177 90/587
173 178 178 243/491
173 178 177 125/629
174 178 178 319/643
174 178 177 29/201
175 178 178 88/177
175 178 177 134/621
176 178 178 261/524
176 178 177 103/838
177 178 178 441/884
177 178 177 160/633
178 178 178 499/999
178 178 177 35/552
128 179 179 44/137
128 179 178 179/857
129 179 179 49/151
129 179 178 110/513
130 179 179 47/144
130 179 178 143/648
131 179 179 121/367
131 179 178 205/907
132 179 179 58/175
132 179 178 227/978
133 179 179 80/239
133 179 178 209/881
134 179 179 151/449
134 179 178 71/292
135 179 179 217/639
135 179 178 32/129
136 179 179 237/695
136 179 178 116/457
137 179 179 136/395
137 179 178 144/557
138 179 179 283/819
138 179 178 14/53
139 179 179 322/923
139 179 178 263/979
140 179 179 232/663
140 179 178 125/456
141 179 179 183/518
141 179 178 218/783
142 179 179 346/977
142 179 178 271/955
143 179 179 300/839
143 179 178 19/66
144 179 179 307/857
144 179 178 277/945
145 179 179 174/481
145 179 178 251/845
146 179 179 247/682
146 179 178 262/867
147 179 179 289/790
147 179 178 257/840
148 179 179 127/347
148 179 178 265/852
149 179 179 152/411
149 179 178 247/785
150 179 179 271/733
150 179 178 164/513
151 179 179 271/725
151 179 178 287/888
152 179 179 199/533
152 179 178 257/783
153 179 179 377/998
153 179 178 267/805
154 179 179 337/894
154 179 178 329/977
155 179 179 365/956
155 179 178 33/97
156 179 179 231/607
156 179 178 67/194
157 179 179 193/500
157 179 178 216/619
158 179 179 78/203
158 179 178 327/923
159 179 179 353/904
159 179 178 101/282
160 179 179 319/822
160 179 178 251/690
161 179 179 331/837
161 179 178 345/937
162 179 179 344/877
162 179 178 186/497
163 179 179 65/162
163 179 178 325/856
164 179 179 341/859
164 179 178 17/44
165 179 179 323/791
165 179 178 159/404
166 179 179 151/375
166 179 178 128/319
167 179 179 203/486
167 179 178 170/413
168 179 179 319/778
168 179 178 295/701
169 179 179 428/993
169 179 178 233/533
170 179 179 301/716
170 179 178 162/361
171 179 179 437/967
171 179 178 447/937
172 179 179 86/197
172 179 178 471/956
173 179 179 481/984
173 179 178 355/648
174 179 179 327/703
174 179 178 238/417
175 179 179 277/529
175 179 178 125/207
176 179 179 481/1000
176 179 178 633/994
177 179 179 665/998
177 179 178 667/766
178 179 179 521/882
178 179 178 376/391
179 179 179 74/137
179 179 178 148/339
96 180 180 97/741
96 180 179 40/861
97 180 180 118/883
97 180 179 23/487
98 180 180 119/872
98 180 179 29/604
99 180 180 16/115
99 180 179 47/964
100 180 180 106/747
100 180 179 16/323
101 180 180 63/436
101 180 179 47/935
102 180 180 121/822
102 180 179 5/98
103 180 180 28/187
103 180 179 49/947
104 180 180 16/105
104 180 179 52/991
105 180 180 24/155
105 180 179 47/884
106 180 180 88/559
106 180 179 52/965
107 180 180 136/851
107 180 179 46/843
108 180 180 25/154
108 180 179 32/579
109 180 180 41/249
109 180 179 25/447
110 180 180 121/724
110 180 179 56/989
111 180 180 125/738
111 180 179 28/489
112 180 180 151/879
112 180 179 19/328
113 180 180 147/845
113 180 179 51/871
114 180 180 67/380
114 180 179 55/929
115 180 180 43/241
115 180 179 39/652
116 180 180 178/985
116 180 179 59/976
117 180 180 53/290
117 180 179 55/901
118 180 180 175/946
118 180 179 23/373
119 180 180 152/813
119 180 179 59/948
120 180 180 94/497
120 180 179 23/366
121 180 180 179/937
121 180 179 53/836
122 180 180 175/906
122 180 179 43/672
123 180 180 171/877
123 180 179 2/31
124 180 180 187/949
124 180 179 61/937
125 180 180 166/835
125 180 179 21/320
126 180 180 148/737
126 180 179 64/967
127 180 180 146/721
127 180 179 1/15
128 180 180 156/763
128 180 179 63/937
129 180 180 197/956
129 180 179 64/945
130 180 180 120/577
130 180 179 63/923
131 180 180 119/568
131 180 179 51/742
132 180 180 93/440
132 180 179 59/852
133 180 180 156/733
133 180 179 29/416
134 180 180 44/205
134 180 179 62/883
135 180 180 89/412
135 180 179 33/467
136 180 180 169/776
136 180 179 37/520
137 180 180 140/639
137 180 179 63/880
138 180 180 157/711
138 180 179 8/111
139 180 180 139/626
139 180 179 34/469
140 180 180 66/295
140 180 179 17/233
141 180 180 47/209
141 180 179 43/586
142 180 180 193/852
142 180 179 46/623
143 180 180 127/558
143 180 179 32/431
144 180 180 102/445
144 180 179 49/656
145 180 180 157/682
145 180 179 73/972
146 180 180 191/824
146 180 179 59/781
147 180 180 37/159
147 180 179 6/79
148 180 180 190/811
148 180 179 11/144
149 180 180 71/302
149 180 179 49/638
150 180 180 71/300
150 180 179 19/246
151 180 180 212/893
151 180 179 8/103
152 180 180 233/975
152 180 179 56/717
153 180 180 231/964
153 180 179 37/471
154 180 180 151/626
154 180 179 41/519
155 180 180 125/517
155 180 179 69/868
156 180 180 203/834
156 180 179 59/738
157 180 180 239/980
157 180 179 19/236
158 180 180 236/961
158 180 179 63/778
159 180 180 245/996
159 180 179 4/49
160 180 180 139/561
160 180 179 40/487
161 180 180 33/133
161 180 179 73/880
162 180 180 1/4
162 180 179 44/527
163 180 180 170/679
163 180 179 52/615
164 180 180 25/99
164 180 179 39/458
165 180 180 243/961
165 180 179 86/993
166 180 180 143/560
166 180 179 11/126
167 180 180 208/813
167 180 179 60/671
168 180 180 139/537
168 180 179 25/277
169 180 180 20/77
169 180 179 45/481
170 180 180 107/406
170 180 179 72/761
171 180 180 227/855
171 180 179 49/489
172 180 180 200/739
172 180 179 81/797
173 180 180 269/977
173 180 179 23/205
174 180 180 243/859
174 180 179 4/35
175 180 180 181/612
175 180 179 107/777
176 180 180 41/133
176 180 179 133/942
177 180 180 290/879
177 180 179 43/391
178 180 180 391/877
178 180 179 141/355
179 180 180 457/980
179 180 179 274/627
180 180 180 575/978
180 180 179 22/269
