# UNIF(n=179,lo,hi): D_ren + dipoles; lines "lo hi level amplitude" for the corrected intervals
154 154 154 21/656
154 154 153 -1/530
155 155 155 43/765
155 155 154 -1/828
156 156 156 29/900
156 156 155 -4/587
157 157 157 66/967
157 157 156 1/342
158 158 158 3/91
158 158 157 -6/505
159 159 159 60/737
159 159 158 7/991
160 160 160 74/823
160 160 159 43/536
161 161 161 53/551
161 161 160 7/620
160 162 162 78/983
160 162 161 52/855
162 162 162 79/754
162 162 161 52/535
161 163 163 33/376
161 163 162 4/839
163 163 163 96/847
163 163 162 14/891
162 164 164 74/711
162 164 163 88/929
164 164 164 105/869
164 164 163 113/992
163 165 165 101/882
163 165 164 14/941
165 165 165 98/731
165 165 164 5/244
162 166 166 38/329
162 166 165 25/224
164 166 166 107/808
164 166 165 101/761
166 166 166 126/895
166 166 165 128/955
163 167 167 47/363
163 167 166 4/189
165 167 167 37/659
165 167 166 -6/185
167 167 167 97/605
167 167 166 25/966
162 168 168 13/92
162 168 167 85/562
164 168 168 71/458
164 168 167 160/951
166 168 168 155/928
166 168 167 163/914
167 168 168 171/992
167 168 167 172/593
168 168 168 166/995
168 168 167 109/684
163 169 169 53/330
163 169 168 35/997
165 169 169 152/873
165 169 168 24/617
166 169 169 151/838
166 169 168 53/582
167 169 169 44/727
167 169 168 -22/503
168 169 169 15/887
168 169 168 -1/160
169 169 169 119/608
169 169 168 1/31
162 170 170 128/691
162 170 169 181/826
164 170 170 120/613
164 170 169 177/763
165 170 170 153/763
165 170 169 233/766
166 170 170 190/927
166 170 169 161/673
167 170 170 106/507
167 170 169 325/979
168 170 170 53/249
168 170 169 139/583
169 170 170 199/920
169 170 169 180/493
170 170 170 201/992
170 170 169 61/316
159 171 171 187/991
159 171 170 42/907
161 171 171 41/203
161 171 170 19/357
162 171 171 103/495
162 171 170 64/791
163 171 171 173/809
163 171 170 52/891
164 171 171 148/675
164 171 170 38/413
165 171 171 83/370
165 171 170 3/49
166 171 171 153/668
166 171 170 67/645
167 171 171 211/904
167 171 170 26/427
168 171 171 118/497
168 171 170 37/314
169 171 171 203/842
169 171 170 21/379
170 171 171 164/671
170 171 170 45/329
171 171 171 67/867
171 171 170 -57/770
158 172 172 23/305
158 172 171 -5/517
159 172 172 13/202
159 172 171 -5/948
160 172 172 21/292
160 172 171 -11/574
161 172 172 13/220
161 172 171 -1/81
162 172 172 20/289
162 172 171 -28/995
163 172 172 47/873
163 172 171 -13/717
164 172 172 45/667
164 172 171 -11/299
165 172 172 22/455
165 172 171 -22/983
166 172 172 33/122
166 172 171 25/73
167 172 172 199/728
167 172 171 256/615
168 172 172 77/279
168 172 171 157/461
169 172 172 76/273
169 172 171 197/446
170 172 172 72/977
170 172 171 -63/949
171 172 172 9/403
171 172 171 -9/506
172 172 172 19/221
172 172 171 -53/632
155 173 173 261/985
155 173 172 37/504
156 173 173 205/757
156 173 172 87/992
157 173 173 254/919
157 173 172 64/795
158 173 173 242/859
158 173 172 73/757
159 173 173 187/652
159 173 172 86/993
160 173 173 7/24
160 173 172 85/811
161 173 173 189/638
161 173 172 61/666
162 173 173 52/173
162 173 172 53/469
163 173 173 202/663
163 173 172 2/21
164 173 173 286/927
164 173 172 103/849
165 173 173 255/817
165 173 172 17/175
166 173 173 259/821
166 173 172 105/806
167 173 173 187/587
167 173 172 17/176
168 173 173 9/28
168 173 172 134/951
169 173 173 267/824
169 173 172 43/467
170 173 173 47/144
170 173 172 155/997
171 173 173 181/551
171 173 172 76/949
172 173 173 37/112
172 173 172 129/718
173 173 173 81/244
173 173 172 49/964
150 174 174 341/984
150 174 173 257/557
151 174 174 221/631
151 174 173 371/775
152 174 174 121/342
152 174 173 466/981
153 174 174 279/781
153 174 173 261/529
154 174 174 349/968
154 174 173 97/199
155 174 174 363/998
155 174 173 35/69
156 174 174 267/728
156 174 173 175/351
157 174 174 217/587
157 174 173 166/319
158 174 174 165/443
158 174 173 457/899
159 174 174 374/997
159 174 173 81/152
160 174 174 321/850
160 174 173 187/362
161 174 174 179/471
161 174 173 109/200
162 174 174 268/701
162 174 173 193/369
163 174 174 178/463
163 174 173 298/535
164 174 174 371/960
164 174 173 309/586
165 174 174 313/806
165 174 173 209/367
166 174 174 181/464
166 174 173 351/664
167 174 174 85/217
167 174 173 360/617
168 174 174 289/735
168 174 173 299/569
169 174 174 58/147
169 174 173 529/880
170 174 174 357/902
170 174 173 158/307
171 174 174 383/965
171 174 173 524/835
172 174 174 335/842
172 174 173 101/207
173 174 174 146/373
173 174 173 543/820
174 174 174 25/197
174 174 173 -123/977
141 175 175 113/286
141 175 174 95/966
142 175 175 272/679
142 175 174 103/978
143 175 175 233/574
143 175 174 97/913
144 175 175 37/90
144 175 174 17/150
145 175 175 340/817
145 175 174 54/475
146 175 175 8/19
146 175 174 56/463
147 175 175 66/155
147 175 174 52/431
148 175 175 167/388
148 175 174 96/749
149 175 175 217/499
149 175 174 82/645
150 175 175 408/929
150 175 174 86/637
151 175 175 90/203
151 175 174 41/308
152 175 175 17/38
152 175 174 44/311
153 175 175 435/964
153 175 174 116/837
154 175 175 389/855
154 175 174 111/752
155 175 175 260/567
155 175 174 31/216
156 175 175 79/171
156 175 174 139/906
157 175 175 67/144
157 175 174 135/913
158 175 175 89/190
158 175 174 31/195
159 175 175 470/997
159 175 174 87/574
160 175 175 341/719
160 175 174 59/359
161 175 175 145/304
161 175 174 87/563
162 175 175 82/171
162 175 174 142/837
163 175 175 347/720
163 175 174 101/645
164 175 175 46/95
164 175 174 159/908
165 175 175 338/695
165 175 174 137/870
166 175 175 167/342
166 175 174 159/878
167 175 175 149/304
167 175 174 99/632
168 175 175 481/978
168 175 174 97/515
169 175 175 445/902
169 175 174 58/379
170 175 175 47/95
170 175 174 53/267
171 175 175 185/373
171 175 174 33/229
172 175 175 85/171
172 175 174 135/626
173 175 175 379/761
173 175 174 120/977
174 175 175 427/856
174 175 174 163/645
175 175 175 488/977
175 175 174 58/915
126 176 176 233/727
126 176 175 159/754
127 176 176 179/555
127 176 175 73/336
128 176 176 281/862
128 176 175 194/871
129 176 176 20/61
129 176 175 193/843
130 176 176 217/655
130 176 175 163/696
131 176 176 333/1000
131 176 175 80/333
132 176 176 325/966
132 176 175 233/950
133 176 176 218/645
133 176 175 163/649
134 176 176 324/949
134 176 175 193/754
135 176 176 254/741
135 176 175 123/470
136 176 176 197/569
136 176 175 49/184
137 176 176 288/829
137 176 175 267/982
138 176 176 20/57
138 176 175 155/561
139 176 176 348/989
139 176 175 193/685
140 176 176 102/287
140 176 175 171/598
141 176 176 26/73
141 176 175 164/563
142 176 176 349/970
142 176 175 189/640
143 176 176 89/247
143 176 175 162/539
144 176 176 75/206
144 176 175 228/749
145 176 176 325/892
145 176 175 152/491
146 176 176 267/725
146 176 175 151/482
147 176 176 355/964
147 176 175 135/424
148 176 176 235/631
148 176 175 227/705
149 176 176 365/981
149 176 175 262/801
150 176 176 90/239
150 176 175 203/614
151 176 176 56/149
151 176 175 185/551
152 176 176 289/759
152 176 175 19/56
153 176 176 227/598
153 176 175 113/328
154 176 176 300/779
154 176 175 313/899
155 176 176 319/832
155 176 175 169/478
156 176 176 205/526
156 176 175 291/814
157 176 176 43/111
157 176 175 69/190
158 176 176 107/271
158 176 175 25/68
159 176 176 320/817
159 176 175 373/998
160 176 176 331/826
160 176 175 146/385
161 176 176 387/976
161 176 175 22/57
162 176 176 257/630
162 176 175 81/206
163 176 176 383/952
163 176 175 257/641
164 176 176 341/817
164 176 175 399/970
165 176 176 395/964
165 176 175 188/447
166 176 176 333/773
166 176 175 97/222
167 176 176 308/733
167 176 175 205/457
168 176 176 220/487
168 176 175 475/996
169 176 176 175/401
169 176 175 364/739
170 176 176 368/753
170 176 175 522/953
171 176 176 406/873
171 176 175 537/941
172 176 176 100/191
172 176 175 477/790
173 176 176 101/210
173 176 175 561/881
174 176 176 665/998
174 176 175 721/828
175 176 176 355/601
175 176 175 501/521
176 176 176 323/598
176 176 175 382/875
94 177 177 93/710
94 177 176 45/968
95 177 177 130/971
95 177 176 7/148
96 177 177 103/754
96 177 176 36/749
97 177 177 99/710
97 177 176 17/348
98 177 177 132/929
98 177 176 31/625
99 177 177 31/214
99 177 176 41/814
100 177 177 147/997
100 177 176 51/998
101 177 177 50/333
101 177 176 7/135
102 177 177 109/714
102 177 176 41/780
103 177 177 139/895
103 177 176 21/394
104 177 177 115/729
104 177 176 48/889
105 177 177 135/842
105 177 176 18/329
106 177 177 89/547
106 177 176 55/993
107 177 177 153/926
107 177 176 41/731
108 177 177 162/967
108 177 176 53/934
109 177 177 145/853
109 177 176 46/801
110 177 177 31/180
110 177 176 50/861
111 177 177 172/985
111 177 176 39/664
112 177 177 169/956
112 177 176 59/994
113 177 177 175/977
113 177 176 3/50
114 177 177 27/149
114 177 176 2/33
115 177 177 20/109
115 177 176 58/947
116 177 177 151/814
116 177 176 29/469
117 177 177 52/277
117 177 176 62/993
118 177 177 180/949
118 177 176 53/841
119 177 177 47/245
119 177 176 39/613
120 177 177 80/413
120 177 176 12/187
121 177 177 131/669
121 177 176 43/664
122 177 177 182/921
122 177 176 19/291
123 177 177 119/596
123 177 176 60/911
124 177 177 29/144
124 177 176 31/467
125 177 177 12/59
125 177 176 33/493
126 177 177 57/278
126 177 176 64/949
127 177 177 172/831
127 177 176 31/456
128 177 177 39/187
128 177 176 38/555
129 177 177 141/670
129 177 176 69/1000
130 177 177 181/854
130 177 176 43/619
131 177 177 31/145
131 177 176 69/986
132 177 177 133/618
132 177 176 66/937
133 177 177 74/341
133 177 176 31/437
134 177 177 188/861
134 177 176 71/995
135 177 177 208/945
135 177 176 58/807
136 177 177 201/908
136 177 176 53/733
137 177 177 201/901
137 177 176 50/687
138 177 177 61/272
138 177 176 50/683
139 177 177 54/239
139 177 176 68/923
140 177 177 89/392
140 177 176 2/27
141 177 177 228/997
141 177 176 70/939
142 177 177 116/505
142 177 176 50/667
143 177 177 161/696
143 177 176 73/968
144 177 177 229/986
144 177 176 69/910
145 177 177 105/449
145 177 176 9/118
146 177 177 234/997
146 177 176 51/665
147 177 177 181/766
147 177 176 28/363
148 177 177 119/502
148 177 176 37/477
149 177 177 226/947
149 177 176 11/141
150 177 177 28/117
150 177 176 39/497
151 177 177 239/992
151 177 176 73/925
152 177 177 185/766
152 177 176 22/277
153 177 177 231/950
153 177 176 52/651
154 177 177 221/907
154 177 176 58/721
155 177 177 225/917
155 177 176 67/828
156 177 177 73/297
156 177 176 35/429
157 177 177 103/416
157 177 176 11/134
158 177 177 91/367
158 177 176 65/784
159 177 177 1/4
159 177 176 59/707
160 177 177 250/999
160 177 176 83/982
161 177 177 131/519
161 177 176 83/975
162 177 177 229/906
162 177 176 20/231
163 177 177 206/807
163 177 176 83/951
164 177 177 111/434
164 177 176 43/481
165 177 177 59/228
165 177 176 85/942
166 177 177 114/439
166 177 176 55/588
167 177 177 205/778
167 177 176 7/74
168 177 177 73/275
168 177 176 52/519
169 177 177 266/983
169 177 176 94/925
170 177 177 68/247
170 177 176 81/722
171 177 177 241/852
171 177 176 4/35
172 177 177 97/328
172 177 176 42/305
173 177 177 295/957
173 177 176 12/85
174 177 177 225/682
174 177 176 75/682
175 177 177 391/877
175 177 176 396/997
176 177 177 464/995
176 177 176 267/611
177 177 177 117/199
177 177 176 79/966
