# UNIF(n=45,lo,hi): D_ren + dipoles; lines "lo hi level amplitude" for the corrected intervals
35 35 35 77/587
35 35 34 -10/827
36 36 36 13/75
36 36 35 13/92
37 37 37 35/326
37 37 36 -40/727
38 38 38 8/83
38 38 37 -58/929
37 39 39 35/137
37 39 38 22/817
39 39 39 293/941
39 39 38 10/279
36 40 40 100/301
36 40 39 391/994
38 40 40 34/93
38 40 39 246/577
39 40 40 369/982
39 40 39 484/765
40 40 40 123/934
40 40 39 -41/355
35 41 41 279/710
35 41 40 28/373
36 41 41 331/797
36 41 40 97/709
37 41 41 434/997
37 41 40 45/464
38 41 41 361/797
38 41 40 76/419
39 41 41 258/551
39 41 40 97/973
40 41 41 473/983
40 41 40 125/523
41 41 41 448/911
41 41 40 47/819
32 42 42 223/611
32 42 41 257/852
33 42 42 325/892
33 42 41 249/746
34 42 42 367/906
34 42 41 8/21
35 42 42 127/319
35 42 41 305/737
36 42 42 388/849
36 42 41 439/910
37 42 42 281/637
37 42 41 85/163
38 42 42 491/973
38 42 41 541/958
39 42 42 266/569
39 42 41 556/913
40 42 42 291/440
40 42 41 657/763
41 42 42 541/922
41 42 41 103/108
42 42 42 538/999
42 42 41 237/547
24 43 43 102/733
24 43 42 51/968
25 43 43 85/562
25 43 42 51/910
26 43 43 143/887
26 43 42 51/853
27 43 43 142/823
27 43 42 9/143
28 43 43 181/997
28 43 42 34/509
29 43 43 153/796
29 43 42 3/43
30 43 43 108/539
30 43 42 43/581
31 43 43 207/983
31 43 42 71/924
32 43 43 190/871
32 43 42 41/500
33 43 43 193/846
33 43 42 49/578
34 43 43 228/967
34 43 42 8/87
35 43 43 111/451
35 43 42 86/907
36 43 43 81/317
36 43 42 59/553
37 43 43 259/969
37 43 42 85/773
38 43 43 241/849
38 43 42 25/186
39 43 43 299/998
39 43 42 34/245
40 43 43 323/996
40 43 42 4/37
41 43 43 206/463
41 43 42 187/463
42 43 43 373/794
42 43 42 431/993
43 43 43 569/966
43 43 42 51/632
