# UNIF(n=161,lo,hi): D_ren + dipoles; lines "lo hi level amplitude" for the corrected intervals
138 138 138 12/349
138 138 137 -1/338
139 139 139 61/970
139 139 138 0
140 140 140 30/863
140 140 139 -4/461
141 141 141 70/909
141 141 140 3/706
142 142 142 29/809
142 142 141 -13/890
143 143 143 29/313
143 143 142 9/998
144 144 144 67/652
144 144 143 55/587
145 145 145 23/208
145 145 144 11/790
144 146 146 92/947
144 146 145 60/727
146 146 146 94/787
146 146 145 33/296
145 147 147 47/436
145 147 146 4/381
147 147 147 26/197
147 147 146 15/784
146 148 148 88/691
146 148 147 12/97
148 148 148 71/508
148 148 147 121/915
145 149 149 101/837
145 149 148 15/977
147 149 149 23/386
147 149 148 -18/595
149 149 149 152/957
149 149 148 17/683
146 150 150 84/565
146 150 149 85/542
148 150 150 26/159
148 150 149 171/994
150 150 150 45/271
150 150 149 40/253
145 151 151 95/628
145 151 150 23/797
147 151 151 149/887
147 151 150 27/776
149 151 151 62/985
149 151 150 -41/972
150 151 151 14/759
150 151 150 -1/190
151 151 151 184/945
151 151 150 29/918
144 152 152 3/17
144 152 151 171/842
146 152 152 119/628
146 152 151 185/839
148 152 152 46/229
148 152 151 165/712
149 152 152 159/772
149 152 151 277/849
150 152 152 103/489
150 152 151 221/943
151 152 152 199/926
151 152 151 211/582
152 152 152 93/460
152 152 151 94/489
143 153 153 158/829
143 153 152 1/22
145 153 153 171/833
145 153 152 45/857
146 153 153 177/835
146 153 152 49/563
147 153 153 67/307
147 153 152 48/841
148 153 153 188/839
148 153 152 83/826
149 153 153 123/536
149 153 152 11/189
150 153 153 211/900
150 153 152 107/924
151 153 153 141/590
151 153 152 17/315
152 153 153 211/868
152 153 152 114/839
153 153 153 51/656
153 153 152 -62/841
142 154 154 52/683
142 154 153 -7/643
143 154 154 12/191
143 154 153 -3/599
144 154 154 39/538
144 154 153 -11/507
145 154 154 47/829
145 154 153 -6/479
146 154 154 53/758
146 154 153 -11/344
147 154 154 47/932
147 154 153 -8/437
148 154 154 245/918
148 154 153 95/283
149 154 154 96/355
149 154 153 191/465
150 154 154 26/95
150 154 153 271/806
151 154 154 205/741
151 154 153 146/333
152 154 154 41/552
152 154 153 -61/935
153 154 154 16/705
153 154 153 -7/410
154 154 154 64/743
154 154 153 -71/850
139 155 155 107/407
139 155 154 11/155
140 155 155 235/872
140 155 154 87/991
141 155 155 131/475
141 155 154 16/203
142 155 155 235/834
142 155 154 9/92
143 155 155 71/247
143 155 154 73/855
144 155 155 253/864
144 155 154 10/93
145 155 155 297/997
145 155 154 52/575
146 155 155 286/945
146 155 154 114/973
147 155 155 277/902
147 155 154 92/983
148 155 155 277/890
148 155 154 7/55
149 155 155 23/73
149 155 154 8/85
150 155 155 310/973
150 155 154 136/979
151 155 155 261/811
151 155 154 21/232
152 155 155 63/194
152 155 154 52/337
153 155 155 237/724
153 155 154 70/883
154 155 155 179/543
154 155 154 43/240
155 155 155 131/395
155 155 154 29/573
134 156 156 12/35
134 156 155 278/613
135 156 156 42/121
135 156 155 455/961
136 156 156 59/168
136 156 155 379/808
137 156 156 163/459
137 156 155 457/932
138 156 156 103/287
138 156 155 443/917
139 156 156 344/949
139 156 155 81/160
140 156 156 318/869
140 156 155 221/446
141 156 156 24/65
141 156 155 367/704
142 156 156 369/991
142 156 155 493/974
143 156 156 149/397
143 156 155 15/28
144 156 156 318/841
144 156 155 487/946
145 156 156 289/759
145 156 155 475/864
146 156 156 151/394
146 156 155 335/643
147 156 156 278/721
147 156 155 273/484
148 156 156 373/962
148 156 155 131/250
149 156 156 76/195
149 156 155 324/559
150 156 156 121/309
150 156 155 316/605
151 156 156 374/951
151 156 155 343/573
152 156 156 379/960
152 156 155 424/827
153 156 156 103/260
153 156 155 571/912
154 156 156 391/984
154 156 155 391/803
155 156 156 142/363
155 156 155 358/541
156 156 156 8/63
156 156 155 -107/851
127 157 157 107/270
127 157 156 8/81
128 157 157 171/425
128 157 156 65/608
129 157 157 367/899
129 157 156 75/698
130 157 157 214/517
130 157 156 11/95
131 157 157 315/751
131 157 156 55/476
132 157 157 48/113
132 157 156 115/926
133 157 157 181/421
133 157 156 102/829
134 157 157 157/361
134 157 156 58/439
135 157 157 288/655
135 157 156 109/839
136 157 157 355/799
136 157 156 104/745
137 157 157 337/751
137 157 156 113/830
138 157 157 448/989
138 157 156 11/75
139 157 157 149/326
139 157 156 52/367
140 157 157 59/128
140 157 156 121/789
141 157 157 46/99
141 157 156 127/867
142 157 157 331/707
142 157 156 139/870
143 157 157 149/316
143 157 156 139/924
144 157 157 75/158
144 157 156 127/765
145 157 157 385/806
145 157 156 152/991
146 157 157 123/256
146 157 156 158/917
147 157 157 100/207
147 157 156 20/129
148 157 157 386/795
148 157 156 29/162
149 157 157 20/41
149 157 156 57/368
150 157 157 387/790
150 157 156 77/412
151 157 157 269/547
151 157 156 41/270
152 157 157 379/768
152 157 156 146/739
153 157 157 448/905
153 157 156 115/802
154 157 157 343/691
154 157 156 199/925
155 157 157 102/205
155 157 156 103/841
156 157 157 345/692
156 157 156 126/499
157 157 157 395/791
157 157 156 5/79
113 158 158 231/724
113 158 157 189/899
114 158 158 304/941
114 158 157 202/933
115 158 158 239/735
115 158 157 36/161
116 158 158 236/717
116 158 157 121/527
117 158 158 97/293
117 158 157 197/833
118 158 158 329/982
118 158 157 39/161
119 158 158 331/983
119 158 157 233/936
120 158 158 77/226
120 158 157 245/963
121 158 158 116/339
121 158 157 191/732
122 158 158 305/881
122 158 157 70/263
123 158 158 304/875
123 158 157 227/833
124 158 158 303/862
124 158 157 169/609
125 158 158 227/644
125 158 157 141/497
126 158 158 107/300
126 158 157 283/981
127 158 158 119/333
127 158 157 286/971
128 158 158 17/47
128 158 157 102/341
129 158 158 21/58
129 158 157 18/59
130 158 158 257/701
130 158 157 303/979
131 158 158 356/971
131 158 157 299/948
132 158 158 172/463
132 158 157 297/929
133 158 158 167/450
133 158 157 14/43
134 158 158 172/457
134 158 157 251/761
135 158 158 270/719
135 158 157 232/691
136 158 158 233/611
136 158 157 219/644
137 158 158 269/708
137 158 157 226/653
138 158 158 385/996
138 158 157 331/944
139 158 158 218/567
139 158 157 313/877
140 158 158 311/793
140 158 157 350/967
141 158 158 225/578
141 158 157 251/681
142 158 158 332/833
142 158 157 321/857
143 158 158 320/811
143 158 157 260/681
144 158 158 301/741
144 158 157 326/837
145 158 158 103/257
145 158 157 169/425
146 158 158 166/399
146 158 157 386/945
147 158 158 295/722
147 158 157 74/177
148 158 158 101/235
148 158 157 10/23
149 158 158 13/31
149 158 157 323/723
150 158 158 327/725
150 158 157 280/589
151 158 158 309/709
151 158 157 113/230
152 158 158 353/723
152 158 157 503/920
153 158 158 441/949
153 158 157 526/923
154 158 158 326/623
154 158 157 38/63
155 158 158 437/909
155 158 157 7/11
156 158 158 545/818
156 158 157 545/626
157 158 158 189/320
157 158 157 774/805
158 158 158 478/885
158 158 157 306/701
85 159 159 125/943
85 159 158 7/149
86 159 159 8/59
86 159 158 31/648
87 159 159 92/663
87 159 158 40/821
88 159 159 124/875
88 159 158 28/565
89 159 159 138/953
89 159 158 49/972
90 159 159 92/623
90 159 158 25/488
91 159 159 11/73
91 159 158 34/653
92 159 159 31/202
92 159 158 49/927
93 159 159 94/601
93 159 158 27/503
94 159 159 7/44
94 159 158 30/551
95 159 159 132/815
95 159 158 49/887
96 159 159 157/954
96 159 158 43/768
97 159 159 81/484
97 159 158 47/828
98 159 159 53/312
98 159 158 33/574
99 159 159 34/197
99 159 158 53/910
100 159 159 171/977
100 159 158 28/475
101 159 159 132/743
101 159 158 45/754
102 159 159 9/50
102 159 158 53/878
103 159 159 111/608
103 159 158 51/835
104 159 159 56/303
104 159 158 61/988
105 159 159 127/678
105 159 158 58/929
106 159 159 18/95
106 159 158 55/872
107 159 159 109/568
107 159 158 51/800
108 159 159 103/531
108 159 158 28/435
109 159 159 182/927
109 159 158 29/446
110 159 159 47/237
110 159 158 21/320
111 159 159 133/663
111 159 158 65/981
112 159 159 179/884
112 159 158 51/763
113 159 159 191/933
113 159 158 17/252
114 159 159 203/983
114 159 158 67/985
115 159 159 101/484
115 159 158 7/102
116 159 159 73/347
116 159 158 59/853
117 159 159 143/673
117 159 158 68/975
118 159 159 155/724
118 159 158 57/811
119 159 159 142/657
119 159 158 44/621
120 159 159 37/170
120 159 158 71/995
121 159 159 208/947
121 159 158 52/723
122 159 159 21/95
122 159 158 57/787
123 159 159 159/713
123 159 158 44/603
124 159 159 155/691
124 159 158 67/912
125 159 159 88/389
125 159 158 68/919
126 159 159 194/853
126 159 158 40/537
127 159 159 205/894
127 159 158 3/40
128 159 159 50/217
128 159 158 49/649
129 159 159 203/874
129 159 158 45/592
130 159 159 122/523
130 159 158 29/379
131 159 159 217/923
131 159 158 57/740
132 159 159 97/411
132 159 158 19/245
133 159 159 225/946
133 159 158 58/743
134 159 159 226/947
134 159 158 32/407
135 159 159 234/973
135 159 158 11/139
136 159 159 233/966
136 159 158 67/840
137 159 159 185/761
137 159 158 11/137
138 159 159 155/636
138 159 158 61/753
139 159 159 214/871
139 159 158 23/282
140 159 159 163/662
140 159 158 53/643
141 159 159 112/451
141 159 158 65/783
142 159 159 158/635
142 159 158 80/951
143 159 159 221/880
143 159 158 69/814
144 159 159 155/616
144 159 158 27/313
145 159 159 179/704
145 159 158 87/1000
146 159 159 209/820
146 159 158 83/931
147 159 159 137/531
147 159 158 46/511
148 159 159 201/776
148 159 158 59/632
149 159 159 61/232
149 159 158 90/953
150 159 159 199/751
150 159 158 100/999
151 159 159 244/903
151 159 158 47/463
152 159 159 11/40
152 159 158 63/562
153 159 159 13/46
153 159 158 49/429
154 159 159 73/247
154 159 158 34/247
155 159 159 224/727
155 159 158 106/751
156 159 159 313/949
156 159 158 94/855
157 159 159 395/886
157 159 158 265/667
158 159 159 111/238
158 159 158 246/563
159 159 159 371/631
159 159 158 74/905
