# UNIF(n=188,lo,hi): D_ren + dipoles; lines "lo hi level amplitude" for the corrected intervals
162 162 162 15/313
162 162 161 -1/317
163 163 163 15/481
163 163 162 -3/773
164 164 164 47/800
164 164 163 1/1000
165 165 165 25/793
165 165 164 -3/353
166 166 166 43/611
166 166 165 2/443
167 167 167 15/463
167 167 166 -7/527
168 168 168 77/926
168 168 167 5/597
169 169 169 75/821
169 169 168 68/825
170 170 170 93/953
170 170 169 1/81
169 171 171 53/639
169 171 170 13/196
171 171 171 103/975
171 171 170 32/325
170 172 172 24/263
170 172 171 7/942
172 172 172 111/970
172 172 171 16/967
171 173 173 83/777
171 173 172 66/667
173 173 173 121/996
173 173 172 98/853
170 174 174 10/103
170 174 173 8/887
172 174 174 101/862
172 174 173 12/709
174 174 174 29/215
174 174 173 3/142
171 175 175 63/529
171 175 174 101/862
173 175 175 57/424
173 175 174 127/935
175 175 175 127/899
175 175 174 19/141
172 176 176 119/895
172 176 175 23/963
174 176 176 10/183
174 176 175 -6/181
176 176 176 14/87
176 176 175 25/949
171 177 177 37/255
171 177 176 157/999
173 177 177 23/146
173 177 176 115/668
175 177 177 161/956
175 177 176 124/687
176 177 177 35/202
176 177 176 51/175
177 177 177 131/784
177 177 176 47/294
170 178 178 71/472
170 178 177 17/522
172 178 178 104/633
172 178 177 38/999
174 178 178 152/861
174 178 177 39/955
175 178 178 144/791
175 178 177 67/724
176 178 178 49/824
176 178 177 -5/113
177 178 178 12/739
177 178 177 -1/152
178 178 178 172/877
178 178 177 16/491
169 179 179 118/663
169 179 178 124/593
171 179 179 137/726
171 179 178 64/285
172 179 179 176/909
172 179 178 263/930
173 179 179 45/227
173 179 178 121/513
174 179 179 95/469
174 179 178 146/475
175 179 179 113/547
175 179 178 235/972
176 179 179 200/951
176 179 178 195/584
177 179 179 165/772
177 179 178 47/196
178 179 179 211/973
178 179 178 71/194
179 179 179 186/917
179 179 178 35/181
168 180 180 7/36
168 180 179 41/804
170 180 180 83/402
170 180 179 33/580
171 180 180 173/816
171 180 179 80/951
172 180 180 179/824
172 180 179 53/867
173 180 180 221/995
173 180 179 77/816
174 180 180 95/419
174 180 179 17/269
175 180 180 76/329
175 180 179 102/967
176 180 180 125/532
176 180 179 57/917
177 180 180 157/658
177 180 179 91/766
178 180 180 232/959
178 180 179 35/624
179 180 180 133/543
179 180 179 111/809
180 180 180 39/506
180 180 179 -51/688
165 181 181 71/915
165 181 180 -3/592
167 181 181 56/759
167 181 180 -5/352
168 181 181 10/159
168 181 180 -1/107
169 181 181 37/524
169 181 180 -7/307
170 181 181 42/725
170 181 180 -4/257
171 181 181 3/44
171 181 180 -7/226
172 181 181 43/812
172 181 180 -16/777
173 181 181 66/989
173 181 180 -27/694
174 181 181 25/524
174 181 180 -19/786
175 181 181 183/673
175 181 180 343/995
176 181 181 14/51
176 181 180 245/586
177 181 181 157/567
177 181 180 263/769
178 181 181 12/43
178 181 180 89/201
179 181 181 53/721
179 181 180 -20/299
180 181 181 1/45
180 181 180 -4/221
181 181 181 36/419
181 181 180 -52/619
162 182 182 77/296
162 182 181 57/793
163 182 182 222/835
163 182 181 49/580
164 182 182 238/877
164 182 181 59/748
165 182 182 262/947
165 182 181 89/960
166 182 182 242/859
166 182 181 37/435
167 182 182 194/677
167 182 181 18/179
168 182 182 122/419
168 182 181 85/941
169 182 182 206/697
169 182 181 85/786
170 182 182 211/704
170 182 181 73/772
171 182 182 208/685
171 182 181 37/320
172 182 182 71/231
172 182 181 67/687
173 182 182 235/756
173 182 181 109/884
174 182 182 305/971
174 182 181 94/951
175 182 182 111/350
175 182 181 113/858
176 182 182 271/847
176 182 181 79/808
177 182 182 249/772
177 182 181 81/571
178 182 182 244/751
178 182 181 75/808
179 182 182 277/847
179 182 181 149/955
180 182 182 25/76
180 182 181 75/932
181 182 182 245/741
181 182 181 111/617
182 182 182 179/539
182 182 181 35/687
157 183 183 185/537
157 183 182 441/968
158 183 183 173/497
158 183 182 431/914
159 183 183 283/805
159 183 182 61/130
160 183 183 192/541
160 183 182 347/714
161 183 183 337/941
161 183 182 291/604
162 183 183 233/645
162 183 182 499/999
163 183 183 55/151
163 183 182 400/811
164 183 183 355/967
164 183 182 449/876
165 183 183 361/976
165 183 182 439/872
166 183 183 225/604
166 183 182 423/806
167 183 183 3/8
167 183 182 497/970
168 183 183 77/204
168 183 182 279/520
169 183 183 371/977
169 183 182 275/529
170 183 183 359/940
170 183 182 303/553
171 183 183 91/237
171 183 182 441/839
172 183 183 115/298
172 183 182 533/953
173 183 183 278/717
173 183 182 244/461
174 183 183 280/719
174 183 182 341/597
175 183 183 235/601
175 183 182 238/449
176 183 183 188/479
176 183 182 397/679
177 183 183 115/292
177 183 182 169/321
178 183 183 32/81
178 183 182 561/932
179 183 183 353/891
179 183 182 253/491
180 183 183 338/851
180 183 182 157/250
181 183 183 41/103
181 183 182 83/170
182 183 183 287/733
182 183 182 516/779
183 183 183 307/884
183 183 182 121/384
148 184 184 380/963
148 184 183 88/879
149 184 184 399/998
149 184 183 67/629
150 184 184 394/973
150 184 183 79/735
151 184 184 207/505
151 184 183 53/465
152 184 184 197/475
152 184 183 42/367
153 184 184 315/751
153 184 183 112/925
154 184 184 279/658
154 184 183 49/405
155 184 184 428/999
155 184 183 96/751
156 184 184 251/580
156 184 183 113/889
157 184 184 336/769
157 184 183 129/961
158 184 184 127/288
158 184 183 117/881
159 184 184 113/254
159 184 183 118/841
160 184 184 284/633
160 184 183 78/565
161 184 184 403/891
161 184 183 13/89
162 184 184 98/215
162 184 183 1/7
163 184 184 422/919
163 184 183 5/33
164 184 184 277/599
164 184 183 123/836
165 184 184 250/537
165 184 183 71/453
166 184 184 67/143
166 184 183 110/729
167 184 184 140/297
167 184 183 131/810
168 184 184 302/637
168 184 183 112/727
169 184 184 419/879
169 184 183 1/6
170 184 184 287/599
170 184 183 103/658
171 184 184 480/997
171 184 183 6/35
172 184 184 133/275
172 184 183 31/196
173 184 184 475/978
173 184 183 3/17
174 184 184 433/888
174 184 183 109/687
175 184 184 277/566
175 184 183 169/928
176 184 184 302/615
176 184 183 149/946
177 184 184 166/337
177 184 183 121/640
178 184 184 41/83
178 184 183 151/983
179 184 184 467/943
179 184 183 153/769
180 184 184 477/961
180 184 183 142/983
181 184 184 469/943
181 184 183 19/88
182 184 184 418/839
182 184 183 23/187
183 184 184 471/944
183 184 183 247/977
184 184 184 499/999
184 184 183 47/741
132 185 185 299/933
132 185 184 147/709
133 185 185 313/967
133 185 184 147/691
134 185 185 181/556
134 185 184 170/777
135 185 185 309/940
135 185 184 127/567
136 185 185 305/923
136 185 184 20/87
137 185 185 333/998
137 185 184 163/694
138 185 185 302/901
138 185 184 205/852
139 185 185 158/467
139 185 184 40/163
140 185 185 141/415
140 185 184 127/506
141 185 185 203/592
141 185 184 149/583
142 185 185 275/799
142 185 184 219/839
143 185 185 124/357
143 185 184 99/373
144 185 185 146/419
144 185 184 111/410
145 185 185 269/765
145 185 184 193/702
146 185 185 336/953
146 185 184 93/332
147 185 185 322/905
147 185 184 256/901
148 185 185 128/359
148 185 184 260/899
149 185 185 95/264
149 185 184 257/877
150 185 185 111/308
150 185 184 287/963
151 185 185 207/569
151 185 184 89/295
152 185 185 209/574
152 185 184 172/561
153 185 185 357/971
153 185 184 138/445
154 185 185 139/378
154 185 184 40/127
155 185 185 354/953
155 185 184 262/823
156 185 185 235/633
156 185 184 233/721
157 185 185 203/541
157 185 184 95/291
158 185 185 317/846
158 185 184 215/649
159 185 185 318/839
159 185 184 280/837
160 185 185 287/759
160 185 184 317/934
161 185 185 188/491
161 185 184 269/785
162 185 185 356/933
162 185 184 259/745
163 185 185 77/199
163 185 184 33/94
164 185 185 62/161
164 185 184 223/626
165 185 185 385/984
165 185 184 266/739
166 185 185 243/625
166 185 184 357/977
167 185 185 265/669
167 185 184 261/706
168 185 185 11/28
168 185 184 237/631
169 185 185 272/677
169 185 184 283/743
170 185 185 281/707
170 185 184 377/973
171 185 185 233/570
171 185 184 260/659
172 185 185 397/985
172 185 184 343/853
173 185 185 51/122
173 185 184 40/97
174 185 185 350/853
174 185 184 416/987
175 185 185 342/793
175 185 184 130/297
176 185 185 98/233
176 185 184 146/325
177 185 185 184/407
177 185 184 180/377
178 185 185 169/387
178 185 184 141/286
179 185 185 221/452
179 185 184 188/343
180 185 185 87/187
180 185 184 511/895
181 185 185 232/443
181 185 184 90/149
182 185 185 457/950
182 185 184 607/953
183 185 185 665/998
183 185 184 856/983
184 185 185 140/237
184 185 184 577/600
185 185 185 74/137
185 185 184 210/481
99 186 186 3/23
99 186 185 27/583
100 186 186 63/473
100 186 185 46/977
101 186 186 135/994
101 186 185 34/711
102 186 186 32/231
102 186 185 46/947
103 186 186 34/241
103 186 185 7/142
104 186 186 70/487
104 186 185 50/999
105 186 186 31/212
105 186 185 31/611
106 186 186 89/598
106 186 185 37/719
107 186 186 139/919
107 186 185 17/326
108 186 186 153/995
108 186 185 38/719
109 186 186 109/698
109 186 185 19/355
110 186 186 122/769
110 186 185 47/867
111 186 186 75/466
111 186 185 53/966
112 186 186 91/557
112 186 185 1/18
113 186 186 26/157
113 186 185 5/89
114 186 186 149/887
114 186 185 37/651
115 186 186 57/335
115 186 185 42/731
116 186 186 109/632
116 186 185 33/568
117 186 186 81/464
117 186 185 57/971
118 186 186 171/967
118 186 185 55/927
119 186 186 171/956
119 186 185 29/484
120 186 186 178/983
120 186 185 48/793
121 186 186 54/295
121 186 185 30/491
122 186 186 183/988
122 186 185 53/859
123 186 186 90/481
123 186 185 47/755
124 186 186 186/983
124 186 185 47/748
125 186 186 175/916
125 186 185 59/931
126 186 186 179/927
126 186 185 61/954
127 186 186 167/857
127 186 185 39/605
128 186 186 113/574
128 186 185 21/323
129 186 186 111/559
129 186 185 42/641
130 186 186 78/389
130 186 185 51/772
131 186 186 94/465
131 186 185 39/586
132 186 186 111/544
132 186 185 54/805
133 186 186 205/997
133 186 185 66/977
134 186 186 89/429
134 186 185 55/808
135 186 186 14/67
135 186 185 49/715
136 186 186 192/911
136 186 185 37/536
137 186 186 195/919
137 186 185 61/878
138 186 186 132/617
138 186 185 58/829
139 186 186 76/353
139 186 185 39/554
140 186 186 74/341
140 186 185 64/903
141 186 186 105/481
141 186 185 38/533
142 186 186 119/541
142 186 185 31/432
143 186 186 94/425
143 186 185 7/97
144 186 186 211/947
144 186 185 61/840
145 186 186 144/643
145 186 185 36/493
146 186 186 83/368
146 186 185 67/912
147 186 186 109/481
147 186 185 63/853
148 186 186 115/504
148 186 185 63/848
149 186 186 11/48
149 186 185 41/549
150 186 186 230/997
150 186 185 35/466
151 186 186 211/911
151 186 185 69/914
152 186 186 38/163
152 186 185 52/685
153 186 186 197/842
153 186 185 66/865
154 186 186 158/671
154 186 185 29/378
155 186 186 30/127
155 186 185 31/402
156 186 186 121/509
156 186 185 49/632
157 186 186 190/797
157 186 185 53/680
158 186 186 196/817
158 186 185 21/268
159 186 186 215/894
159 186 185 55/698
160 186 186 91/376
160 186 185 53/669
161 186 186 138/569
161 186 185 75/941
162 186 186 238/975
162 186 185 23/287
163 186 186 123/503
163 186 185 61/756
164 186 186 241/979
164 186 185 37/456
165 186 186 71/288
165 186 185 53/648
166 186 186 215/866
166 186 185 71/863
167 186 186 87/350
167 186 185 82/987
168 186 186 134/535
168 186 185 51/610
169 186 186 85/339
169 186 185 16/189
170 186 186 221/874
170 186 185 26/305
171 186 186 20/79
171 186 185 71/819
172 186 186 216/845
172 186 185 9/103
173 186 186 253/988
173 186 185 57/637
174 186 186 179/691
174 186 185 41/454
175 186 186 249/958
175 186 185 60/641
176 186 186 207/785
176 186 185 85/898
177 186 186 17/64
177 186 185 42/419
178 186 186 235/868
178 186 185 49/482
179 186 186 233/846
179 186 185 45/401
180 186 186 161/569
180 186 185 111/971
181 186 186 155/524
181 186 185 23/167
182 186 186 271/879
182 186 185 85/602
183 186 186 292/885
183 186 185 54/491
184 186 186 177/397
184 186 185 363/914
185 186 186 263/564
185 186 185 392/897
186 186 186 341/580
186 186 185 53/648
