# UNIF(n=155,lo,hi): D_ren + dipoles; lines "lo hi level amplitude" for the corrected intervals
132 132 132 26/737
132 132 131 -1/734
133 133 133 60/989
133 133 132 -1/524
134 134 134 6/169
134 134 133 -1/136
135 135 135 10/133
135 135 134 2/649
136 136 136 16/439
136 136 135 -13/961
137 137 137 88/965
137 137 136 5/619
138 138 138 77/758
138 138 137 80/873
139 139 139 109/996
139 139 138 13/986
138 140 140 33/350
138 140 139 73/942
140 140 140 109/917
140 140 139 39/353
139 141 141 23/219
139 141 140 7/806
141 141 141 67/511
141 141 140 13/700
140 142 142 123/982
140 142 141 3/25
142 142 142 17/122
142 142 141 124/943
139 143 143 11/94
139 143 142 9/695
141 143 143 23/377
141 143 142 -29/988
143 143 143 53/335
143 143 142 20/817
140 144 144 85/582
140 144 143 101/664
142 144 144 147/907
142 144 143 92/543
144 144 144 61/368
144 144 143 107/679
139 145 145 97/658
139 145 144 16/609
141 145 145 158/955
141 145 144 14/423
143 145 145 36/563
143 145 144 -27/650
144 145 145 5/262
144 145 144 -1/206
145 145 145 177/911
145 145 144 16/511
140 146 146 97/519
140 146 145 115/533
142 146 146 49/246
142 146 145 83/363
143 146 146 149/728
143 146 145 149/460
144 146 146 177/844
144 146 145 178/765
145 146 146 212/989
145 146 145 351/971
146 146 146 142/703
146 146 145 161/839
139 147 147 116/575
139 147 146 29/579
140 147 147 205/981
140 147 146 82/965
141 147 147 203/941
141 147 146 15/271
142 147 147 123/554
142 147 146 43/434
143 147 147 18/79
143 147 146 31/543
144 147 147 66/283
144 147 146 93/809
145 147 147 5/21
145 147 146 19/356
146 147 147 65/268
146 147 146 121/893
147 147 147 71/911
147 147 146 -17/231
136 148 148 44/565
136 148 147 -1/134
138 148 148 24/325
138 148 147 -11/578
139 148 148 43/743
139 148 147 -1/98
140 148 148 41/578
140 148 147 -23/767
141 148 148 2/39
141 148 147 -6/361
142 148 148 125/471
142 148 147 250/751
143 148 148 7/26
143 148 147 212/519
144 148 148 3/11
144 148 147 101/302
145 148 148 258/935
145 148 147 403/922
146 148 148 50/671
146 148 147 -25/386
147 148 148 22/963
147 148 147 -5/298
148 148 148 5/58
148 148 147 -83/995
133 149 149 123/478
133 149 148 38/567
134 149 149 206/779
134 149 148 8/95
135 149 149 99/365
135 149 148 48/635
136 149 149 178/641
136 149 148 15/158
137 149 149 107/377
137 149 148 79/954
138 149 149 276/953
138 149 148 2/19
139 149 149 18/61
139 149 148 49/554
140 149 149 281/936
140 149 148 74/641
141 149 149 298/977
141 149 148 83/901
142 149 149 199/643
142 149 148 121/960
143 149 149 313/998
143 149 148 58/623
144 149 149 213/671
144 149 148 62/449
145 149 149 267/832
145 149 148 71/790
146 149 149 198/611
146 149 148 2/13
147 149 149 253/774
147 149 148 3/38
148 149 149 221/671
148 149 148 148/827
149 149 149 182/549
149 149 148 49/970
130 150 150 91/262
130 150 149 461/999
131 150 150 45/128
131 150 149 465/962
132 150 150 319/897
132 150 149 133/279
133 150 150 151/420
133 150 149 500/999
134 150 150 251/691
134 150 149 426/869
135 150 150 201/548
135 150 149 297/575
136 150 150 325/878
136 150 149 269/536
137 150 150 370/991
137 150 149 242/455
138 150 150 271/720
138 150 149 359/702
139 150 150 190/501
139 150 149 339/620
140 150 150 131/343
140 150 149 451/870
141 150 150 321/835
141 150 149 559/995
142 150 150 152/393
142 150 149 449/860
143 150 150 387/995
143 150 149 552/955
144 150 150 353/903
144 150 149 62/119
145 150 150 346/881
145 150 149 49/82
146 150 150 379/961
146 150 149 323/631
147 150 150 382/965
147 150 149 157/251
148 150 150 334/841
148 150 149 469/964
149 150 150 79/202
149 150 149 647/978
150 150 150 71/559
150 150 149 -47/374
122 151 151 367/930
122 151 150 37/366
123 151 151 83/207
123 151 150 36/353
124 151 151 355/872
124 151 150 83/750
125 151 151 411/995
125 151 150 34/307
126 151 151 405/967
126 151 150 116/969
127 151 151 275/648
127 151 150 63/530
128 151 151 52/121
128 151 150 94/733
129 151 151 137/315
129 151 150 119/942
130 151 151 333/757
130 151 150 74/543
131 151 151 213/479
131 151 150 37/278
132 151 151 425/946
132 151 150 41/285
133 151 151 416/917
133 151 150 16/115
134 151 151 315/688
134 151 150 95/629
135 151 151 454/983
135 151 150 95/658
136 151 151 461/990
136 151 150 3/19
137 151 151 313/667
137 151 150 112/753
138 151 151 372/787
138 151 150 127/772
139 151 151 464/975
139 151 150 26/171
140 151 151 409/854
140 151 150 134/783
141 151 151 66/137
141 151 150 128/831
142 151 151 481/993
142 151 150 106/595
143 151 151 462/949
143 151 150 150/973
144 151 151 179/366
144 151 150 125/671
145 151 151 470/957
145 151 150 89/588
146 151 151 421/854
146 151 150 14/71
147 151 151 461/932
147 151 150 86/601
148 151 151 445/897
148 151 150 121/563
149 151 151 472/949
149 151 150 103/842
150 151 151 479/961
150 151 150 235/931
151 151 151 366/733
151 151 150 47/743
109 152 152 293/916
109 152 151 205/966
110 152 152 35/108
110 152 151 159/727
111 152 152 290/889
111 152 151 215/951
112 152 152 75/227
112 152 151 200/861
113 152 152 108/325
113 152 151 227/948
114 152 152 71/211
114 152 151 199/811
115 152 152 233/689
115 152 151 217/860
116 152 152 290/847
116 152 151 105/407
117 152 152 339/986
117 152 151 193/729
118 152 152 118/339
118 152 151 238/881
119 152 152 344/985
119 152 151 251/907
120 152 152 221/625
120 152 151 137/486
121 152 152 274/773
121 152 151 173/600
122 152 152 14/39
122 152 151 266/907
123 152 152 87/242
123 152 151 219/731
124 152 152 287/788
124 152 151 7/23
125 152 152 176/483
125 152 151 191/615
126 152 152 181/490
126 152 151 110/349
127 152 152 213/577
127 152 151 206/641
128 152 152 103/275
128 152 151 293/899
129 152 152 40/107
129 152 151 183/551
130 152 152 139/366
130 152 151 166/493
131 152 152 310/819
131 152 151 319/930
132 152 152 193/501
132 152 151 8/23
133 152 152 110/287
133 152 151 259/731
134 152 152 386/987
134 152 151 105/292
135 152 152 106/273
135 152 151 273/745
136 152 152 68/171
136 152 151 335/899
137 152 152 354/899
137 152 151 225/592
138 152 152 384/947
138 152 151 367/946
139 152 152 399/997
139 152 151 363/916
140 152 152 381/917
140 152 151 325/798
141 152 152 282/691
141 152 151 367/880
142 152 152 383/892
142 152 151 128/295
143 152 152 406/969
143 152 151 351/787
144 152 152 334/741
144 152 151 47/99
145 152 152 71/163
145 152 151 293/597
146 152 152 388/795
146 152 151 171/313
147 152 152 190/409
147 152 151 131/230
148 152 152 418/799
148 152 151 454/753
149 152 152 87/181
149 152 151 271/426
150 152 152 505/758
150 152 151 854/981
151 152 152 88/149
151 152 151 374/389
152 152 152 431/798
152 152 151 354/811
82 153 153 122/917
82 153 152 19/403
83 153 153 3/22
83 153 152 5/104
84 153 153 100/717
84 153 152 7/143
85 153 153 142/995
85 153 152 17/341
86 153 153 80/549
86 153 152 43/848
87 153 153 60/403
87 153 152 13/252
88 153 153 148/975
88 153 152 13/248
89 153 153 116/749
89 153 152 35/657
90 153 153 41/260
90 153 152 53/980
91 153 153 121/753
91 153 152 19/346
92 153 153 67/410
92 153 152 22/395
93 153 153 83/499
93 153 152 33/584
94 153 153 135/799
94 153 152 13/227
95 153 153 106/617
95 153 152 40/689
96 153 153 163/935
96 153 152 58/987
97 153 153 167/943
97 153 152 43/722
98 153 153 107/596
98 153 152 49/813
99 153 153 84/461
99 153 152 18/295
100 153 153 184/997
100 153 152 34/551
101 153 153 137/732
101 153 152 56/897
102 153 153 168/887
102 153 152 33/523
103 153 153 157/818
103 153 152 46/721
104 153 153 59/304
104 153 152 60/931
105 153 153 193/982
105 153 152 65/998
106 153 153 28/141
106 153 152 53/806
107 153 153 83/413
107 153 152 53/798
108 153 153 153/754
108 153 152 25/373
109 153 153 149/726
109 153 152 9/133
110 153 153 193/932
110 153 152 43/630
111 153 153 166/793
111 153 152 27/392
112 153 153 141/668
112 153 152 5/72
113 153 153 209/980
113 153 152 51/728
114 153 153 49/228
114 153 152 43/609
115 153 153 107/493
115 153 152 67/941
116 153 153 40/183
116 153 152 33/460
117 153 153 203/920
117 153 152 64/885
118 153 153 181/815
118 153 152 11/151
119 153 153 145/647
119 153 152 45/613
120 153 153 179/794
120 153 152 59/798
121 153 153 68/299
121 153 152 47/631
122 153 153 91/398
122 153 152 3/40
123 153 153 205/889
123 153 152 72/953
124 153 153 19/82
124 153 152 7/92
125 153 153 232/993
125 153 152 39/509
126 153 153 233/993
126 153 152 71/920
127 153 153 229/968
127 153 152 61/785
128 153 153 232/977
128 153 152 57/728
129 153 153 175/731
129 153 152 73/926
130 153 153 104/433
130 153 152 55/692
131 153 153 85/351
131 153 152 79/987
132 153 153 17/70
132 153 152 21/260
133 153 153 12/49
133 153 152 17/209
134 153 153 41/167
134 153 152 31/377
135 153 153 241/973
135 153 152 69/833
136 153 153 246/991
136 153 152 67/798
137 153 153 205/818
137 153 152 82/969
138 153 153 163/649
138 153 152 41/476
139 153 153 33/130
139 153 152 49/564
140 153 153 141/554
140 153 152 61/685
141 153 153 176/683
141 153 152 67/745
142 153 153 244/943
142 153 152 68/729
143 153 153 150/571
143 153 152 47/498
144 153 153 197/744
144 153 152 1/10
145 153 153 165/611
145 153 152 76/749
146 153 153 246/895
146 153 152 105/937
147 153 153 63/223
147 153 152 103/902
148 153 153 294/995
148 153 152 79/574
149 153 153 65/211
149 153 152 35/248
150 153 153 31/94
150 153 152 31/282
151 153 153 325/729
151 153 152 389/979
152 153 153 361/774
152 153 152 381/872
153 153 153 127/216
153 153 152 13/159
