# UNIF(n=111,lo,hi): D_ren + dipoles; lines "lo hi level amplitude" for the corrected intervals
93 93 93 7/97
93 93 92 -2/475
94 94 94 42/487
94 94 93 62/955
95 95 95 68/719
95 95 94 1/284
96 96 96 100/913
96 96 95 92/977
97 97 97 50/417
97 97 96 7/624
98 98 98 87/650
98 98 97 53/435
97 99 99 44/553
97 99 98 -16/905
99 99 99 56/373
99 99 98 18/941
98 100 100 113/789
98 100 99 94/693
100 100 100 155/957
100 100 99 27/179
99 101 101 75/974
99 101 100 -17/512
101 101 101 44/233
101 101 100 17/615
98 102 102 73/412
98 102 101 171/907
100 102 102 160/809
100 102 101 89/422
102 102 102 191/957
102 102 101 187/997
97 103 103 183/1000
97 103 102 23/700
99 103 103 37/179
99 103 102 2/47
101 103 103 139/613
101 103 102 37/812
102 103 103 230/977
102 103 102 102/781
103 103 103 65/808
103 103 102 -68/945
98 104 104 245/996
98 104 103 293/988
99 104 104 55/217
99 104 103 274/723
100 104 104 145/557
100 104 103 258/829
101 104 104 257/964
101 104 103 107/255
102 104 104 25/322
102 104 103 -57/973
103 104 104 3/121
103 104 103 -3/232
104 104 104 73/838
104 104 103 -59/723
95 105 105 121/468
95 105 104 1/16
96 105 105 112/417
96 105 104 62/667
97 105 105 159/572
97 105 104 57/782
98 105 105 41/143
98 105 104 29/264
99 105 105 176/597
99 105 104 79/991
100 105 105 295/976
100 105 104 125/982
101 105 105 297/961
101 105 104 43/528
102 105 105 255/809
102 105 104 140/949
103 105 105 127/396
103 105 104 46/617
104 105 105 321/986
104 105 104 150/851
105 105 105 247/749
105 105 104 41/832
92 106 106 41/120
92 106 105 29/65
93 106 106 159/457
93 106 105 27/56
94 106 106 23/65
94 106 105 336/719
95 106 106 124/345
95 106 105 443/872
96 106 106 97/266
96 106 105 363/749
97 106 106 17/46
97 106 105 301/565
98 106 106 269/719
98 106 105 476/957
99 106 106 367/970
99 106 105 277/497
100 106 106 211/552
100 106 105 311/617
101 106 106 201/521
101 106 105 518/887
102 106 106 361/928
102 106 105 180/359
103 106 106 386/985
103 106 105 181/293
104 106 106 99/251
104 106 105 422/877
105 106 106 329/844
105 106 105 636/965
106 106 106 105/824
106 106 105 -78/625
87 107 107 346/883
87 107 106 83/891
88 107 107 99/247
88 107 106 43/401
89 107 107 61/149
89 107 106 95/899
90 107 107 337/807
90 107 106 24/199
91 107 107 405/952
91 107 106 93/796
92 107 107 303/700
92 107 106 35/263
93 107 107 205/466
93 107 106 92/727
94 107 107 393/880
94 107 106 43/297
95 107 107 322/711
95 107 106 75/557
96 107 107 206/449
96 107 106 104/667
97 107 107 371/799
97 107 106 131/930
98 107 107 423/901
98 107 106 130/779
99 107 107 221/466
99 107 106 23/159
100 107 107 56/117
100 107 106 147/824
101 107 107 431/893
101 107 106 89/614
102 107 107 478/983
102 107 106 73/380
103 107 107 70/143
103 107 106 82/589
104 107 107 484/983
104 107 106 207/976
105 107 107 48/97
105 107 106 79/656
106 107 107 407/819
106 107 106 243/967
107 107 107 373/748
107 107 106 15/239
78 108 108 323/999
78 108 107 103/474
79 108 108 237/727
79 108 107 209/916
80 108 108 199/598
80 108 107 192/809
81 108 108 275/821
81 108 107 200/807
82 108 108 293/857
82 108 107 39/152
83 108 108 337/981
83 108 107 203/761
84 108 108 289/824
84 108 107 175/636
85 108 108 70/199
85 108 107 63/221
86 108 108 23/64
86 108 107 39/133
87 108 108 359/998
87 108 107 256/845
88 108 108 308/837
88 108 107 228/733
89 108 108 190/517
89 108 107 110/343
90 108 108 327/868
90 108 107 328/997
91 108 108 173/461
91 108 107 21/62
92 108 108 225/583
92 108 107 81/233
93 108 108 87/227
93 108 107 348/973
94 108 108 307/775
94 108 107 361/981
95 108 108 212/541
95 108 107 39/103
96 108 108 407/997
96 108 107 382/975
97 108 108 313/779
97 108 107 157/389
98 108 108 354/835
98 108 107 155/367
99 108 108 288/695
99 108 107 417/956
100 108 108 425/951
100 108 107 286/613
101 108 108 16/37
101 108 107 319/659
102 108 108 285/587
102 108 107 522/965
103 108 108 445/962
103 108 107 506/895
104 108 108 157/301
104 108 107 292/487
105 108 108 129/269
105 108 107 424/669
106 108 108 516/775
106 108 107 754/867
107 108 108 389/659
107 108 107 49/51
108 108 108 358/663
108 108 107 171/392
59 109 109 43/319
59 109 108 22/459
60 109 109 101/726
60 109 108 3/61
61 109 109 24/167
61 109 108 50/991
62 109 109 55/372
62 109 108 45/871
63 109 109 143/939
63 109 108 21/397
64 109 109 5/32
64 109 108 2/37
65 109 109 61/380
65 109 108 10/181
66 109 109 104/633
66 109 108 50/887
67 109 109 159/944
67 109 108 44/765
68 109 109 134/779
68 109 108 46/785
69 109 109 22/125
69 109 108 4/67
70 109 109 155/864
70 109 108 54/889
71 109 109 129/704
71 109 108 28/453
72 109 109 11/59
72 109 108 25/398
73 109 109 166/873
73 109 108 62/971
74 109 109 181/937
74 109 108 7/108
75 109 109 193/981
75 109 108 56/851
76 109 109 92/461
76 109 108 56/839
77 109 109 27/133
77 109 108 61/901
78 109 109 51/248
78 109 108 68/991
79 109 109 177/847
79 109 108 29/417
80 109 109 100/473
80 109 108 41/582
81 109 109 44/205
81 109 108 59/827
82 109 109 149/687
82 109 108 70/969
83 109 109 211/959
83 109 108 59/807
84 109 109 163/734
84 109 108 51/689
85 109 109 43/191
85 109 108 73/975
86 109 109 37/163
86 109 108 58/765
87 109 109 210/913
87 109 108 65/848
88 109 109 174/751
88 109 108 8/103
89 109 109 23/98
89 109 108 42/535
90 109 109 137/580
90 109 108 9/113
91 109 109 167/698
91 109 108 59/733
92 109 109 186/773
92 109 108 55/672
93 109 109 49/201
93 109 108 34/411
94 109 109 236/963
94 109 108 19/225
95 109 109 201/809
95 109 108 59/691
96 109 109 249/997
96 109 108 83/946
97 109 109 160/631
97 109 108 19/214
98 109 109 221/866
98 109 108 91/986
99 109 109 208/801
99 109 108 55/588
100 109 109 91/347
100 109 108 71/715
101 109 109 97/362
101 109 108 91/902
102 109 109 227/831
102 109 108 77/690
103 109 109 257/914
103 109 108 14/123
104 109 109 260/883
104 109 108 57/415
105 109 109 63/205
105 109 108 52/369
106 109 109 109/331
106 109 108 109/993
107 109 109 115/258
107 109 108 191/480
108 109 109 7/15
108 109 108 369/845
109 109 109 571/971
109 109 108 45/551
