# UNIF(n=137,lo,hi): D_ren + dipoles; lines "lo hi level amplitude" for the corrected intervals
116 116 116 11/287
116 116 115 -2/883
117 117 117 50/733
117 117 116 -1/720
118 118 118 16/413
118 118 117 -3/320
119 119 119 60/701
119 119 118 4/895
120 120 120 43/443
120 120 119 49/585
121 121 121 83/790
121 121 120 8/773
122 122 122 7/60
122 122 121 45/422
121 123 123 37/392
121 123 122 1/579
123 123 123 125/978
123 123 122 15/914
122 124 124 32/273
122 124 123 83/785
124 124 124 119/864
124 124 123 22/171
123 125 125 65/978
123 125 124 -5/193
125 125 125 151/969
125 125 124 20/873
122 126 126 133/978
122 126 125 124/925
124 126 126 18/115
124 126 125 155/972
126 126 126 163/990
126 126 125 82/527
123 127 127 140/899
123 127 126 8/301
125 127 127 65/959
125 127 126 -39/998
127 127 127 137/711
127 127 126 13/430
122 128 128 146/825
122 128 127 116/587
124 128 128 37/192
124 128 127 214/987
126 128 128 133/645
126 128 127 81/358
127 128 128 207/976
127 128 127 272/761
128 128 128 157/780
128 128 127 134/703
121 129 129 35/186
121 129 128 27/662
123 129 129 115/558
123 129 128 37/759
124 129 129 121/565
124 129 128 46/491
125 129 129 207/934
125 129 128 44/833
126 129 129 85/372
126 129 128 61/546
127 129 129 131/558
127 129 128 45/881
128 129 129 239/994
128 129 128 98/731
129 129 129 38/483
129 129 128 -59/807
120 130 130 49/620
120 130 129 -7/795
122 130 130 49/655
122 130 129 -4/179
123 130 130 49/898
123 130 129 -9/886
124 130 130 114/439
124 130 129 202/627
125 130 130 59/223
125 130 129 353/883
126 130 130 67/249
126 130 129 19/58
127 130 130 271/992
127 130 129 422/977
128 130 130 43/570
128 130 129 -44/699
129 130 130 10/427
129 130 129 -11/703
130 130 130 39/451
130 130 129 -74/893
119 131 131 78/289
119 131 130 38/521
120 131 131 170/613
120 131 130 39/404
121 131 131 263/925
121 131 130 59/730
122 131 131 16/55
122 131 130 16/147
123 131 131 232/781
123 131 130 39/451
124 131 131 185/611
124 131 130 94/775
125 131 131 301/977
125 131 130 14/157
126 131 131 210/671
126 131 130 131/971
127 131 131 133/419
127 131 130 43/492
128 131 131 316/983
128 131 130 131/862
129 131 131 275/846
129 131 130 41/528
130 131 131 43/131
130 131 130 142/797
131 131 131 331/1000
131 131 130 33/658
114 132 132 163/475
114 132 131 412/911
115 132 132 337/968
115 132 131 415/868
116 132 132 349/989
116 132 131 352/749
117 132 132 331/926
117 132 131 140/281
118 132 132 335/926
118 132 131 283/583
119 132 132 356/973
119 132 131 331/640
120 132 132 44/119
120 132 131 154/309
121 132 132 205/549
121 132 131 303/566
122 132 132 179/475
122 132 131 392/771
123 132 132 141/371
123 132 131 343/620
124 132 132 357/932
124 132 131 487/946
125 132 132 321/832
125 132 131 509/890
126 132 132 247/636
126 132 131 129/250
127 132 132 361/924
127 132 131 571/962
128 132 132 240/611
128 132 131 492/967
129 132 132 371/940
129 132 131 435/698
130 132 132 65/164
130 132 131 467/963
131 132 132 345/883
131 132 131 113/171
132 132 132 67/527
132 132 131 -38/303
108 133 133 99/250
108 133 132 102/995
109 133 133 129/320
109 133 132 65/632
110 133 133 41/100
110 133 132 101/891
111 133 133 412/989
111 133 132 79/702
112 133 133 206/487
112 133 132 85/688
113 133 133 333/776
113 133 132 46/379
114 133 133 87/200
114 133 132 80/601
115 133 133 141/320
115 133 132 15/116
116 133 133 223/500
116 133 132 27/190
117 133 133 60/133
117 133 132 92/675
118 133 133 57/125
118 133 132 139/923
119 133 133 310/673
119 133 132 129/907
120 133 133 93/200
120 133 132 153/964
121 133 133 433/923
121 133 132 113/769
122 133 133 473/1000
122 133 132 1/6
123 133 133 418/877
123 133 132 135/899
124 133 133 12/25
124 133 132 139/795
125 133 133 272/563
125 133 132 127/839
126 133 133 243/500
126 133 132 163/886
127 133 133 451/923
127 133 132 129/863
128 133 133 491/1000
128 133 132 118/603
129 133 133 251/509
129 133 132 45/317
130 133 133 99/200
130 133 132 79/369
131 133 133 368/741
131 133 132 33/271
132 133 133 249/500
132 133 132 181/718
133 133 133 285/571
133 133 132 58/919
97 134 134 51/158
97 134 133 206/939
98 134 134 98/299
98 134 133 17/75
99 134 134 323/979
99 134 133 51/217
100 134 134 211/630
100 134 133 211/872
101 134 134 228/677
101 134 133 1/4
102 134 134 228/667
102 134 133 163/635
103 134 134 217/632
103 134 133 259/979
104 134 134 245/703
104 134 133 253/934
105 134 134 264/755
105 134 133 266/955
106 134 134 153/431
106 134 133 253/889
107 134 134 201/565
107 134 133 59/202
108 134 134 340/941
108 134 133 171/574
109 134 134 213/589
109 134 133 301/986
110 134 134 179/487
110 134 133 227/730
111 134 134 18/49
111 134 133 204/641
112 134 134 194/519
112 134 133 286/883
113 134 134 279/748
113 134 133 311/939
114 134 134 46/121
114 134 133 185/549
115 134 134 39/103
115 134 133 280/813
116 134 134 330/853
116 134 133 339/967
117 134 134 193/502
117 134 133 91/254
118 134 134 382/969
118 134 133 61/167
119 134 134 302/773
119 134 133 273/731
120 134 134 323/802
120 134 133 277/725
121 134 134 348/875
121 134 133 79/202
122 134 134 260/629
122 134 133 238/591
123 134 134 13/32
123 134 133 240/581
124 134 134 388/907
124 134 133 96/223
125 134 134 322/771
125 134 133 405/914
126 134 134 58/129
126 134 133 461/976
127 134 134 153/352
127 134 133 131/268
128 134 134 96/197
128 134 133 481/883
129 134 134 367/791
129 134 133 183/322
130 134 134 403/771
130 134 133 62/103
131 134 134 171/356
131 134 133 190/299
132 134 134 393/590
132 134 133 530/609
133 134 134 336/569
133 134 133 893/929
134 134 134 519/961
134 134 133 151/346
72 135 135 49/373
72 135 134 34/727
73 135 135 98/725
73 135 134 11/230
74 135 135 19/137
74 135 134 25/512
75 135 135 43/302
75 135 134 17/341
76 135 135 57/391
76 135 134 43/846
77 135 135 95/636
77 135 134 44/849
78 135 135 127/832
78 135 134 41/777
79 135 135 42/269
79 135 134 41/763
80 135 135 18/113
80 135 134 47/860
81 135 135 129/793
81 135 134 55/989
82 135 135 144/869
82 135 134 24/425
83 135 135 109/645
83 135 134 54/941
84 135 135 93/541
84 135 134 35/601
85 135 135 149/851
85 135 134 35/592
86 135 135 119/669
86 135 134 22/367
87 135 135 173/956
87 135 134 56/921
88 135 135 83/452
88 135 134 30/487
89 135 135 53/284
89 135 134 57/913
90 135 135 164/867
90 135 134 62/981
91 135 135 29/151
91 135 134 61/953
92 135 135 190/977
92 135 134 9/139
93 135 135 188/953
93 135 134 50/763
94 135 135 183/917
94 135 134 53/800
95 135 135 71/351
95 135 134 53/791
96 135 135 175/856
96 135 134 48/709
97 135 135 199/961
97 135 134 31/453
98 135 135 124/593
98 135 134 66/955
99 135 135 167/789
99 135 134 65/931
100 135 135 211/988
100 135 134 53/752
101 135 135 167/773
101 135 134 39/548
102 135 135 203/932
102 135 134 53/738
103 135 135 135/613
103 135 134 49/676
104 135 135 69/311
104 135 134 40/547
105 135 135 137/611
105 135 134 56/759
106 135 135 179/793
106 135 134 71/954
107 135 135 122/535
107 135 134 59/786
108 135 135 220/959
108 135 134 29/383
109 135 135 136/587
109 135 134 72/943
110 135 135 208/893
110 135 134 53/688
111 135 135 135/574
111 135 134 8/103
112 135 135 194/821
112 135 134 49/625
113 135 135 209/876
113 135 134 72/911
114 135 135 109/455
114 135 134 44/551
115 135 135 209/864
115 135 134 64/795
116 135 135 151/622
116 135 134 40/491
117 135 135 115/469
117 135 134 23/280
118 135 135 46/187
118 135 134 1/12
119 135 135 133/535
119 135 134 77/916
120 135 135 195/782
120 135 134 31/362
121 135 135 28/111
121 135 134 58/671
122 135 135 203/802
122 135 134 61/688
123 135 135 109/425
123 135 134 31/346
124 135 135 251/974
124 135 134 61/656
125 135 135 255/974
125 135 134 93/988
126 135 135 221/837
126 135 134 99/992
127 135 135 52/193
127 135 134 86/849
128 135 135 107/390
128 135 134 107/956
129 135 135 213/755
129 135 134 111/973
130 135 135 281/952
130 135 134 37/269
131 135 135 157/510
131 135 134 45/319
132 135 135 268/813
132 135 134 109/992
133 135 135 440/987
133 135 134 64/161
134 135 135 181/388
134 135 134 339/776
135 135 135 421/716
135 135 134 17/208
