# UNIF(n=198,lo,hi): D_ren + dipoles; lines "lo hi level amplitude" for the corrected intervals
171 171 171 19/631
171 171 170 -1/760
172 172 172 42/827
172 172 171 -1/716
173 173 173 23/762
173 173 172 -5/897
174 174 174 26/425
174 174 173 1/458
175 175 175 22/717
175 175 174 -7/705
176 176 176 69/953
176 176 175 5/867
177 177 177 11/347
177 177 176 -11/760
178 178 178 62/731
178 178 177 7/744
179 179 179 65/701
179 179 178 79/931
178 180 180 71/980
178 180 179 1/1000
180 180 180 55/556
180 180 179 7/531
179 181 181 83/961
179 181 180 31/428
181 181 181 86/809
181 181 180 86/863
180 182 182 89/941
180 182 181 1/105
182 182 182 97/840
182 182 181 15/872
181 183 183 109/996
181 183 182 71/685
183 183 183 66/541
183 183 182 74/639
180 184 184 101/994
180 184 183 11/926
182 184 184 113/944
182 184 183 18/971
184 184 184 116/855
184 184 183 21/971
181 185 185 99/808
181 185 184 115/932
183 185 185 3/22
183 185 184 28/201
185 185 185 83/586
185 185 184 112/827
180 186 186 49/405
180 186 185 20/981
182 186 186 83/609
182 186 185 9/346
184 186 186 42/787
184 186 185 -29/853
186 186 186 26/161
186 186 185 9/337
181 187 187 134/901
181 187 186 163/995
183 187 187 91/569
183 187 186 116/657
185 187 187 83/489
185 187 186 15/82
186 187 187 152/873
186 187 186 121/413
187 187 187 41/245
187 187 186 135/842
180 188 188 73/470
180 188 187 35/979
182 188 188 121/721
182 188 187 5/124
183 188 188 135/778
183 188 187 69/856
184 188 188 159/889
184 188 187 8/189
185 188 188 159/865
185 188 187 52/555
186 188 188 40/683
186 188 187 -17/379
187 188 188 11/702
187 188 187 -5/718
188 188 188 45/229
188 188 187 11/335
179 189 189 157/861
179 189 188 93/428
181 189 189 125/651
181 189 188 3/13
182 189 189 188/957
182 189 188 191/663
183 189 189 199/992
183 189 188 223/928
184 189 189 100/489
184 189 188 65/209
185 189 189 41/197
185 189 188 103/421
186 189 189 70/331
186 189 188 323/961
187 189 189 162/755
187 189 188 7/29
188 189 189 5/23
188 189 188 40/109
189 189 189 149/734
189 189 188 153/790
178 190 190 1/5
178 190 189 13/238
179 190 190 15/73
179 190 189 16/207
180 190 190 184/873
180 190 189 23/385
181 190 190 115/533
181 190 189 53/612
182 190 190 209/948
182 190 189 41/648
183 190 190 103/458
183 190 189 63/655
184 190 190 172/751
184 190 189 31/479
185 190 190 17/73
185 190 189 100/937
186 190 190 157/664
186 190 189 43/681
187 190 190 35/146
187 190 189 115/962
188 190 190 242/997
188 190 189 56/989
189 190 190 215/876
189 190 189 48/349
190 190 190 1/13
190 190 189 -32/431
175 191 191 63/839
175 191 190 -6/617
176 191 191 23/350
176 191 190 -3/475
177 191 191 69/962
177 191 190 -15/832
178 191 191 21/344
178 191 190 -9/704
179 191 191 2/29
179 191 190 -23/889
180 191 191 24/425
180 191 190 -16/875
181 191 191 56/837
181 191 190 -33/989
182 191 191 31/598
182 191 190 -9/397
183 191 191 43/654
183 191 190 -33/811
184 191 191 34/725
184 191 190 -16/623
185 191 191 135/494
185 191 190 223/642
186 191 191 269/976
186 191 190 266/633
187 191 191 5/18
187 191 190 321/934
188 191 191 207/740
188 191 190 377/849
189 191 191 65/887
189 191 190 -62/921
190 191 191 17/770
190 191 190 -11/599
191 191 191 71/827
191 191 190 -44/523
172 192 192 77/288
172 192 191 54/703
173 192 192 124/455
173 192 191 69/775
174 192 192 217/782
174 192 191 25/301
175 192 192 35/124
175 192 191 64/663
176 192 192 37/129
176 192 191 78/881
177 192 192 99/340
177 192 191 67/646
178 192 192 215/728
178 192 191 15/161
179 192 192 167/558
179 192 191 29/262
180 192 192 10/33
180 192 191 61/630
181 192 192 233/760
181 192 191 2/17
182 192 192 203/655
182 192 191 96/967
183 192 192 242/773
183 192 191 87/697
184 192 192 310/981
184 192 191 73/729
185 192 192 182/571
185 192 191 115/866
186 192 192 222/691
186 192 191 82/831
187 192 192 255/788
187 192 191 75/526
188 192 192 100/307
188 192 191 89/953
189 192 192 77/235
189 192 191 125/799
190 192 192 250/759
190 192 191 76/941
191 192 192 136/411
191 192 191 85/472
192 192 192 298/897
192 192 191 47/921
165 193 193 336/979
165 193 192 239/527
166 193 193 243/701
166 193 192 419/895
167 193 193 7/20
167 193 192 463/992
168 193 193 77/218
168 193 192 481/998
169 193 193 315/884
169 193 192 398/831
170 193 193 244/679
170 193 192 449/907
171 193 193 359/991
171 193 192 474/967
172 193 193 349/956
172 193 192 171/337
173 193 193 89/242
173 193 192 500/999
174 193 193 10/27
174 193 192 515/992
175 193 193 368/987
175 193 192 188/369
176 193 193 203/541
176 193 192 341/643
177 193 193 339/898
177 193 192 134/259
178 193 193 325/856
178 193 192 112/207
179 193 193 347/909
179 193 192 493/941
180 193 193 193/503
180 193 192 551/999
181 193 193 379/983
181 193 192 55/104
182 193 193 311/803
182 193 192 181/322
183 193 193 387/995
183 193 192 67/126
184 193 193 41/105
184 193 192 305/532
185 193 193 368/939
185 193 192 242/455
186 193 193 267/679
186 193 192 17/29
187 193 193 71/180
187 193 192 238/451
188 193 193 89/225
188 193 192 495/821
189 193 193 23/58
189 193 192 370/717
190 193 193 219/551
190 193 192 22/35
191 193 193 319/801
191 193 192 451/923
192 193 193 159/406
192 193 192 269/406
193 193 193 240/691
193 193 192 191/606
156 194 194 66/167
156 194 193 16/159
157 194 194 399/997
157 194 193 89/835
158 194 194 81/200
158 194 193 24/223
159 194 194 59/144
159 194 193 109/959
160 194 194 191/461
160 194 193 109/954
161 194 194 410/979
161 194 193 85/706
162 194 194 212/501
162 194 193 84/697
163 194 194 259/606
163 194 193 61/481
164 194 194 419/971
164 194 193 124/981
165 194 194 233/535
165 194 193 109/820
166 194 194 29/66
166 194 193 43/326
167 194 194 191/431
167 194 193 24/173
168 194 194 21/47
168 194 193 77/562
169 194 194 349/775
169 194 193 15/104
170 194 194 201/443
170 194 193 53/374
171 194 194 388/849
171 194 193 139/930
172 194 194 52/113
172 194 193 20/137
173 194 194 403/870
173 194 193 141/913
174 194 194 179/384
174 194 193 77/514
175 194 194 219/467
175 194 193 149/936
176 194 194 449/952
176 194 193 66/431
177 194 194 239/504
177 194 193 160/977
178 194 194 245/514
178 194 193 70/449
179 194 194 433/904
179 194 193 124/737
180 194 194 307/638
180 194 193 131/829
181 194 194 159/329
181 194 193 52/301
182 194 194 329/678
182 194 193 76/477
183 194 194 321/659
183 194 193 101/569
184 194 194 197/403
184 194 193 56/351
185 194 194 77/157
185 194 193 111/607
186 194 194 61/124
186 194 193 133/841
187 194 194 332/673
187 194 193 51/269
188 194 194 91/184
188 194 193 120/779
189 194 194 173/349
189 194 193 57/286
190 194 194 378/761
190 194 193 89/615
191 194 194 417/838
191 194 193 196/907
192 194 194 309/620
192 194 193 41/333
193 194 194 261/523
193 194 193 175/692
194 194 194 499/999
194 194 193 33/520
139 195 195 145/452
139 195 194 203/983
140 195 195 141/437
140 195 194 131/617
141 195 195 113/347
141 195 194 213/980
142 195 195 312/953
142 195 194 159/713
143 195 195 37/112
143 195 194 18/79
144 195 195 325/979
144 195 194 228/977
145 195 195 141/421
145 195 194 144/605
146 195 195 73/217
146 195 194 46/189
147 195 195 113/333
147 195 194 29/117
148 195 195 108/317
148 195 194 143/565
149 195 195 256/745
149 195 194 209/812
150 195 195 10/29
150 195 194 21/80
151 195 195 305/877
151 195 194 265/994
152 195 195 15/43
152 195 194 239/880
153 195 195 127/361
153 195 194 197/715
154 195 195 91/258
154 195 194 113/403
155 195 195 355/998
155 195 194 235/827
156 195 195 185/519
156 195 194 180/623
157 195 195 87/242
157 195 194 43/147
158 195 195 202/561
158 195 194 159/535
159 195 195 227/625
159 195 194 95/316
160 195 195 361/993
160 195 194 286/937
161 195 195 84/229
161 195 194 286/927
162 195 195 331/902
162 195 194 175/559
163 195 195 10/27
163 195 194 271/857
164 195 195 137/370
164 195 194 178/555
165 195 195 286/765
165 195 194 271/837
166 195 195 344/921
166 195 194 259/789
167 195 195 363/962
167 195 194 317/957
168 195 195 84/223
168 195 194 323/962
169 195 195 219/575
169 195 194 21/62
170 195 195 362/953
170 195 194 310/903
171 195 195 243/632
171 195 194 89/257
172 195 195 321/838
172 195 194 311/886
173 195 195 332/855
173 195 194 17/48
174 195 195 17/44
174 195 194 79/220
175 195 195 363/925
175 195 194 62/171
176 195 195 223/572
176 195 194 345/938
177 195 195 272/685
177 195 194 119/320
178 195 195 263/668
178 195 194 165/437
179 195 195 283/703
179 195 194 349/912
180 195 195 260/653
180 195 194 370/951
181 195 195 357/872
181 195 194 255/644
182 195 195 381/944
182 195 194 311/771
183 195 195 113/270
183 195 194 411/994
184 195 195 283/689
184 195 194 128/303
185 195 195 382/885
185 195 194 371/846
186 195 195 157/373
186 195 194 337/749
187 195 195 318/703
187 195 194 468/979
188 195 195 412/943
188 195 194 341/691
189 195 195 449/918
189 195 194 526/959
190 195 195 383/823
190 195 194 457/800
191 195 195 11/21
191 195 194 397/657
192 195 195 446/927
192 195 194 625/981
193 195 195 665/998
193 195 194 290/333
194 195 195 153/259
194 195 194 427/444
195 195 195 343/635
195 195 194 427/978
105 196 196 9/68
105 196 195 17/363
106 196 196 127/941
106 196 195 36/757
107 196 196 123/895
107 196 195 40/829
108 196 196 139/993
108 196 195 33/674
109 196 196 89/625
109 196 195 48/967
110 196 196 101/697
110 196 195 15/298
111 196 196 43/292
111 196 195 51/1000
112 196 196 78/521
112 196 195 43/832
113 196 196 140/921
113 196 195 46/879
114 196 196 21/136
114 196 195 38/717
115 196 196 86/549
115 196 195 48/895
116 196 196 159/1000
116 196 195 19/350
117 196 196 93/577
117 196 195 14/255
118 196 196 94/575
118 196 195 1/18
119 196 196 155/936
119 196 195 53/944
120 196 196 71/423
120 196 195 13/229
121 196 196 96/565
121 196 195 23/401
122 196 196 137/796
122 196 195 4/69
123 196 196 113/649
123 196 195 49/837
124 196 196 150/851
124 196 195 56/947
125 196 196 175/982
125 196 195 4/67
126 196 196 152/843
126 196 195 39/647
127 196 196 88/483
127 196 195 43/707
128 196 196 145/787
128 196 195 38/619
129 196 196 179/962
129 196 195 53/856
130 196 196 41/218
130 196 195 1/16
131 196 196 71/374
131 196 195 57/905
132 196 196 187/975
132 196 195 27/425
133 196 196 125/646
133 196 195 55/859
134 196 196 17/87
134 196 195 53/821
135 196 196 147/746
135 196 195 8/123
136 196 196 73/367
136 196 195 63/961
137 196 196 81/404
137 196 195 55/833
138 196 196 193/954
138 196 195 65/977
139 196 196 117/574
139 196 195 14/209
140 196 196 191/929
140 196 195 50/741
141 196 196 129/623
141 196 195 47/692
142 196 196 19/91
142 196 195 50/731
143 196 196 194/923
143 196 195 17/247
144 196 196 207/977
144 196 195 51/736
145 196 196 155/727
145 196 195 29/416
146 196 196 191/889
146 196 195 67/955
147 196 196 59/273
147 196 195 47/666
148 196 196 86/395
148 196 195 49/690
149 196 196 192/877
149 196 195 1/14
150 196 196 170/771
150 196 195 62/863
151 196 196 84/379
151 196 195 13/180
152 196 196 79/354
152 196 195 17/234
153 196 196 37/165
153 196 195 59/808
154 196 196 207/917
154 196 195 34/463
155 196 196 39/172
155 196 195 20/271
156 196 196 199/872
156 196 195 21/283
157 196 196 228/995
157 196 195 73/979
158 196 196 101/438
158 196 195 53/707
159 196 196 231/998
159 196 195 65/863
160 196 196 228/979
160 196 195 53/700
161 196 196 111/475
161 196 195 41/539
162 196 196 205/872
162 196 195 38/497
163 196 196 133/564
163 196 195 55/716
164 196 196 167/704
164 196 195 21/272
165 196 196 201/845
165 196 195 46/593
166 196 196 223/932
166 196 195 52/667
167 196 196 124/517
167 196 195 72/919
168 196 196 69/286
168 196 195 10/127
169 196 196 22/91
169 196 195 41/518
170 196 196 170/699
170 196 195 79/993
171 196 196 153/628
171 196 195 2/25
172 196 196 201/820
172 196 195 76/945
173 196 196 217/884
173 196 195 65/803
174 196 196 146/591
174 196 195 80/983
175 196 196 162/655
175 196 195 31/378
176 196 196 187/751
176 196 195 8/97
177 196 196 245/983
177 196 195 83/997
178 196 196 176/701
178 196 195 79/943
179 196 196 49/195
179 196 195 24/283
180 196 196 208/821
180 196 195 66/773
181 196 196 141/556
181 196 195 52/599
182 196 196 245/957
182 196 195 58/663
183 196 196 10/39
183 196 195 55/614
184 196 196 118/455
184 196 195 79/874
185 196 196 243/934
185 196 195 77/822
186 196 196 166/629
186 196 195 43/454
187 196 196 164/617
187 196 195 69/688
188 196 196 107/395
188 196 195 6/59
189 196 196 116/421
189 196 195 109/971
190 196 196 197/696
190 196 195 63/551
191 196 196 129/436
191 196 195 50/363
192 196 196 107/347
192 196 195 49/347
193 196 196 295/894
193 196 195 109/991
194 196 196 247/554
194 196 195 303/763
195 196 196 83/178
195 196 195 347/794
196 196 196 555/944
196 196 195 31/379
