# UNIF(n=72,lo,hi): D_ren + dipoles; lines "lo hi level amplitude" for the corrected intervals
58 58 58 64/727
58 58 57 -5/616
59 59 59 90/799
59 59 58 17/207
60 60 60 73/574
60 60 59 5/987
61 61 61 152/999
61 61 60 104/789
62 62 62 173/998
62 62 61 17/943
61 63 63 125/763
61 63 62 76/523
63 63 63 170/879
63 63 62 61/348
62 64 64 155/797
62 64 63 4/159
64 64 64 85/974
64 64 63 -41/612
61 65 65 79/351
61 65 64 190/789
63 65 65 31/355
63 65 64 -13/311
64 65 65 11/357
64 65 64 -1/402
65 65 65 49/545
65 65 64 -71/925
62 66 66 163/592
62 66 65 36/605
63 66 66 96/331
63 66 65 8/61
64 66 66 191/630
64 66 65 61/966
65 66 66 147/467
65 66 65 164/969
66 66 66 140/431
66 66 65 38/825
59 67 67 208/615
59 67 66 350/831
61 67 67 113/316
61 67 66 103/228
62 67 67 41/112
62 67 66 418/771
63 67 67 299/800
63 67 66 333/710
64 67 67 161/423
64 67 66 212/357
65 67 67 29/75
65 67 66 323/695
66 67 67 365/944
66 67 66 15/23
67 67 67 186/539
67 67 66 127/409
57 68 68 202/503
57 68 67 92/787
58 68 68 241/581
58 68 67 56/523
59 68 68 208/487
59 68 67 109/790
60 68 68 303/691
60 68 67 73/607
61 68 68 22/49
61 68 67 31/196
62 68 68 365/796
62 68 67 119/926
63 68 68 235/503
63 68 67 12/67
64 68 68 417/878
64 68 67 83/642
65 68 68 423/878
65 68 67 185/903
66 68 68 337/691
66 68 67 81/701
67 68 68 169/343
67 68 67 233/938
68 68 68 467/940
68 68 67 23/374
51 69 69 323/951
51 69 68 110/461
52 69 69 41/120
52 69 68 179/697
53 69 69 287/807
53 69 68 23/84
54 69 69 318/893
54 69 68 65/223
55 69 69 228/613
55 69 68 297/961
56 69 69 123/332
56 69 68 16/49
57 69 69 37/95
57 69 68 199/575
58 69 69 367/952
58 69 68 258/709
59 69 69 239/583
59 69 68 290/747
60 69 69 353/877
60 69 68 90/221
61 69 69 409/936
61 69 68 165/373
62 69 69 311/733
62 69 68 227/489
63 69 69 433/904
63 69 68 21/40
64 69 69 382/835
64 69 68 543/982
65 69 69 221/427
65 69 68 197/334
66 69 69 409/858
66 69 68 299/477
67 69 69 539/811
67 69 68 864/997
68 69 69 487/826
68 69 68 538/561
69 69 69 34/63
69 69 68 27/62
39 70 70 135/982
39 70 69 47/946
40 70 70 113/780
40 70 69 49/947
41 70 70 18/119
41 70 69 23/428
42 70 70 142/897
42 70 69 22/395
43 70 70 34/207
43 70 69 31/538
44 70 70 113/661
44 70 69 53/891
45 70 70 3/17
45 70 69 10/163
46 70 70 49/268
46 70 69 19/301
47 70 70 59/314
47 70 69 43/662
48 70 70 187/964
48 70 69 1/15
49 70 70 57/287
49 70 69 63/920
50 70 70 83/406
50 70 69 64/913
51 70 70 29/139
51 70 69 46/639
52 70 70 3/14
52 70 69 62/843
53 70 70 169/775
53 70 69 13/172
54 70 70 169/756
54 70 69 33/428
55 70 70 205/903
55 70 69 39/491
56 70 70 199/856
56 70 69 48/593
57 70 70 62/263
57 70 69 83/990
58 70 70 237/982
58 70 69 38/445
59 70 70 218/891
59 70 69 58/649
60 70 70 175/698
60 70 69 60/659
61 70 70 202/793
61 70 69 94/967
62 70 70 245/936
62 70 69 83/837
63 70 70 48/179
63 70 69 94/853
64 70 70 257/927
64 70 69 101/896
65 70 70 109/374
65 70 69 126/923
66 70 70 119/390
66 70 69 134/955
67 70 70 321/979
67 70 69 107/979
68 70 70 233/523
68 70 69 207/518
69 70 70 36/77
69 70 69 331/759
70 70 70 573/974
70 70 69 76/933
