# UNIF(n=238,lo,hi): D_ren + dipoles; lines "lo hi level amplitude" for the corrected intervals
208 208 208 31/731
208 208 207 -2/965
209 209 209 8/301
209 209 208 -1/282
210 210 210 47/933
210 210 209 1/1000
211 211 211 17/634
211 211 210 -6/869
212 212 212 1/17
212 212 211 3/842
213 213 213 15/548
213 213 212 -7/676
214 214 214 27/397
214 214 213 5/781
215 215 215 16/565
215 215 214 -5/358
216 216 216 76/973
216 216 215 2/215
217 217 217 8/269
217 217 216 -11/617
216 218 218 41/613
216 218 217 1/555
218 218 218 75/838
218 218 217 6/487
217 219 219 1/27
217 219 218 -3/472
219 219 219 73/763
219 219 218 10/111
218 220 220 74/877
218 220 219 8/947
220 220 220 88/857
220 220 219 8/515
219 221 221 94/979
219 221 220 81/904
221 221 221 86/795
221 221 220 89/864
218 222 222 75/854
218 222 221 9/982
220 222 222 76/731
220 222 221 6/389
222 222 222 9/76
222 222 221 2/105
219 223 223 8/189
219 223 222 -2/237
221 223 223 41/351
221 223 222 115/984
223 223 223 108/875
223 223 222 85/718
218 224 224 29/289
218 224 223 8/551
220 224 224 71/621
220 224 223 15/752
222 224 224 103/812
222 224 223 19/824
224 224 224 111/805
224 224 223 19/825
219 225 225 17/140
219 225 224 123/962
221 225 225 23/174
221 225 224 41/291
223 225 225 73/515
223 225 224 65/436
225 225 225 118/827
225 225 224 71/517
218 226 226 97/787
218 226 225 18/725
220 226 226 129/955
220 226 225 1/34
222 226 226 141/968
222 226 225 21/656
223 226 226 31/206
223 226 225 22/281
224 226 226 43/864
224 226 225 -35/962
225 226 226 135/848
225 226 225 16/175
226 226 226 38/233
226 226 225 16/577
217 227 227 43/306
217 227 226 89/562
219 227 227 143/952
219 227 226 164/953
221 227 227 113/711
221 227 226 111/608
222 227 227 138/847
222 227 226 227/913
223 227 227 1/6
223 227 226 89/471
224 227 227 169/993
224 227 226 235/866
225 227 227 166/957
225 227 226 141/743
226 227 227 3/17
226 227 226 179/602
227 227 227 20/119
227 227 226 70/433
218 228 228 136/853
218 228 227 26/635
220 228 228 81/479
220 228 227 8/179
221 228 228 21/121
221 228 227 39/511
222 228 228 131/737
222 228 227 21/449
223 228 228 129/710
223 228 227 25/291
224 228 228 180/971
224 228 227 40/859
225 228 228 27/143
225 228 227 79/815
226 228 228 13/232
226 228 227 -27/580
227 228 228 8/569
227 228 227 -8/995
228 228 228 180/911
228 228 227 11/328
215 229 229 94/525
215 229 228 150/691
217 229 229 167/892
217 229 228 219/953
218 229 229 149/780
218 229 228 226/841
219 229 229 80/411
219 229 228 31/129
220 229 229 62/313
220 229 228 2/7
221 229 229 121/601
221 229 228 69/278
222 229 229 93/455
222 229 228 296/977
223 229 229 57/275
223 229 228 159/629
224 229 229 198/943
224 229 228 239/744
225 229 229 201/946
225 229 228 113/447
226 229 229 151/703
226 229 228 89/260
227 229 229 41/189
227 229 228 175/712
228 229 229 211/964
228 229 228 203/549
229 229 229 165/811
229 229 228 64/329
214 230 230 139/702
214 230 229 13/232
215 230 230 46/227
215 230 229 67/928
216 230 230 193/932
216 230 229 19/312
217 230 230 209/989
217 230 229 48/605
218 230 230 213/989
218 230 229 12/185
219 230 230 73/333
219 230 229 61/706
220 230 230 115/516
220 230 229 37/546
221 230 230 184/813
221 230 229 60/641
222 230 230 163/710
222 230 229 7/101
223 230 230 211/907
223 230 229 100/987
224 230 230 203/862
224 230 229 59/855
225 230 230 171/718
225 230 229 69/626
226 230 230 199/827
226 230 229 35/531
227 230 230 171/704
227 230 229 77/633
228 230 230 73/298
228 230 229 43/740
229 230 230 215/871
229 230 229 131/946
230 230 230 58/759
230 230 229 -71/952
211 231 231 31/422
211 231 230 -9/907
212 231 231 28/421
212 231 230 -7/894
213 231 231 53/751
213 231 230 -14/845
214 231 231 11/175
214 231 230 -13/974
215 231 231 59/867
215 231 230 -21/919
216 231 231 7/118
216 231 230 -16/877
217 231 231 61/925
217 231 230 -24/833
218 231 231 21/376
218 231 230 -2/89
219 231 231 53/824
219 231 230 -30/869
220 231 231 51/974
220 231 230 -17/655
221 231 231 5/79
221 231 230 -33/823
222 231 231 43/883
222 231 230 -18/631
223 231 231 50/793
223 231 230 -31/678
224 231 231 41/919
224 231 230 -5/167
225 231 231 23/83
225 231 230 243/685
226 231 231 211/757
226 231 230 26/61
227 231 231 51/182
227 231 230 339/973
228 231 231 243/863
228 231 230 440/983
229 231 231 30/413
229 231 230 -47/686
230 231 231 15/692
230 231 230 -3/157
231 231 231 52/607
231 231 230 -37/438
206 232 232 84/319
206 232 231 41/544
207 232 232 200/747
207 232 231 37/440
208 232 232 173/636
208 232 231 20/247
209 232 232 66/239
209 232 231 67/742
210 232 232 79/282
210 232 231 57/662
211 232 232 236/831
211 232 231 33/343
212 232 232 103/358
212 232 231 49/540
213 232 232 127/436
213 232 231 60/589
214 232 232 173/587
214 232 231 57/601
215 232 232 45/151
215 232 231 91/848
216 232 232 284/943
216 232 231 6/61
217 232 232 80/263
217 232 231 25/222
218 232 232 74/241
218 232 231 17/168
219 232 232 307/991
219 232 231 60/509
220 232 232 164/525
220 232 231 93/901
221 232 232 312/991
221 232 231 116/941
222 232 232 111/350
222 232 231 42/403
223 232 232 243/761
223 232 231 63/488
224 232 232 295/918
224 232 231 93/896
225 232 232 299/925
225 232 231 114/839
226 232 232 13/40
226 232 231 58/573
227 232 232 178/545
227 232 231 58/401
228 232 232 104/317
228 232 231 74/779
229 232 232 28/85
229 232 231 99/628
230 232 232 121/366
230 232 231 55/674
231 232 232 263/793
231 232 231 175/969
232 232 232 144/433
232 232 231 51/995
199 233 233 268/777
199 233 232 148/323
200 233 233 330/949
200 233 232 452/963
201 233 233 293/836
201 233 232 38/81
202 233 233 297/841
202 233 232 62/129
203 233 233 164/461
203 233 232 198/413
204 233 233 249/695
204 233 232 227/462
205 233 233 338/937
205 233 232 67/137
206 233 233 187/515
206 233 232 325/648
207 233 233 262/717
207 233 232 125/251
208 233 233 25/68
208 233 232 341/667
209 233 233 169/457
209 233 232 323/638
210 233 233 299/804
210 233 232 305/586
211 233 233 341/912
211 233 232 242/471
212 233 233 333/886
212 233 232 461/871
213 233 233 122/323
213 233 232 519/997
214 233 233 337/888
214 233 232 435/809
215 233 233 268/703
215 233 232 517/982
216 233 233 152/397
216 233 232 399/731
217 233 233 173/450
217 233 232 245/461
218 233 233 335/868
218 233 232 381/688
219 233 233 227/586
219 233 232 356/665
220 233 233 269/692
220 233 232 141/251
221 233 233 367/941
221 233 232 504/937
222 233 233 383/979
222 233 232 476/835
223 233 233 359/915
223 233 232 397/737
224 233 233 203/516
224 233 232 95/164
225 233 233 338/857
225 233 232 487/907
226 233 233 270/683
226 233 232 506/857
227 233 233 330/833
227 233 232 298/561
228 233 233 310/781
228 233 232 467/771
229 233 233 301/757
229 233 232 470/907
230 233 233 272/683
230 233 232 489/776
231 233 233 132/331
231 233 232 381/778
232 233 233 183/467
232 233 232 61/92
233 233 233 304/875
233 233 232 299/948
187 234 234 358/911
187 234 233 13/129
188 234 234 334/841
188 234 233 83/812
189 234 234 65/162
189 234 233 92/861
190 234 234 263/649
190 234 233 90/833
191 234 234 268/655
191 234 233 71/630
192 234 234 413/1000
192 234 233 111/977
193 234 234 378/907
193 234 233 73/617
194 234 234 214/509
194 234 233 103/866
195 234 234 413/974
195 234 233 119/962
196 234 234 59/138
196 234 233 78/629
197 234 234 103/239
197 234 233 121/939
198 234 234 119/274
198 234 233 59/458
199 234 234 396/905
199 234 233 19/142
200 234 234 212/481
200 234 233 133/997
201 234 234 411/926
201 234 233 114/823
202 234 234 185/414
202 234 233 53/385
203 234 234 215/478
203 234 233 125/874
204 234 234 411/908
204 234 233 69/487
205 234 234 337/740
205 234 233 118/801
206 234 234 235/513
206 234 233 97/667
207 234 234 293/636
207 234 233 134/885
208 234 234 277/598
208 234 233 60/403
209 234 234 61/131
209 234 233 73/470
210 234 234 117/250
210 234 233 97/638
211 234 234 87/185
211 234 233 101/635
212 234 234 386/817
212 234 233 151/975
213 234 234 457/963
213 234 233 155/953
214 234 234 285/598
214 234 233 31/197
215 234 234 78/163
215 234 233 151/909
216 234 234 49/102
216 234 233 59/370
217 234 234 446/925
217 234 233 89/525
218 234 234 15/31
218 234 233 29/180
219 234 234 167/344
219 234 233 170/983
220 234 234 337/692
220 234 233 79/487
221 234 234 169/346
221 234 233 3/17
222 234 234 24/49
222 234 233 154/947
223 234 234 468/953
223 234 233 160/887
224 234 234 255/518
224 234 233 35/216
225 234 234 112/227
225 234 233 37/200
226 234 234 488/987
226 234 233 111/694
227 234 234 482/973
227 234 233 30/157
228 234 234 66/133
228 234 233 127/818
229 234 234 418/841
229 234 233 155/774
230 234 234 329/661
230 234 233 8/55
231 234 234 151/303
231 234 233 99/457
232 234 234 447/896
232 234 233 112/907
233 234 234 378/757
233 234 233 163/644
234 234 234 499/999
234 234 233 49/771
167 235 235 294/919
167 235 234 173/843
168 235 235 309/961
168 235 234 143/681
169 235 235 310/957
169 235 234 154/719
170 235 235 221/679
170 235 234 72/329
171 235 235 219/668
171 235 234 72/323
172 235 235 273/829
172 235 234 217/954
173 235 235 263/793
173 235 234 28/121
174 235 235 333/1000
174 235 234 25/106
175 235 235 276/823
175 235 234 139/580
176 235 235 236/701
176 235 234 173/709
177 235 235 281/829
177 235 234 80/323
178 235 235 265/779
178 235 234 163/647
179 235 235 25/73
179 235 234 35/137
180 235 235 279/812
180 235 234 182/701
181 235 235 331/957
181 235 234 237/901
182 235 235 213/614
182 235 234 203/760
183 235 235 213/610
183 235 234 63/233
184 235 235 299/854
184 235 234 183/667
185 235 235 191/542
185 235 234 58/209
186 235 235 71/201
186 235 234 56/199
187 235 235 235/661
187 235 234 95/334
188 235 235 57/160
188 235 234 228/791
189 235 235 289/806
189 235 234 23/79
190 235 235 139/387
190 235 234 294/997
191 235 235 124/343
191 235 234 292/981
192 235 235 101/279
192 235 234 204/677
193 235 235 305/837
193 235 234 145/477
194 235 235 89/244
194 235 234 259/842
195 235 235 159/433
195 235 234 205/661
196 235 235 97/264
196 235 234 309/985
197 235 235 165/446
197 235 234 288/911
198 235 235 232/627
198 235 234 39/122
199 235 235 139/373
199 235 234 265/823
200 235 235 19/51
200 235 234 305/937
201 235 235 295/786
201 235 234 254/775
202 235 235 3/8
202 235 234 53/160
203 235 235 271/717
203 235 234 1/3
204 235 235 77/204
204 235 234 249/739
205 235 235 271/712
205 235 234 336/991
206 235 235 264/695
206 235 234 86/251
207 235 235 271/707
207 235 234 343/995
208 235 235 263/688
208 235 234 247/709
209 235 235 222/575
209 235 234 279/796
210 235 235 302/785
210 235 234 62/175
211 235 235 177/455
211 235 234 323/906
212 235 235 170/439
212 235 234 332/921
213 235 235 391/997
213 235 234 184/507
214 235 235 147/377
214 235 234 333/907
215 235 235 129/326
215 235 234 101/273
216 235 235 11/28
216 235 234 215/574
217 235 235 399/998
217 235 234 203/537
218 235 235 166/419
218 235 234 382/997
219 235 235 389/961
219 235 234 145/374
220 235 235 399/997
220 235 234 355/902
221 235 235 206/501
221 235 234 2/5
222 235 235 47/116
222 235 234 341/838
223 235 235 401/955
223 235 234 412/989
224 235 235 283/687
224 235 234 372/875
225 235 235 151/349
225 235 234 41/93
226 235 235 213/505
226 235 234 451/998
227 235 235 140/309
227 235 234 307/640
228 235 235 7/16
228 235 234 479/968
229 235 235 47/96
229 235 234 449/817
230 235 235 435/934
230 235 234 123/215
231 235 235 511/975
231 235 234 565/934
232 235 235 245/509
232 235 234 621/974
233 235 235 665/998
233 235 234 304/349
234 235 235 231/391
234 235 234 857/891
235 235 235 121/224
235 235 234 424/971
125 236 236 63/485
125 236 235 10/217
126 236 236 7/53
126 236 235 12/257
127 236 236 86/641
127 236 235 46/973
128 236 236 122/895
128 236 235 9/188
129 236 236 123/889
129 236 235 39/805
130 236 236 42/299
130 236 235 38/775
131 236 236 107/751
131 236 235 49/988
132 236 236 61/422
132 236 235 44/877
133 236 236 143/976
133 236 235 7/138
134 236 236 108/727
134 236 235 2/39
135 236 236 31/206
135 236 235 17/328
136 236 236 138/905
136 236 235 45/859
137 236 236 113/732
137 236 235 39/737
138 236 236 111/710
138 236 235 27/505
139 236 236 143/904
139 236 235 21/389
140 236 236 110/687
140 236 235 41/752
141 236 236 74/457
141 236 235 35/636
142 236 236 163/995
142 236 235 1/18
143 236 236 128/773
143 236 235 56/999
144 236 236 143/854
144 236 235 34/601
145 236 236 45/266
145 236 235 40/701
146 236 236 125/731
146 236 235 35/608
147 236 236 153/886
147 236 235 57/982
148 236 236 149/854
148 236 235 49/837
149 236 236 59/335
149 236 235 19/322
150 236 236 82/461
150 236 235 47/790
151 236 236 7/39
151 236 235 25/417
152 236 236 133/734
152 236 235 31/513
153 236 236 70/383
153 236 235 54/887
154 236 236 102/553
154 236 235 53/864
155 236 236 61/328
155 236 235 16/259
156 236 236 94/501
156 236 235 59/948
157 236 236 125/661
157 236 235 49/782
158 236 236 37/194
158 236 235 13/206
159 236 236 157/817
159 236 235 31/488
160 236 236 31/160
160 236 235 41/641
161 236 236 161/825
161 236 235 28/435
162 236 236 143/727
162 236 235 37/571
163 236 236 143/722
163 236 235 53/813
164 236 236 94/471
164 236 235 29/442
165 236 236 45/224
165 236 235 59/894
166 236 236 17/84
166 236 235 17/256
167 236 236 145/712
167 236 235 39/584
168 236 236 201/980
168 236 235 26/387
169 236 236 202/979
169 236 235 46/681
170 236 236 75/361
170 236 235 32/471
171 236 236 14/67
171 236 235 14/205
172 236 236 175/832
172 236 235 66/961
173 236 236 151/714
173 236 235 41/594
174 236 236 179/841
174 236 235 22/317
175 236 236 135/631
175 236 235 47/674
176 236 236 203/943
176 236 235 49/699
177 236 236 98/453
177 236 235 5/71
178 236 236 195/896
178 236 235 63/890
179 236 236 68/311
179 236 235 31/436
180 236 236 170/773
180 236 235 1/14
181 236 236 203/919
181 236 235 31/432
182 236 236 221/995
182 236 235 38/527
183 236 236 118/529
183 236 235 69/953
184 236 236 109/486
184 236 235 71/976
185 236 236 213/946
185 236 235 13/178
186 236 236 213/941
186 236 235 65/886
187 236 236 122/537
187 236 235 19/258
188 236 236 124/543
188 236 235 52/703
189 236 236 228/995
189 236 235 32/431
190 236 236 225/977
190 236 235 73/979
191 236 236 67/290
191 236 235 69/922
192 236 236 166/715
192 236 235 75/998
193 236 236 163/700
193 236 235 73/968
194 236 236 73/312
194 236 235 34/449
195 236 236 202/861
195 236 235 56/737
196 236 236 33/140
196 236 235 65/852
197 236 236 220/931
197 236 235 63/823
198 236 236 212/893
198 236 235 76/989
199 236 236 212/891
199 236 235 61/791
200 236 236 207/866
200 236 235 12/155
201 236 236 234/977
201 236 235 47/605
202 236 236 32/133
202 236 235 45/577
203 236 236 47/195
203 236 235 9/115
204 236 236 177/731
204 236 235 11/140
205 236 236 97/400
205 236 235 47/596
206 236 236 86/353
206 236 235 65/821
207 236 236 191/783
207 236 235 55/692
208 236 236 237/967
208 236 235 32/401
209 236 236 171/697
209 236 235 67/836
210 236 236 89/361
210 236 235 54/671
211 236 236 151/612
211 236 235 52/643
212 236 236 247/996
212 236 235 77/948
213 236 236 166/669
213 236 235 62/759
214 236 236 122/489
214 236 235 70/853
215 236 236 147/589
215 236 235 79/956
216 236 236 178/709
216 236 235 73/879
217 236 236 113/450
217 236 235 31/370
218 236 236 251/993
218 236 235 77/914
219 236 236 202/799
219 236 235 71/833
220 236 236 229/899
220 236 235 50/583
221 236 236 251/985
221 236 235 78/895
222 236 236 145/564
222 236 235 74/843
223 236 236 131/509
223 236 235 23/256
224 236 236 243/934
224 236 235 86/949
225 236 236 6/23
225 236 235 72/767
226 236 236 41/155
226 236 235 89/938
227 236 236 151/567
227 236 235 70/697
228 236 236 261/962
228 236 235 28/275
229 236 236 8/29
229 236 235 101/899
230 236 236 253/893
230 236 235 77/673
231 236 236 151/510
231 236 235 109/791
232 236 236 29/94
232 236 235 88/623
233 236 236 135/409
233 236 235 45/409
234 236 236 383/859
234 236 235 397/1000
235 236 236 359/770
235 236 235 191/437
236 236 236 525/893
236 236 235 76/929
