# UNIF(n=130,lo,hi): D_ren + dipoles; lines "lo hi level amplitude" for the corrected intervals
110 110 110 50/773
110 110 109 -3/983
111 111 111 7/174
111 111 110 -2/263
112 112 112 12/145
112 112 111 2/639
113 113 113 89/939
113 113 112 20/253
114 114 114 65/632
114 114 113 9/968
115 115 115 89/768
115 115 114 31/296
116 116 116 124/983
116 116 115 15/961
115 117 117 37/327
115 117 116 61/628
117 117 117 131/955
117 117 116 120/943
116 118 118 54/785
116 118 117 -22/927
118 118 118 152/983
118 118 117 9/403
117 119 119 89/579
117 119 118 27/176
119 119 119 80/487
119 119 118 107/692
116 120 120 111/736
116 120 119 13/537
118 120 120 69/994
118 120 119 -17/453
120 120 120 85/443
120 120 119 29/972
115 121 121 38/221
115 121 120 179/960
117 121 121 147/776
117 121 120 123/587
119 121 121 37/181
119 121 120 221/994
120 121 121 196/929
120 121 120 241/679
121 121 121 153/761
121 121 120 186/979
116 122 122 33/164
116 122 121 41/884
118 122 122 149/682
118 122 121 2/39
119 122 122 97/429
119 122 121 67/606
120 122 122 210/901
120 122 121 49/975
121 122 122 62/259
121 122 121 84/629
122 122 122 50/633
122 122 121 -49/673
115 123 123 61/788
115 123 122 -7/366
116 123 123 13/229
116 123 122 -3/404
117 123 123 104/405
117 123 122 47/149
118 123 123 252/961
118 123 122 360/913
119 123 123 190/711
119 123 122 193/597
120 123 123 53/195
120 123 122 427/996
121 123 123 27/355
121 123 122 -61/981
122 123 123 1/42
122 123 122 -13/857
123 123 123 50/577
123 123 122 -10/121
112 124 124 46/175
112 124 123 64/921
113 124 124 167/616
113 124 123 79/845
114 124 124 70/251
114 124 123 39/499
115 124 124 172/601
115 124 123 75/704
116 124 124 269/918
116 124 123 6/71
117 124 124 147/491
117 124 123 103/861
118 124 124 156/511
118 124 123 59/672
119 124 124 119/383
119 124 123 131/979
120 124 124 244/773
120 124 123 79/913
121 124 124 97/303
121 124 123 97/641
122 124 124 47/145
122 124 123 64/829
123 124 124 251/766
123 124 123 140/787
124 124 124 85/257
124 124 123 1/20
109 125 125 307/883
109 125 124 394/863
110 125 125 97/275
110 125 124 472/971
111 125 125 133/372
111 125 124 177/373
112 125 125 361/997
112 125 124 34/67
113 125 125 133/363
113 125 124 335/684
114 125 125 163/440
114 125 124 523/991
115 125 125 64/171
115 125 124 137/273
116 125 125 133/352
116 125 124 524/957
117 125 125 85/223
117 125 124 486/953
118 125 125 317/825
118 125 124 456/803
119 125 125 377/974
119 125 124 485/946
120 125 125 309/793
120 125 124 13/22
121 125 125 49/125
121 125 124 489/965
122 125 125 80/203
122 125 124 447/719
123 125 125 78/197
123 125 124 481/994
124 125 125 366/937
124 125 124 249/377
125 125 125 299/862
125 125 124 225/716
102 126 126 257/655
102 126 125 37/379
103 126 126 2/5
103 126 125 88/811
104 126 126 365/896
104 126 125 90/833
105 126 126 109/263
105 126 125 8/67
106 126 126 329/781
106 126 125 73/621
107 126 126 388/907
107 126 125 109/841
108 126 126 352/811
108 126 125 85/674
109 126 126 11/25
109 126 125 38/273
110 126 126 316/709
110 126 125 27/202
111 126 126 263/583
111 126 125 71/479
112 126 126 73/160
112 126 125 109/778
113 126 126 83/180
113 126 125 93/593
114 126 126 224/481
114 126 125 60/413
115 126 126 47/100
115 126 125 19/115
116 126 126 73/154
116 126 125 109/732
117 126 126 43/90
117 126 125 102/587
118 126 126 77/160
118 126 125 65/432
119 126 126 109/225
119 126 125 107/584
120 126 126 482/989
120 126 125 46/309
121 126 126 49/100
121 126 125 179/917
122 126 126 419/851
122 126 125 127/897
123 126 126 89/180
123 126 125 99/463
124 126 126 397/800
124 126 125 49/403
125 126 126 112/225
125 126 125 159/631
126 126 126 257/515
126 126 125 7/111
91 127 127 133/412
91 127 126 34/163
92 127 127 174/535
92 127 126 61/280
93 127 127 77/233
93 127 126 202/895
94 127 127 145/436
94 127 126 88/375
95 127 127 324/959
95 127 126 177/731
96 127 127 289/851
96 127 126 229/913
97 127 127 168/487
97 127 126 203/787
98 127 127 346/999
98 127 126 61/229
99 127 127 348/989
99 127 126 165/604
100 127 127 187/530
100 127 126 121/430
101 127 127 71/198
101 127 126 167/580
102 127 127 330/919
102 127 126 272/919
103 127 127 256/701
103 127 126 302/999
104 127 127 348/953
104 127 126 103/332
105 127 127 216/581
105 127 126 213/673
106 127 127 36/97
106 127 126 145/447
107 127 127 260/687
107 127 126 295/892
108 127 127 204/541
108 127 126 190/561
109 127 127 143/371
109 127 126 67/194
110 127 127 346/903
110 127 126 309/874
111 127 127 351/893
111 127 126 313/867
112 127 127 316/811
112 127 126 302/817
113 127 127 133/331
113 127 126 245/647
114 127 127 281/708
114 127 126 241/621
115 127 127 307/744
115 127 126 2/5
116 127 127 245/604
116 127 126 373/908
117 127 127 138/323
117 127 126 3/7
118 127 127 403/966
118 127 126 49/111
119 127 127 146/325
119 127 126 235/499
120 127 127 43/99
120 127 126 415/851
121 127 127 207/425
121 127 126 453/833
122 127 127 32/69
122 127 126 361/636
123 127 127 452/865
123 127 126 347/577
124 127 127 85/177
124 127 126 221/348
125 127 127 355/533
125 127 126 395/454
126 127 127 261/442
126 127 126 99/103
127 127 127 182/337
127 127 126 391/896
69 128 128 16/121
69 128 127 4/85
70 128 128 121/888
70 128 127 45/934
71 128 128 97/693
71 128 127 49/995
72 128 128 20/139
72 128 127 15/298
73 128 128 87/590
73 128 127 49/954
74 128 128 18/119
74 128 127 51/973
75 128 128 28/181
75 128 127 18/337
76 128 128 156/985
76 128 127 27/496
77 128 128 27/167
77 128 127 39/704
78 128 128 58/351
78 128 127 49/869
79 128 128 113/671
79 128 127 38/663
80 128 128 171/995
80 128 127 25/429
81 128 128 39/223
81 128 127 10/169
82 128 128 167/937
82 128 127 47/782
83 128 128 117/646
83 128 127 57/935
84 128 128 139/754
84 128 127 61/986
85 128 128 29/155
85 128 127 58/925
86 128 128 109/573
86 128 127 63/991
87 128 128 156/809
87 128 127 15/233
88 128 128 104/531
88 128 127 3/46
89 128 128 189/953
89 128 127 33/500
90 128 128 161/800
90 128 127 30/449
91 128 128 194/953
91 128 127 5/74
92 128 128 187/906
92 128 127 62/907
93 128 128 141/676
93 128 127 55/796
94 128 128 209/989
94 128 127 54/773
95 128 128 131/614
95 128 127 65/921
96 128 128 89/412
96 128 127 46/645
97 128 128 185/849
97 128 127 69/958
98 128 128 71/322
98 128 127 71/976
99 128 128 2/9
99 128 127 70/953
100 128 128 118/525
100 128 127 68/917
101 128 128 189/835
101 128 127 14/187
102 128 128 173/756
102 128 127 64/847
103 128 128 178/773
103 128 127 47/616
104 128 128 155/666
104 128 127 77/1000
105 128 128 227/970
105 128 127 71/913
106 128 128 35/148
106 128 127 75/956
107 128 128 173/728
107 128 127 28/353
108 128 128 140/583
108 128 127 2/25
109 128 128 191/792
109 128 127 73/901
110 128 128 39/160
110 128 127 47/575
111 128 128 23/94
111 128 127 77/928
112 128 128 24/97
112 128 127 52/621
113 128 128 184/741
113 128 127 46/539
114 128 128 142/565
114 128 127 58/673
115 128 128 137/543
115 128 127 13/147
116 128 128 111/434
116 128 127 43/481
117 128 128 136/529
117 128 127 84/905
118 128 128 191/731
118 128 127 25/266
119 128 128 63/239
119 128 127 31/311
120 128 128 194/721
120 128 127 93/919
121 128 128 242/883
121 128 127 17/152
122 128 128 179/635
122 128 127 109/956
123 128 128 218/739
123 128 127 11/80
124 128 128 4/13
124 128 127 11/78
125 128 128 233/707
125 128 127 97/883
126 128 128 37/83
126 128 127 233/586
127 128 128 244/523
127 128 127 370/847
128 128 128 147/250
128 128 127 72/881
