# UNIF(n=101,lo,hi): D_ren + dipoles; lines "lo hi level amplitude" for the corrected intervals
84 84 84 38/807
84 84 83 -3/749
85 85 85 3/34
85 85 84 -1/1000
86 86 86 101/966
86 86 85 10/117
87 87 87 16/139
87 87 86 1/124
88 88 88 71/540
88 88 87 111/943
89 89 89 137/934
89 89 88 7/416
88 90 90 133/984
88 90 89 121/998
90 90 90 135/842
90 90 89 137/926
89 91 91 66/799
89 91 90 -29/978
91 91 91 47/252
91 91 90 11/422
88 92 92 126/751
88 92 91 6/35
90 92 92 184/955
90 92 91 199/987
92 92 92 191/962
92 92 91 70/377
89 93 93 118/597
89 93 92 35/964
91 93 93 152/685
91 93 92 42/995
92 93 93 201/865
92 93 92 124/965
93 93 93 15/184
93 93 92 -61/856
88 94 94 111/467
88 94 93 52/185
90 94 94 127/498
90 94 93 295/979
91 94 94 224/853
91 94 93 61/148
92 94 94 77/975
92 94 93 -25/447
93 94 94 25/976
93 94 93 -3/266
94 94 94 7/80
94 94 93 -27/334
87 95 95 69/259
87 95 94 19/294
88 95 95 249/899
88 95 94 89/865
89 95 95 275/959
89 95 94 25/338
90 95 95 286/967
90 95 94 111/905
91 95 95 252/829
91 95 94 47/604
92 95 95 251/806
92 95 94 95/656
93 95 95 257/808
93 95 94 67/922
94 95 95 23/71
94 95 94 173/988
95 95 95 280/851
95 95 94 35/718
84 96 96 169/491
84 96 95 109/243
85 96 96 93/265
85 96 95 465/946
86 96 96 189/529
86 96 95 459/976
87 96 96 77/212
87 96 95 166/319
88 96 96 191/518
88 96 95 371/762
89 96 96 40/107
89 96 95 435/793
90 96 96 321/848
90 96 95 393/791
91 96 96 165/431
91 96 95 462/799
92 96 96 326/843
92 96 95 404/813
93 96 96 350/897
93 96 95 604/983
94 96 96 35/89
94 96 95 443/925
95 96 96 58/149
95 96 95 152/231
96 96 96 49/384
96 96 95 -109/876
79 97 97 385/986
79 97 96 45/493
80 97 97 209/522
80 97 96 83/772
81 97 97 25/61
81 97 96 40/381
82 97 97 129/308
82 97 96 71/580
83 97 97 303/709
83 97 96 75/641
84 97 97 408/937
84 97 96 95/697
85 97 97 35/79
85 97 96 22/173
86 97 97 235/522
86 97 96 36/241
87 97 97 445/974
87 97 96 63/466
88 97 97 182/393
88 97 96 134/827
89 97 97 369/787
89 97 96 35/249
90 97 97 459/968
90 97 96 7/40
91 97 97 331/691
91 97 96 61/429
92 97 97 131/271
92 97 96 49/258
93 97 97 365/749
93 97 96 63/458
94 97 97 133/271
94 97 96 182/863
95 97 97 119/241
95 97 96 61/510
96 97 97 269/542
96 97 96 233/929
97 97 97 463/929
97 97 96 62/991
71 98 98 185/574
71 98 97 212/959
72 98 98 101/306
72 98 97 223/963
73 98 98 269/809
73 98 97 158/649
74 98 98 238/699
74 98 97 145/572
75 98 98 281/821
75 98 97 137/517
76 98 98 115/328
76 98 97 64/233
77 98 98 333/947
77 98 97 265/927
78 98 98 331/918
78 98 97 223/755
79 98 98 259/718
79 98 97 53/173
80 98 98 302/815
80 98 97 115/364
81 98 98 356/963
81 98 97 152/465
82 98 98 299/785
82 98 97 216/641
83 98 98 114/301
83 98 97 55/158
84 98 98 278/709
84 98 97 55/153
85 98 98 259/667
85 98 97 370/997
86 98 98 397/980
86 98 97 359/932
87 98 98 350/877
87 98 97 335/842
88 98 98 78/185
88 98 97 326/781
89 98 98 412/999
89 98 97 305/706
90 98 98 309/694
90 98 97 257/555
91 98 98 369/856
91 98 97 435/904
92 98 98 389/803
92 98 97 244/453
93 98 98 187/405
93 98 97 461/818
94 98 98 473/908
94 98 97 457/764
95 98 98 332/693
95 98 97 112/177
96 98 98 641/963
96 98 97 705/811
97 98 98 563/954
97 98 97 462/481
98 98 98 372/689
98 98 97 215/493
53 99 99 121/920
53 99 98 41/870
54 99 99 134/983
54 99 98 28/577
55 99 99 72/509
55 99 98 49/981
56 99 99 85/582
56 99 98 51/994
57 99 99 77/510
57 99 98 52/987
58 99 99 135/869
58 99 98 17/315
59 99 99 126/787
59 99 98 23/416
60 99 99 147/895
60 99 98 16/283
61 99 99 157/930
61 99 98 10/173
62 99 99 109/631
62 99 98 19/322
63 99 99 172/971
63 99 98 58/963
64 99 99 117/647
64 99 98 31/505
65 99 99 166/897
65 99 98 62/991
66 99 99 171/907
66 99 98 27/424
67 99 99 26/135
67 99 98 7/108
68 99 99 47/240
68 99 98 57/865
69 99 99 158/791
69 99 98 57/851
70 99 99 147/725
70 99 98 56/823
71 99 99 196/949
71 99 98 19/275
72 99 99 9/43
72 99 98 31/442
73 99 99 194/911
73 99 98 55/773
74 99 99 164/761
74 99 98 47/651
75 99 99 23/105
75 99 98 3/41
76 99 99 201/908
76 99 98 62/835
77 99 99 96/427
77 99 98 71/944
78 99 99 150/661
78 99 98 61/799
79 99 99 208/903
79 99 98 16/207
80 99 99 219/943
80 99 98 56/713
81 99 99 115/488
81 99 98 50/629
82 99 99 47/198
82 99 98 48/593
83 99 99 211/876
83 99 98 77/940
84 99 99 153/631
84 99 98 18/215
85 99 99 16/65
85 99 98 5/59
86 99 99 221/892
86 99 98 87/998
87 99 99 209/830
87 99 98 83/940
88 99 99 224/883
88 99 98 26/283
89 99 99 208/805
89 99 98 56/601
90 99 99 76/291
90 99 98 99/1000
91 99 99 90/337
91 99 98 63/626
92 99 99 88/323
92 99 98 44/395
93 99 99 55/196
93 99 98 99/871
94 99 99 177/602
94 99 98 101/736
95 99 99 206/671
95 99 98 139/987
96 99 99 311/945
96 99 98 95/866
97 99 99 275/617
97 99 98 303/761
98 99 99 197/422
98 99 98 327/749
99 99 99 484/823
99 99 98 4/49
