# UNIF(n=250,lo,hi): D_ren + dipoles; lines "lo hi level amplitude" for the corrected intervals
219 219 219 39/925
219 219 218 3/113
220 220 220 37/828
220 220 219 -1/1000
221 221 221 5/194
221 221 220 -1/204
222 222 222 49/936
222 222 221 1/509
223 223 223 25/957
223 223 222 -4/495
224 224 224 31/512
224 224 223 1/217
225 225 225 3/112
225 225 224 -1/88
226 226 226 5/72
226 226 225 6/823
227 227 227 18/647
227 227 226 -2/135
228 228 228 74/933
228 228 227 9/896
227 229 229 35/977
227 229 228 -1/537
229 229 229 21/716
229 229 228 -18/971
228 230 230 66/943
228 230 229 2/535
230 230 230 39/431
230 230 229 10/773
229 231 231 5/139
229 231 230 -7/856
231 231 231 78/811
231 231 230 91/1000
230 232 232 55/633
230 232 231 5/499
232 232 232 101/976
232 232 231 13/811
229 233 233 40/977
229 233 232 -1/571
231 233 233 5/51
231 233 232 92/987
233 233 233 19/175
233 233 232 81/781
230 234 234 41/449
230 234 233 1/88
232 234 234 41/387
232 234 233 1/60
234 234 234 117/983
234 234 233 9/463
231 235 235 31/753
231 235 234 -7/669
233 235 235 78/659
233 235 234 109/911
235 235 235 73/590
235 235 234 93/782
230 236 236 77/738
230 236 235 11/645
232 236 236 108/923
232 236 235 5/231
234 236 236 91/709
234 236 235 17/708
236 236 236 79/571
236 236 235 23/986
231 237 237 59/474
231 237 236 2/15
233 237 237 111/827
233 237 236 12/83
235 237 237 1/7
235 237 236 73/483
236 237 237 69/470
236 237 236 229/928
237 237 237 1/7
237 237 236 119/864
230 238 238 41/322
230 238 237 9/328
232 238 238 127/920
232 238 237 29/926
234 238 238 53/359
234 238 237 20/601
235 238 238 19/125
235 238 237 13/164
236 238 238 47/959
236 238 237 -25/678
237 238 238 63/394
237 238 237 69/751
238 238 238 42/257
238 238 237 14/501
229 239 239 107/741
229 239 238 162/979
231 239 239 53/346
231 239 238 177/997
233 239 239 149/925
233 239 238 47/252
234 239 239 14/85
234 239 238 234/929
235 239 239 39/232
235 239 238 159/830
236 239 239 68/397
236 239 238 117/428
237 239 239 157/901
237 239 238 87/455
238 239 239 20/113
238 239 238 292/979
239 239 239 163/969
239 239 238 40/247
228 240 240 127/827
228 240 239 39/1000
230 240 240 159/974
230 240 239 34/783
231 240 240 26/155
231 240 239 31/446
232 240 240 43/250
232 240 239 15/322
233 240 240 166/943
233 240 239 77/988
234 240 240 66/367
234 240 239 9/187
235 240 240 42/229
235 240 239 51/586
236 240 240 31/166
236 240 239 43/906
237 240 240 176/927
237 240 239 41/420
238 240 240 55/991
238 240 239 -22/469
239 240 240 8/583
239 240 239 -1/121
240 240 240 181/915
240 240 239 16/475
227 241 241 13/71
227 241 240 113/503
229 241 241 189/992
229 241 240 235/996
230 241 241 77/397
230 241 240 17/62
231 241 241 157/796
231 241 240 177/722
232 241 241 115/574
232 241 240 270/931
233 241 241 173/851
233 241 240 101/401
234 241 241 163/791
234 241 240 251/820
235 241 241 101/484
235 241 240 189/740
236 241 241 205/971
236 241 240 271/838
237 241 241 51/239
237 241 240 240/943
238 241 241 153/710
238 241 240 78/227
239 241 241 217/998
239 241 240 169/685
240 241 241 201/917
240 241 240 367/991
241 241 241 195/958
241 241 240 184/945
224 242 242 141/727
224 242 241 16/295
226 242 242 197/971
226 242 241 31/523
227 242 242 111/536
227 242 241 75/998
228 242 242 19/90
228 242 241 63/991
229 242 242 23/107
229 242 241 56/685
230 242 242 209/956
230 242 241 25/373
231 242 242 215/968
231 242 241 31/351
232 242 242 149/661
232 242 241 68/979
233 242 242 221/967
233 242 241 85/894
234 242 242 172/743
234 242 241 6/85
235 242 242 67/286
235 242 241 81/791
236 242 242 230/971
236 242 241 23/329
237 242 242 184/769
237 242 241 83/748
238 242 242 199/824
238 242 241 53/797
239 242 242 123/505
239 242 241 110/901
240 242 242 175/713
240 242 241 17/291
241 242 242 108/437
241 242 241 52/375
242 242 242 48/629
242 242 241 -53/710
221 243 243 69/929
221 243 242 -5/676
222 243 243 29/426
222 243 242 -2/337
223 243 243 71/995
223 243 242 -12/869
224 243 243 29/449
224 243 242 -7/613
225 243 243 15/218
225 243 242 -19/956
226 243 243 3/49
226 243 242 -13/794
227 243 243 47/706
227 243 242 -25/976
228 243 243 4/69
228 243 242 -17/819
229 243 243 49/757
229 243 242 -29/933
230 243 243 42/767
230 243 242 -14/571
231 243 243 14/221
231 243 242 -35/963
232 243 243 31/602
232 243 242 -11/399
233 243 243 62/991
233 243 242 -34/819
234 243 243 11/229
234 243 242 -5/168
235 243 243 1/16
235 243 242 -8/171
236 243 243 44/997
236 243 242 -26/843
237 243 243 107/385
237 243 242 181/508
238 243 243 164/587
238 243 242 395/924
239 243 243 153/545
239 243 242 29/83
240 243 243 247/876
240 243 242 191/426
241 243 243 53/731
241 243 242 -59/858
242 243 243 16/741
242 243 242 -10/519
243 243 243 28/327
243 243 242 -29/343
216 244 244 159/608
216 244 243 73/981
217 244 244 257/967
217 244 243 57/692
218 244 244 78/289
218 244 243 25/313
219 244 244 149/544
219 244 243 34/385
220 244 244 5/18
220 244 243 76/895
221 244 244 230/817
221 244 243 39/415
222 244 244 282/989
222 244 243 53/592
223 244 244 99/343
223 244 243 81/815
224 244 244 186/637
224 244 243 40/427
225 244 244 31/105
225 244 243 16/153
226 244 244 54/181
226 244 243 51/524
227 244 244 204/677
227 244 243 8/73
228 244 244 247/812
228 244 243 47/468
229 244 244 213/694
229 244 243 64/559
230 244 244 13/42
230 244 243 82/797
231 244 244 39/125
231 244 243 117/980
232 244 244 149/474
232 244 243 103/985
233 244 244 107/338
233 244 243 29/233
234 244 244 210/659
234 244 243 2/19
235 244 244 101/315
235 244 243 13/100
236 244 244 99/307
236 244 243 71/679
237 244 244 130/401
237 244 243 77/564
238 244 244 273/838
238 244 243 81/796
239 244 244 161/492
239 244 243 103/710
240 244 244 23/70
240 244 243 49/514
241 244 244 309/937
241 244 243 3/19
242 244 244 89/269
242 244 243 57/697
243 244 244 145/437
243 244 243 148/819
244 244 244 317/953
244 244 243 39/760
209 245 245 251/728
209 245 244 181/395
210 245 245 336/967
210 245 244 403/860
211 245 245 202/577
211 245 244 202/431
212 245 245 207/587
212 245 244 139/290
213 245 245 277/780
213 245 244 145/303
214 245 245 315/881
214 245 244 304/621
215 245 245 149/414
215 245 244 401/822
216 245 245 205/566
216 245 244 345/691
217 245 245 340/933
217 245 244 214/431
218 245 245 125/341
218 245 244 208/409
219 245 245 327/887
219 245 244 55/109
220 245 245 354/955
220 245 244 342/661
221 245 245 79/212
221 245 244 405/791
222 245 245 297/793
222 245 244 112/213
223 245 245 347/922
223 245 244 235/453
224 245 245 76/201
224 245 244 331/620
225 245 245 346/911
225 245 244 455/867
226 245 245 267/700
226 245 244 332/613
227 245 245 18/47
227 245 244 344/649
228 245 245 218/567
228 245 244 330/601
229 245 245 115/298
229 245 244 132/247
230 245 245 371/958
230 245 244 69/124
231 245 245 326/839
231 245 244 57/106
232 245 245 145/372
232 245 244 278/493
233 245 245 95/243
233 245 244 251/465
234 245 245 325/829
234 245 244 538/941
235 245 245 329/837
235 245 244 175/324
236 245 245 132/335
236 245 244 155/267
237 245 245 109/276
237 245 244 269/500
238 245 245 317/801
238 245 244 327/553
239 245 245 205/517
239 245 244 25/47
240 245 245 114/287
240 245 244 559/922
241 245 245 37/93
241 245 244 153/295
242 245 245 100/251
242 245 244 517/820
243 245 245 73/183
243 245 244 463/945
244 245 245 252/643
244 245 244 628/947
245 245 245 320/921
245 245 244 194/615
197 246 246 83/210
197 246 245 101/987
198 246 246 192/481
198 246 245 53/511
199 246 246 160/397
199 246 245 55/509
200 246 246 323/794
200 246 245 32/293
201 246 246 211/514
201 246 245 41/361
202 246 246 381/920
202 246 245 64/559
203 246 246 170/407
203 246 245 17/143
204 246 246 382/907
204 246 245 41/343
205 246 246 273/643
205 246 245 91/734
206 246 246 365/853
206 246 245 24/193
207 246 246 119/276
207 246 245 104/807
208 246 246 420/967
208 246 245 45/349
209 246 246 437/999
209 246 245 119/891
210 246 246 37/84
210 246 245 133/998
211 246 246 243/548
211 246 245 41/297
212 246 246 133/298
212 246 245 18/131
213 246 246 331/737
213 246 245 39/274
214 246 246 441/976
214 246 245 64/453
215 246 246 5/11
215 246 245 76/519
216 246 246 229/501
216 246 245 91/628
217 246 246 381/829
217 246 245 43/286
218 246 246 73/158
218 246 245 43/290
219 246 246 176/379
219 246 245 149/967
220 246 246 7/15
220 246 245 71/469
221 246 246 241/514
221 246 245 35/222
222 246 246 333/707
222 246 245 97/629
223 246 246 360/761
223 246 245 149/925
224 246 246 257/541
224 246 245 79/504
225 246 246 238/499
225 246 245 155/943
226 246 246 79/165
226 246 245 79/497
227 246 246 247/514
227 246 245 92/549
228 246 246 407/844
228 246 245 105/653
229 246 246 464/959
229 246 245 7/41
230 246 246 282/581
230 246 245 91/561
231 246 246 462/949
231 246 245 4/23
232 246 246 145/297
232 246 245 145/889
233 246 246 257/525
233 246 245 39/220
234 246 246 239/487
234 246 245 138/845
235 246 246 487/990
235 246 245 139/768
236 246 246 458/929
236 246 245 33/203
237 246 246 454/919
237 246 245 130/701
238 246 246 49/99
238 246 245 80/499
239 246 246 355/716
239 246 245 89/465
240 246 246 73/147
240 246 245 151/971
241 246 246 277/557
241 246 245 87/434
242 246 246 121/243
242 246 245 144/989
243 246 246 333/668
243 246 245 189/872
244 246 246 247/495
244 246 245 118/955
245 246 246 417/835
245 246 245 201/794
246 246 246 499/999
246 246 245 48/755
175 247 247 133/417
175 247 246 139/684
176 247 247 317/989
176 247 246 166/799
177 247 247 51/158
177 247 246 115/543
178 247 247 323/996
178 247 246 8/37
179 247 247 16/49
179 247 246 129/586
180 247 247 102/311
180 247 246 11/49
181 247 247 314/951
181 247 246 218/955
182 247 247 62/187
182 247 246 163/701
183 247 247 276/827
183 247 246 201/851
184 247 247 263/785
184 247 246 137/570
185 247 247 320/949
185 247 246 10/41
186 247 247 244/721
186 247 246 61/246
187 247 247 204/599
187 247 246 45/179
188 247 247 68/199
188 247 246 95/372
189 247 247 338/983
189 247 246 67/259
190 247 247 308/893
190 247 246 167/636
191 247 247 76/219
191 247 246 257/967
192 247 247 166/477
192 247 246 179/664
193 247 247 257/734
193 247 246 271/994
194 247 247 86/245
194 247 246 241/872
195 247 247 297/841
195 247 246 50/179
196 247 247 166/469
196 247 246 148/523
197 247 247 120/337
197 247 246 285/997
198 247 247 350/981
198 247 246 213/736
199 247 247 229/638
199 247 246 215/736
200 247 247 183/509
200 247 246 149/504
201 247 247 17/47
201 247 246 17/57
202 247 247 297/820
202 247 246 232/769
203 247 247 340/933
203 247 246 80/263
204 247 247 58/159
204 247 246 219/712
205 247 247 127/346
205 247 246 283/913
206 247 247 292/795
206 247 246 167/533
207 247 247 241/652
207 247 246 89/282
208 247 247 237/641
208 247 246 59/185
209 247 247 131/352
209 247 246 35/109
210 247 247 371/997
210 247 246 254/783
211 247 247 133/355
211 247 246 302/925
212 247 247 249/665
212 247 246 216/655
213 247 247 201/533
213 247 246 214/645
214 247 247 55/146
214 247 246 64/191
215 247 247 353/930
215 247 246 152/451
216 247 247 263/694
216 247 246 307/902
217 247 247 217/568
217 247 246 281/821
218 247 247 369/968
218 247 246 131/379
219 247 247 383/996
219 247 246 334/961
220 247 247 227/592
220 247 246 324/923
221 247 247 139/359
221 247 246 353/1000
222 247 247 238/617
222 247 246 46/129
223 247 247 342/877
223 247 246 321/895
224 247 247 366/943
224 247 246 141/389
225 247 247 213/542
225 247 246 325/891
226 247 247 377/965
226 247 246 232/629
227 247 247 44/111
227 247 246 347/934
228 247 247 338/859
228 247 246 191/508
229 247 247 213/532
229 247 246 11/29
230 247 247 361/910
230 247 246 304/791
231 247 247 293/723
231 247 246 166/427
232 247 247 139/347
232 247 246 331/839
233 247 247 114/277
233 247 246 293/731
234 247 247 221/545
234 247 246 404/991
235 247 247 408/971
235 247 246 300/719
236 247 247 399/968
236 247 246 149/350
237 247 247 416/961
237 247 246 380/861
238 247 247 73/173
238 247 246 351/776
239 247 247 407/898
239 247 246 469/977
240 247 247 214/489
240 247 246 203/410
241 247 247 95/194
241 247 246 138/251
242 247 247 443/951
242 247 246 194/339
243 247 247 141/269
243 247 246 573/947
244 247 247 181/376
244 247 246 44/69
245 247 247 665/998
245 247 246 642/737
246 247 247 257/435
246 247 246 227/236
247 247 247 410/759
247 247 246 331/758
132 248 248 131/997
132 248 247 45/968
133 248 248 133/997
133 248 247 43/914
134 248 248 73/539
134 248 247 1/21
135 248 248 79/575
135 248 247 38/789
136 248 248 127/911
136 248 247 21/431
137 248 248 66/467
137 248 247 10/203
138 248 248 45/314
138 248 247 40/803
139 248 248 133/916
139 248 247 37/735
140 248 248 49/333
140 248 247 49/963
141 248 248 52/349
141 248 247 11/214
142 248 248 91/603
142 248 247 43/828
143 248 248 42/275
143 248 247 29/553
144 248 248 109/705
144 248 247 25/472
145 248 248 71/454
145 248 247 27/505
146 248 248 97/613
146 248 247 40/741
147 248 248 4/25
147 248 247 39/716
148 248 248 133/822
148 248 247 21/382
149 248 248 112/685
149 248 247 31/559
150 248 248 20/121
150 248 247 55/983
151 248 248 95/569
151 248 247 47/833
152 248 248 151/895
152 248 247 7/123
153 248 248 54/317
153 248 247 51/889
154 248 248 69/401
154 248 247 7/121
155 248 248 153/881
155 248 247 46/789
156 248 248 37/211
156 248 247 58/987
157 248 248 164/927
157 248 247 9/152
158 248 248 5/28
158 248 247 29/486
159 248 248 143/794
159 248 247 58/965
160 248 248 177/974
160 248 247 35/578
161 248 248 179/977
161 248 247 5/82
162 248 248 163/882
162 248 247 32/521
163 248 248 103/553
163 248 247 29/469
164 248 248 182/969
164 248 247 50/803
165 248 248 116/613
165 248 247 23/367
166 248 248 157/823
166 248 247 33/523
167 248 248 181/942
167 248 247 4/63
168 248 248 67/346
168 248 247 17/266
169 248 248 171/877
169 248 247 56/871
170 248 248 144/733
170 248 247 57/881
171 248 248 141/713
171 248 247 30/461
172 248 248 99/497
172 248 247 11/168
173 248 248 175/873
173 248 247 16/243
174 248 248 108/535
174 248 247 51/770
175 248 248 105/517
175 248 247 58/871
176 248 248 137/670
176 248 247 29/433
177 248 248 167/812
177 248 247 48/713
178 248 248 59/285
178 248 247 57/842
179 248 248 51/245
179 248 247 63/926
180 248 248 181/864
180 248 247 50/731
181 248 248 151/717
181 248 247 20/291
182 248 248 57/269
182 248 247 19/275
183 248 248 23/108
183 248 247 27/389
184 248 248 214/999
184 248 247 3/43
185 248 248 141/655
185 248 247 48/685
186 248 248 181/836
186 248 247 5/71
187 248 248 87/400
187 248 247 57/806
188 248 248 187/855
188 248 247 41/577
189 248 248 105/478
189 248 247 66/925
190 248 248 197/892
190 248 247 61/851
191 248 248 108/487
191 248 247 67/931
192 248 248 35/157
192 248 247 6/83
193 248 248 126/563
193 248 247 50/689
194 248 248 193/858
194 248 247 25/343
195 248 248 205/908
195 248 247 73/998
196 248 248 27/119
196 248 247 67/912
197 248 248 51/224
197 248 247 71/963
198 248 248 97/424
198 248 247 71/959
199 248 248 227/989
199 248 247 63/848
200 248 248 104/451
200 248 247 32/429
201 248 248 34/147
201 248 247 47/628
202 248 248 191/822
202 248 247 68/905
203 248 248 24/103
203 248 247 64/849
204 248 248 224/957
204 248 247 14/185
205 248 248 199/848
205 248 247 29/382
206 248 248 235/997
206 248 247 49/643
207 248 248 228/965
207 248 247 49/641
208 248 248 14/59
208 248 247 61/795
209 248 248 200/841
209 248 247 77/1000
210 248 248 139/582
210 248 247 18/233
211 248 248 218/911
211 248 247 73/942
212 248 248 180/749
212 248 247 7/90
213 248 248 13/54
213 248 247 49/628
214 248 248 22/91
214 248 247 13/166
215 248 248 146/603
215 248 247 11/140
216 248 248 89/366
216 248 247 69/875
217 248 248 28/115
217 248 247 69/872
218 248 248 56/229
218 248 247 61/768
219 248 248 47/192
219 248 247 68/853
220 248 248 15/61
220 248 247 79/987
221 248 248 236/959
221 248 247 9/112
222 248 248 112/453
222 248 247 48/595
223 248 248 189/764
223 248 247 74/913
224 248 248 222/893
224 248 247 80/983
225 248 248 95/382
225 248 247 32/391
226 248 248 1/4
226 248 247 79/961
227 248 248 1/4
227 248 247 61/737
228 248 248 211/839
228 248 247 42/505
229 248 248 209/831
229 248 247 25/298
230 248 248 81/320
230 248 247 83/984
231 248 248 121/478
231 248 247 25/293
232 248 248 89/349
232 248 247 57/664
233 248 248 251/984
233 248 247 71/814
234 248 248 123/478
234 248 247 73/831
235 248 248 247/959
235 248 247 89/990
236 248 248 151/580
236 248 247 69/761
237 248 248 136/521
237 248 247 71/756
238 248 248 131/495
238 248 247 71/748
239 248 248 215/807
239 248 247 87/866
240 248 248 130/479
240 248 247 94/923
241 248 248 109/395
241 248 247 109/970
242 248 248 121/427
242 248 247 23/201
243 248 248 252/851
243 248 247 121/878
244 248 248 253/820
244 248 247 139/984
245 248 248 34/103
245 248 247 34/309
246 248 248 383/859
246 248 247 210/529
247 248 248 421/903
247 248 247 389/890
248 248 248 311/529
248 248 247 9/110
