# UNIF(n=123,lo,hi): D_ren + dipoles; lines "lo hi level amplitude" for the corrected intervals
103 103 103 48/793
103 103 102 -6/949
104 104 104 17/412
104 104 103 -3/625
105 105 105 61/768
105 105 104 0
106 106 106 92/999
106 106 105 73/972
107 107 107 41/409
107 107 106 7/970
108 108 108 71/623
108 108 107 79/775
109 109 109 19/153
109 109 108 7/499
108 110 110 57/526
108 110 109 29/322
110 110 110 104/765
110 110 109 30/239
109 111 111 69/952
109 111 110 -5/226
111 111 111 112/731
111 111 110 13/614
110 112 112 128/851
110 112 111 139/936
112 112 112 109/667
112 112 111 27/176
109 113 113 143/986
109 113 112 17/877
111 113 113 35/486
111 113 112 -35/962
113 113 113 185/969
113 113 112 7/241
110 114 114 175/943
110 114 113 107/525
112 114 114 139/687
112 114 113 169/771
113 114 114 178/849
113 114 113 6/17
114 114 114 80/399
114 114 113 7/37
109 115 115 173/885
109 115 114 33/796
111 115 115 32/149
111 115 114 14/291
112 115 115 23/103
112 115 114 69/638
113 115 115 168/727
113 115 114 47/968
114 115 115 236/991
114 115 114 113/853
115 115 115 31/390
115 115 114 -9/124
108 116 116 71/898
108 116 115 -5/359
110 116 116 243/959
110 116 115 239/770
111 116 116 233/898
111 116 115 263/674
112 116 116 22/83
112 116 115 217/678
113 116 116 258/955
113 116 115 396/929
114 116 116 25/327
114 116 115 -22/361
115 116 116 12/499
115 116 115 -9/625
116 116 116 40/461
116 116 115 -59/717
105 117 117 195/766
105 117 116 59/951
107 117 117 203/745
107 117 116 69/953
108 117 117 277/987
108 117 116 85/837
109 117 117 32/111
109 117 116 80/997
110 117 117 122/413
110 117 116 34/293
111 117 117 289/957
111 117 116 33/389
112 117 117 134/435
112 117 116 105/799
113 117 117 291/928
113 117 116 53/626
114 117 117 36/113
114 117 116 109/727
115 117 117 283/876
115 117 116 76/997
116 117 117 293/896
116 117 116 114/643
117 117 117 38/115
117 117 116 10/201
102 118 118 125/366
102 118 117 381/851
103 118 118 92/265
103 118 117 142/297
104 118 118 153/434
104 118 117 315/674
105 118 118 265/741
105 118 117 236/471
106 118 118 303/836
106 118 117 213/440
107 118 118 349/951
107 118 117 264/505
108 118 118 173/466
108 118 117 99/199
109 118 118 200/533
109 118 117 509/936
110 118 118 36/95
110 118 117 112/221
111 118 118 304/795
111 118 117 13/23
112 118 118 379/983
112 118 117 243/476
113 118 118 242/623
113 118 117 565/959
114 118 118 341/872
114 118 117 469/928
115 118 118 286/727
115 118 117 18/29
116 118 118 331/837
116 118 117 475/983
117 118 118 169/433
117 118 117 629/953
118 118 118 7/55
118 118 117 -118/943
97 119 119 90/227
97 119 118 76/781
98 119 119 313/774
98 119 118 97/886
99 119 119 103/250
99 119 118 9/83
100 119 119 213/508
100 119 118 121/998
101 119 119 292/685
101 119 118 34/287
102 119 119 113/261
102 119 118 105/794
103 119 119 333/758
103 119 118 121/950
104 119 119 322/723
104 119 118 69/484
105 119 119 203/450
105 119 118 37/274
106 119 119 436/955
106 119 118 131/860
107 119 119 283/613
107 119 118 13/92
108 119 119 327/701
108 119 118 104/643
109 119 119 357/758
109 119 118 48/329
110 119 119 354/745
110 119 118 82/479
111 119 119 423/883
111 119 118 113/762
112 119 119 236/489
112 119 118 41/226
113 119 119 86/177
113 119 118 139/943
114 119 119 175/358
114 119 118 189/974
115 119 119 403/820
115 119 118 28/199
116 119 119 358/725
116 119 118 55/258
117 119 119 355/716
117 119 118 63/520
118 119 119 401/806
118 119 118 73/290
119 119 119 459/920
119 119 118 61/969
87 120 120 94/291
87 120 119 215/974
88 120 120 73/222
88 120 119 49/214
89 120 120 246/743
89 120 119 221/927
90 120 120 31/92
90 120 119 82/333
91 120 120 268/791
91 120 119 178/697
92 120 120 341/989
92 120 119 235/894
93 120 120 233/673
93 120 119 25/92
94 120 120 271/769
94 120 119 41/147
95 120 120 271/767
95 120 119 111/386
96 120 120 353/981
96 120 119 91/309
97 120 120 143/397
97 120 119 283/934
98 120 120 47/128
98 120 119 294/949
99 120 120 51/139
99 120 119 316/993
100 120 120 221/590
100 120 119 144/443
101 120 120 223/597
101 120 119 333/998
102 120 120 331/866
102 120 119 326/957
103 120 120 154/405
103 120 119 314/899
104 120 120 269/689
104 120 119 5/14
105 120 120 347/896
105 120 119 26/71
106 120 120 275/688
106 120 119 157/418
107 120 120 318/805
107 120 119 79/205
108 120 120 411/1000
108 120 119 241/606
109 120 120 192/475
109 120 119 403/986
110 120 120 239/561
110 120 119 367/860
111 120 120 67/161
111 120 119 249/566
112 120 120 343/765
112 120 119 395/841
113 120 120 428/987
113 120 119 473/972
114 120 120 18/37
114 120 119 120/221
115 120 120 398/859
115 120 119 127/224
116 120 120 200/383
116 120 119 140/233
117 120 120 479/998
117 120 119 172/271
118 120 120 317/476
118 120 119 87/100
119 120 120 160/271
119 120 119 74/77
120 120 120 533/987
120 120 119 233/534
65 121 121 72/541
65 121 120 47/993
66 121 121 131/956
66 121 120 30/619
67 121 121 121/857
67 121 120 46/927
68 121 121 39/269
68 121 120 39/769
69 121 121 121/812
69 121 120 24/463
70 121 121 89/583
70 121 120 32/605
71 121 121 31/198
71 121 120 19/352
72 121 121 109/681
72 121 120 49/891
73 121 121 135/824
73 121 120 19/339
74 121 121 163/975
74 121 120 15/263
75 121 121 41/240
75 121 120 22/379
76 121 121 67/385
76 121 120 20/339
77 121 121 163/918
77 121 120 58/967
78 121 121 175/969
78 121 120 19/312
79 121 121 122/663
79 121 120 59/954
80 121 121 97/519
80 121 120 17/271
81 121 121 163/857
81 121 120 52/817
82 121 121 60/311
82 121 120 2/31
83 121 121 101/515
83 121 120 58/887
84 121 121 91/458
84 121 120 49/740
85 121 121 114/565
85 121 120 11/164
86 121 121 39/191
86 121 120 15/221
87 121 121 185/893
87 121 120 9/131
88 121 121 40/191
88 121 120 23/331
89 121 121 169/796
89 121 120 22/313
90 121 121 125/583
90 121 120 68/957
91 121 121 207/953
91 121 120 38/529
92 121 121 190/867
92 121 120 40/551
93 121 121 71/320
93 121 120 49/668
94 121 121 87/389
94 121 120 61/823
95 121 121 184/813
95 121 120 67/895
96 121 121 204/895
96 121 120 73/965
97 121 121 175/759
97 121 120 65/851
98 121 121 171/737
98 121 120 62/803
99 121 121 233/993
99 121 120 59/757
100 121 121 214/907
100 121 120 63/799
101 121 121 162/679
101 121 120 23/289
102 121 121 193/805
102 121 120 77/955
103 121 121 169/697
103 121 120 80/983
104 121 121 47/193
104 121 120 81/980
105 121 121 239/970
105 121 120 61/731
106 121 121 71/287
106 121 120 85/999
107 121 121 123/491
107 121 120 41/477
108 121 121 159/632
108 121 120 3/34
109 121 121 236/925
109 121 120 77/863
110 121 121 235/916
110 121 120 91/982
111 121 121 259/993
111 121 120 55/586
112 121 121 244/927
112 121 120 93/934
113 121 121 43/160
113 121 120 73/722
114 121 121 23/84
114 121 120 75/671
115 121 121 20/71
115 121 120 40/351
116 121 121 217/736
116 121 120 40/291
117 121 121 259/842
117 121 120 141/1000
118 121 121 257/780
118 121 120 19/173
119 121 121 374/839
119 121 120 311/782
120 121 121 398/853
120 121 120 38/87
121 121 121 481/818
121 121 120 71/869
