# UNIF(n=136,lo,hi): D_ren + dipoles; lines "lo hi level amplitude" for the corrected intervals
115 115 115 29/746
115 115 114 -1/440
116 116 116 21/310
116 116 115 -1/859
117 117 117 23/587
117 117 116 -7/746
118 118 118 34/399
118 118 117 1/215
119 119 119 3/31
119 119 118 65/787
120 120 120 101/964
120 120 119 7/667
121 121 121 107/916
121 121 120 78/733
120 122 122 71/758
120 122 121 2/953
122 122 122 80/627
122 122 121 2/121
121 123 123 7/60
121 123 122 35/338
123 123 123 59/428
123 123 122 124/965
122 124 124 41/617
122 124 123 -15/593
124 124 124 151/970
124 124 123 23/1000
121 125 125 41/303
121 125 124 29/221
123 125 125 47/301
123 125 124 3/19
125 125 125 128/777
125 125 124 109/701
122 126 126 136/877
122 126 125 10/371
124 126 126 45/664
124 126 125 -33/854
126 126 126 192/997
126 126 125 1/33
121 127 127 119/675
121 127 126 182/935
123 127 127 189/983
123 127 126 179/833
125 127 127 76/369
125 127 126 109/484
126 127 127 188/887
126 127 126 269/754
127 127 127 30/149
127 127 126 125/656
120 128 128 144/769
120 128 127 28/677
122 128 128 151/735
122 128 127 35/712
123 128 128 116/543
123 128 127 11/117
124 128 128 169/764
124 128 127 43/810
125 128 128 149/653
125 128 127 46/411
126 128 128 110/469
126 128 127 21/410
127 128 128 192/799
127 128 127 11/82
128 128 128 45/572
128 128 127 -62/849
119 129 129 71/886
119 129 128 -4/451
121 129 129 9/119
121 129 128 -20/893
122 129 129 21/380
122 129 128 -10/981
123 129 129 258/995
123 129 128 303/946
124 129 129 227/859
124 129 128 319/801
125 129 129 257/956
125 129 128 47/144
126 129 129 273/1000
126 129 128 25/58
127 129 129 9/119
127 129 128 -60/953
128 129 129 23/977
128 129 128 -8/511
129 129 129 79/913
129 129 128 -15/181
118 130 130 266/989
118 130 129 55/747
119 130 130 227/821
119 130 129 17/175
120 130 130 249/878
120 130 129 24/295
121 130 130 191/658
121 130 129 47/430
122 130 130 247/833
122 130 129 43/495
123 130 130 13/43
123 130 129 9/74
124 130 130 4/13
124 130 129 61/682
125 130 130 237/758
125 130 129 5/37
126 130 130 275/867
126 130 129 31/354
127 130 130 151/470
127 130 129 47/309
128 130 130 129/397
128 130 129 73/939
129 130 130 127/387
129 130 129 167/937
130 130 130 326/985
130 130 129 43/857
113 131 131 216/631
113 131 130 195/436
114 131 131 338/973
114 131 130 367/775
115 131 131 255/724
115 131 130 402/863
116 131 131 238/667
116 131 130 492/995
117 131 131 311/861
117 131 130 403/836
118 131 131 365/999
118 131 130 145/282
119 131 131 243/658
119 131 130 463/934
120 131 131 47/126
120 131 130 105/197
121 131 131 157/417
121 131 130 317/626
122 131 131 379/998
122 131 130 75/136
123 131 131 178/465
123 131 130 135/263
124 131 131 359/931
124 131 130 319/559
125 131 131 217/559
125 131 130 447/868
126 131 131 339/868
126 131 130 473/798
127 131 131 333/848
127 131 130 187/368
128 131 131 307/778
128 131 130 586/941
129 131 131 235/593
129 131 130 457/943
130 131 131 347/888
130 131 130 150/227
131 131 131 17/49
131 131 130 177/563
107 132 132 299/758
107 132 131 87/836
108 132 132 333/829
108 132 131 17/163
109 132 132 349/854
109 132 131 110/959
110 132 132 27/65
110 132 131 52/457
111 132 132 386/915
111 132 131 103/826
112 132 132 369/862
112 132 131 119/972
113 132 132 329/758
113 132 131 131/977
114 132 132 343/780
114 132 131 97/745
115 132 132 394/885
115 132 131 1/7
116 132 132 395/877
116 132 131 47/343
117 132 132 413/907
117 132 131 139/919
118 132 132 449/976
118 132 131 1/7
119 132 132 85/183
119 132 131 143/898
120 132 132 359/766
120 132 131 88/597
121 132 132 69/146
121 132 131 68/407
122 132 132 261/548
122 132 131 73/485
123 132 132 130/271
123 132 131 31/177
124 132 132 437/905
124 132 131 42/277
125 132 132 359/739
125 132 131 177/961
126 132 132 402/823
126 132 131 107/715
127 132 132 215/438
127 132 131 75/383
128 132 132 106/215
128 132 131 51/359
129 132 132 439/887
129 132 131 130/607
130 132 132 145/292
130 132 131 91/747
131 132 132 368/739
131 132 131 119/472
132 132 132 281/563
132 132 131 19/301
96 133 133 197/608
96 133 132 134/623
97 133 133 224/681
97 133 132 67/301
98 133 133 48/145
98 133 132 187/809
99 133 133 297/884
99 133 132 56/235
100 133 133 76/225
100 133 132 199/807
101 133 133 339/989
101 133 132 93/367
102 133 133 284/825
102 133 132 97/371
103 133 133 291/833
103 133 132 235/877
104 133 133 307/876
104 133 132 270/979
105 133 133 233/655
105 133 132 196/695
106 133 133 36/101
106 133 132 199/687
107 133 133 59/163
107 133 132 293/991
108 133 133 117/323
108 133 132 258/851
109 133 133 127/345
109 133 132 199/644
110 133 133 316/859
110 133 132 306/967
111 133 133 323/863
111 133 132 29/90
112 133 133 149/399
112 133 132 30/91
113 133 133 333/875
113 133 132 301/897
114 133 133 177/467
114 133 132 269/784
115 133 133 115/297
115 133 132 29/83
116 133 133 197/512
116 133 132 354/991
117 133 133 43/109
117 133 132 345/947
118 133 133 319/816
118 133 132 136/365
119 133 133 272/675
119 133 132 363/952
120 133 133 76/191
120 133 132 57/146
121 133 133 318/769
121 133 132 343/853
122 133 133 165/406
122 133 132 243/589
123 133 133 92/215
123 133 132 375/872
124 133 133 193/462
124 133 132 201/454
125 133 133 76/169
125 133 132 194/411
126 133 133 383/881
126 133 132 64/131
127 133 133 463/950
127 133 132 373/685
128 133 133 432/931
128 133 132 546/961
129 133 133 23/44
129 133 132 198/329
130 133 133 159/331
130 133 132 291/458
131 133 133 389/584
131 133 132 563/647
132 133 133 287/486
132 133 132 893/929
133 133 133 438/811
133 133 132 429/983
72 134 134 123/934
72 134 133 41/875
73 134 134 41/303
73 134 133 42/877
74 134 134 85/611
74 134 133 44/899
75 134 134 84/589
75 134 133 48/961
76 134 134 121/827
76 134 133 34/667
77 134 134 72/481
77 134 133 4/77
78 134 134 124/809
78 134 133 9/170
79 134 134 139/888
79 134 133 34/631
80 134 134 4/25
80 134 133 43/784
81 134 134 77/472
81 134 133 46/825
82 134 134 166/997
82 134 133 47/829
83 134 134 119/702
83 134 133 19/330
84 134 134 127/735
84 134 133 51/872
85 134 134 166/945
85 134 133 48/809
86 134 134 120/671
86 134 133 28/465
87 134 134 71/391
87 134 133 13/213
88 134 134 65/352
88 134 133 19/307
89 134 134 53/283
89 134 133 22/351
90 134 134 82/431
90 134 133 63/992
91 134 134 101/524
91 134 133 34/529
92 134 134 179/915
92 134 133 49/753
93 134 134 138/697
93 134 133 36/547
94 134 134 103/513
94 134 133 56/841
95 134 134 202/995
95 134 133 7/104
96 134 134 36/175
96 134 133 49/720
97 134 134 133/640
97 134 133 11/160
98 134 134 117/556
98 134 133 61/878
99 134 134 209/984
99 134 133 59/841
100 134 134 164/763
100 134 133 62/875
101 134 134 137/632
101 134 133 53/741
102 134 134 180/821
102 134 133 46/637
103 134 134 211/955
103 134 133 47/645
104 134 134 44/197
104 134 133 72/979
105 134 134 186/827
105 134 133 67/903
106 134 134 5/22
106 134 133 64/855
107 134 134 161/704
107 134 133 29/384
108 134 134 70/303
108 134 133 31/407
109 134 134 128/551
109 134 133 76/989
110 134 134 225/959
110 134 133 41/529
111 134 134 207/878
111 134 133 77/984
112 134 134 5/21
112 134 133 43/545
113 134 134 236/987
113 134 133 59/740
114 134 134 78/323
114 134 133 66/821
115 134 134 223/920
115 134 133 55/676
116 134 134 143/584
116 134 133 16/195
117 134 134 128/521
117 134 133 83/997
118 134 134 37/149
118 134 133 43/512
119 134 134 141/566
119 134 133 83/970
120 134 134 247/980
120 134 133 26/301
121 134 134 108/427
121 134 133 7/79
122 134 134 254/991
122 134 133 6/67
123 134 134 213/827
123 134 133 29/312
124 134 134 28/107
124 134 133 94/999
125 134 134 161/610
125 134 133 87/872
126 134 134 268/995
126 134 133 95/938
127 134 134 271/988
127 134 133 47/420
128 134 134 277/982
128 134 133 103/903
129 134 134 224/759
129 134 133 48/349
130 134 134 197/640
130 134 133 56/397
131 134 134 237/719
131 134 133 79/719
132 134 134 440/987
132 134 133 355/893
133 134 134 188/403
133 134 133 173/396
134 134 134 558/949
134 134 133 64/783
