# UNIF(n=247,lo,hi): D_ren + dipoles; lines "lo hi level amplitude" for the corrected intervals
216 216 216 34/817
216 216 215 15/578
217 217 217 43/974
217 217 216 -1/832
218 218 218 22/851
218 218 217 -3/671
219 219 219 11/212
219 219 218 1/664
220 220 220 16/611
220 220 219 -5/649
221 221 221 59/981
221 221 220 4/949
222 222 222 23/857
222 222 221 -7/634
223 223 223 66/955
223 223 222 5/719
224 224 224 17/610
224 224 223 -4/275
225 225 225 26/329
225 225 224 5/512
224 226 226 11/306
224 226 225 -1/868
226 226 226 20/681
226 226 225 -13/710
225 227 227 57/823
225 227 226 1/333
227 227 227 25/277
227 227 226 11/866
226 228 228 29/804
226 228 227 -3/395
228 228 228 74/771
228 228 227 56/617
227 229 229 17/197
227 229 228 8/849
229 229 229 22/213
229 229 228 15/947
226 230 230 29/706
226 230 229 -1/1000
228 230 230 4/41
228 230 229 33/356
230 230 230 67/618
230 230 229 79/763
227 231 231 39/431
227 231 230 1/95
229 231 231 52/493
229 231 230 4/247
231 231 231 107/900
231 231 230 19/985
228 232 232 35/848
228 232 231 -9/917
230 232 232 40/339
230 232 231 109/914
232 232 232 122/987
232 232 231 55/463
227 233 233 64/619
227 233 232 11/684
229 233 233 27/232
229 233 232 19/905
231 233 233 123/961
231 233 232 7/296
233 233 233 137/991
233 233 232 13/560
228 234 234 87/703
228 234 233 61/460
230 234 234 44/329
230 234 233 17/118
232 234 234 84/589
232 234 233 97/643
233 234 234 61/416
233 234 233 235/953
234 234 234 1/7
234 234 233 79/574
227 235 235 81/641
227 235 234 6/227
229 235 235 121/881
229 235 234 23/752
231 235 235 122/829
231 235 234 2/61
232 235 235 143/943
232 235 234 37/469
233 235 235 43/873
233 235 234 -25/679
234 235 235 96/601
234 235 234 21/229
235 235 235 41/251
235 235 234 19/682
226 236 236 98/683
226 236 235 64/389
228 236 236 120/787
228 236 235 93/526
230 236 236 101/629
230 236 235 130/699
231 236 236 149/907
231 236 235 217/863
232 236 236 127/757
232 236 235 135/706
233 236 236 85/497
233 236 235 201/736
234 236 236 51/293
234 236 235 183/958
235 236 236 26/147
235 236 235 48/161
236 236 236 113/672
236 236 235 152/939
225 237 237 116/761
225 237 236 15/397
227 237 237 144/887
227 237 236 29/683
228 237 237 99/593
228 237 236 39/568
229 237 237 43/251
229 237 236 21/458
230 237 237 173/986
230 237 236 77/996
231 237 237 158/881
231 237 236 1/21
232 237 237 183/1000
232 237 236 42/485
233 237 237 184/987
233 237 236 40/849
234 237 237 157/828
234 237 236 92/945
235 237 237 27/485
235 237 236 -3/64
236 237 237 13/940
236 237 236 -3/364
237 237 237 194/981
237 237 236 23/684
224 238 238 51/280
224 238 237 219/979
226 238 238 133/701
226 238 237 218/927
227 238 238 109/564
227 238 237 253/925
228 238 238 163/829
228 238 237 56/229
229 238 238 199/996
229 238 237 11/38
230 238 238 43/212
230 238 237 134/533
231 238 238 29/141
231 238 237 59/193
232 238 238 5/24
232 238 237 88/345
233 238 238 35/166
233 238 237 253/783
234 238 238 123/577
234 238 237 163/641
235 238 238 59/274
235 238 237 249/725
236 238 238 113/520
236 238 237 145/588
237 238 238 204/931
237 238 237 284/767
238 238 238 58/285
238 238 237 124/637
221 239 239 83/431
221 239 238 32/607
223 239 239 163/808
223 239 238 33/569
224 239 239 157/762
224 239 238 64/865
225 239 239 120/571
225 239 238 1/16
226 239 239 82/383
226 239 238 77/953
227 239 239 205/941
227 239 238 9/136
228 239 239 215/971
228 239 238 50/571
229 239 239 212/943
229 239 238 41/596
230 239 239 153/671
230 239 238 79/836
231 239 239 131/567
231 239 238 67/956
232 239 239 185/791
232 239 238 31/304
233 239 239 224/947
233 239 238 53/762
234 239 239 87/364
234 239 238 28/253
235 239 239 104/431
235 239 238 11/166
236 239 239 203/834
236 239 238 74/607
237 239 239 197/803
237 239 238 13/223
238 239 239 232/939
238 239 238 116/837
239 239 239 61/799
239 239 238 -73/978
218 240 240 37/497
218 240 239 -3/506
219 240 240 55/806
219 240 239 -3/656
220 240 240 50/699
220 240 239 -10/797
221 240 240 20/309
221 240 239 -2/195
222 240 240 67/972
222 240 239 -16/851
223 240 240 10/163
223 240 239 -1/65
224 240 240 1/15
224 240 239 -11/445
225 240 240 50/861
225 240 239 -7/351
226 240 240 7/108
226 240 239 -21/692
227 240 240 17/310
227 240 239 -12/503
228 240 240 13/205
228 240 239 -32/895
229 240 240 48/931
229 240 239 -27/998
230 240 240 44/703
230 240 239 -14/341
231 240 240 44/915
231 240 239 -17/579
232 240 240 1/16
232 240 239 -15/323
233 240 240 39/883
233 240 239 -15/491
234 240 240 273/983
234 240 239 125/351
235 240 240 160/573
235 240 239 397/929
236 240 240 55/196
236 240 239 270/773
237 240 240 241/855
237 240 239 13/29
238 240 240 62/855
238 240 239 -59/859
239 240 240 10/463
239 240 239 -19/989
240 240 240 59/689
240 240 239 -71/840
213 241 241 233/897
213 241 240 39/539
214 241 241 131/496
214 241 240 37/460
215 241 241 267/995
215 241 240 69/884
216 241 241 173/635
216 241 240 86/993
217 241 241 157/568
217 241 240 1/12
218 241 241 271/967
218 241 240 85/919
219 241 241 23/81
219 241 240 29/329
220 241 241 203/706
220 241 240 88/897
221 241 241 71/244
221 241 240 85/919
222 241 241 284/965
222 241 240 101/976
223 241 241 296/995
223 241 240 76/789
224 241 241 55/183
224 241 240 89/819
225 241 241 166/547
225 241 240 73/733
226 241 241 298/973
226 241 240 53/466
227 241 241 287/929
227 241 240 65/636
228 241 241 19/61
228 241 240 117/985
229 241 241 199/634
229 241 240 31/298
230 241 241 135/427
230 241 240 107/863
231 241 241 233/732
231 241 240 13/124
232 241 241 279/871
232 241 240 7/54
233 241 241 280/869
233 241 240 49/470
234 241 241 219/676
234 241 240 121/888
235 241 241 14/43
235 241 240 79/778
236 241 241 192/587
236 241 240 132/911
237 241 241 202/615
237 241 240 95/998
238 241 241 181/549
238 241 240 83/526
239 241 241 304/919
239 241 240 67/820
240 241 241 283/853
240 241 240 114/631
241 241 241 155/466
241 241 240 51/994
206 242 242 329/958
206 242 241 166/363
207 242 242 341/985
207 242 241 326/697
208 242 242 292/837
208 242 241 80/171
209 242 242 297/845
209 242 241 412/861
210 242 242 268/757
210 242 241 312/653
211 242 242 241/676
211 242 241 153/313
212 242 242 173/482
212 242 241 474/973
213 242 242 194/537
213 242 241 367/736
214 242 242 353/971
214 242 241 243/490
215 242 242 173/473
215 242 241 413/813
216 242 242 110/299
216 242 241 497/986
217 242 242 101/273
217 242 241 474/917
218 242 242 138/371
218 242 241 155/303
219 242 242 341/912
219 242 241 300/571
220 242 242 304/809
220 242 241 127/245
221 242 242 165/437
221 242 241 422/791
222 242 242 11/29
222 242 241 193/368
223 242 242 8/21
223 242 241 59/109
224 242 242 259/677
224 242 241 89/168
225 242 242 343/893
225 242 241 163/297
226 242 242 251/651
226 242 241 508/951
227 242 242 344/889
227 242 241 272/489
228 242 242 106/273
228 242 241 136/253
229 242 242 67/172
229 242 241 491/871
230 242 242 379/970
230 242 241 497/921
231 242 242 346/883
231 242 241 483/845
232 242 242 332/845
232 242 241 27/50
233 242 242 219/556
233 242 241 83/143
234 242 242 319/808
234 242 241 227/422
235 242 242 91/230
235 242 241 554/937
236 242 242 289/729
236 242 241 459/863
237 242 242 334/841
237 242 241 602/993
238 242 242 72/181
238 242 241 432/833
239 242 242 390/979
239 242 241 505/801
240 242 242 71/178
240 242 241 462/943
241 242 242 29/74
241 242 241 187/282
242 242 242 118/931
242 242 241 -13/103
194 243 243 386/983
194 243 242 66/667
195 243 243 361/910
195 243 242 65/647
196 243 243 371/926
196 243 242 66/629
197 243 243 358/885
197 243 242 65/612
198 243 243 167/409
198 243 242 29/262
199 243 243 363/881
199 243 242 102/913
200 243 243 244/587
200 243 242 48/413
201 243 243 231/551
201 243 242 42/359
202 243 243 93/220
202 243 242 22/181
203 243 243 75/176
203 243 242 118/967
204 243 243 341/794
204 243 242 48/379
205 243 243 431/996
205 243 242 61/481
206 243 243 432/991
206 243 242 93/707
207 243 243 18/41
207 243 242 116/883
208 243 243 389/880
208 243 242 44/323
209 243 243 360/809
209 243 242 116/855
210 243 243 305/681
210 243 242 93/661
211 243 243 370/821
211 243 242 51/365
212 243 243 107/236
212 243 242 49/338
213 243 243 306/671
213 243 242 31/216
214 243 243 421/918
214 243 242 86/577
215 243 243 160/347
215 243 242 5/34
216 243 243 362/781
216 243 242 13/85
217 243 243 341/732
217 243 242 121/805
218 243 243 411/878
218 243 242 73/466
219 243 243 467/993
219 243 242 145/946
220 243 243 291/616
220 243 242 153/955
221 243 243 399/841
221 243 242 63/404
222 243 243 343/720
222 243 242 9/55
223 243 243 11/23
223 243 242 157/992
224 243 243 277/577
224 243 242 98/587
225 243 243 172/357
225 243 242 29/181
226 243 243 73/151
226 243 242 8/47
227 243 243 178/367
227 243 242 93/575
228 243 243 469/964
228 243 242 55/317
229 243 243 485/994
229 243 242 55/338
230 243 243 433/885
230 243 242 89/503
231 243 243 285/581
231 243 242 119/730
232 243 243 386/785
232 243 242 15/83
233 243 243 275/558
233 243 242 25/154
234 243 243 443/897
234 243 242 98/529
235 243 243 239/483
235 243 242 41/256
236 243 243 231/466
236 243 242 162/847
237 243 243 427/860
237 243 242 154/991
238 243 243 90/181
238 243 242 107/534
239 243 243 118/237
239 243 242 132/907
240 243 243 325/652
240 243 242 122/563
241 243 243 241/483
241 243 242 21/170
242 243 243 407/815
242 243 242 182/719
243 243 243 499/999
243 243 242 41/645
174 244 244 103/322
174 244 243 209/999
175 244 244 316/983
175 244 243 81/379
176 244 244 192/593
176 244 243 123/565
177 244 244 27/83
177 244 243 221/995
178 244 244 19/58
178 244 243 134/593
179 244 244 229/696
179 244 243 184/799
180 244 244 323/975
180 244 243 227/970
181 244 244 325/977
181 244 243 76/319
182 244 244 287/857
182 244 243 193/798
183 244 244 315/937
183 244 243 46/187
184 244 244 334/987
184 244 243 239/958
185 244 244 325/957
185 244 243 18/71
186 244 244 215/629
186 244 243 233/907
187 244 244 119/347
187 244 243 259/993
188 244 244 39/113
188 244 243 75/284
189 244 244 9/26
189 244 243 153/571
190 244 244 85/244
190 244 243 254/937
191 244 244 328/939
191 244 243 199/724
192 244 244 129/367
192 244 243 167/601
193 244 244 352/999
193 244 243 136/483
194 244 244 39/110
194 244 243 227/798
195 244 244 345/971
195 244 243 225/781
196 244 244 69/193
196 244 243 226/777
197 244 244 351/980
197 244 243 169/574
198 244 244 324/899
198 244 243 183/616
199 244 244 231/640
199 244 243 52/173
200 244 244 77/212
200 244 243 107/353
201 244 244 4/11
201 244 243 271/884
202 244 244 288/787
202 244 243 55/178
203 244 244 256/699
203 244 243 174/557
204 244 244 289/784
204 244 243 107/340
205 244 244 274/743
205 244 243 125/393
206 244 244 284/765
206 244 243 311/971
207 244 244 284/765
207 244 243 311/961
208 244 244 277/741
208 244 243 315/967
209 244 244 173/463
209 244 243 103/313
210 244 244 207/550
210 244 243 50/151
211 244 244 373/992
211 244 243 299/894
212 244 244 255/673
212 244 243 289/859
213 244 244 227/600
213 244 243 298/877
214 244 244 362/949
214 244 243 271/793
215 244 244 346/909
215 244 243 146/423
216 244 244 207/539
216 244 243 185/533
217 244 244 337/880
217 244 243 88/251
218 244 244 169/437
218 244 243 171/485
219 244 244 383/994
219 244 243 192/539
220 244 244 351/901
220 244 243 263/734
221 244 244 19/49
221 244 243 331/914
222 244 244 203/517
222 244 243 324/889
223 244 244 162/415
223 244 243 136/369
224 244 244 61/154
224 244 243 323/870
225 244 244 116/295
225 244 243 375/998
226 244 244 399/997
226 244 243 196/517
227 244 244 203/512
227 244 243 305/794
228 244 244 32/79
228 244 243 143/368
229 244 244 400/999
229 244 243 28/71
230 244 244 397/965
230 244 243 353/881
231 244 244 272/671
231 244 243 108/265
232 244 244 134/319
232 244 243 73/175
233 244 244 382/927
233 244 243 103/242
234 244 244 293/677
234 244 243 432/979
235 244 244 397/941
235 244 243 412/911
236 244 244 179/395
236 244 243 479/998
237 244 244 368/841
237 244 243 352/711
238 244 244 402/821
238 244 243 116/211
239 244 244 320/687
239 244 243 301/526
240 244 244 76/145
240 244 243 72/119
241 244 244 452/939
241 244 243 447/701
242 244 244 665/998
242 244 243 811/931
243 244 244 475/804
243 244 243 580/603
244 244 244 531/983
244 244 243 362/829
130 245 245 94/715
130 245 244 2/43
131 245 245 125/936
131 245 244 17/361
132 245 245 82/605
132 245 244 47/986
133 245 245 41/298
133 245 244 23/477
134 245 245 6/43
134 245 244 47/964
135 245 245 31/219
135 245 244 40/811
136 245 245 67/467
136 245 244 18/361
137 245 245 8/55
137 245 244 43/853
138 245 245 80/543
138 245 244 19/373
139 245 245 93/623
139 245 244 47/913
140 245 245 128/847
140 245 244 43/827
141 245 245 58/379
141 245 244 27/514
142 245 245 24/155
142 245 244 48/905
143 245 245 155/989
143 245 244 52/971
144 245 245 139/877
144 245 244 2/37
145 245 245 131/817
145 245 244 43/788
146 245 245 100/617
146 245 244 43/781
147 245 245 59/360
147 245 244 1/18
148 245 245 128/773
148 245 244 45/803
149 245 245 159/950
149 245 244 45/796
150 245 245 155/917
150 245 244 35/614
151 245 245 90/527
151 245 244 38/661
152 245 245 5/29
152 245 244 35/604
153 245 245 74/425
153 245 244 43/736
154 245 245 81/461
154 245 244 58/985
155 245 245 91/513
155 245 244 27/455
156 245 245 175/978
156 245 244 11/184
157 245 245 147/814
157 245 244 5/83
158 245 245 175/961
158 245 244 29/478
159 245 245 79/430
159 245 244 47/769
160 245 245 5/27
160 245 244 4/65
161 245 245 147/787
161 245 244 52/839
162 245 245 147/781
162 245 244 35/561
163 245 245 167/880
163 245 244 61/971
164 245 245 13/68
164 245 244 60/949
165 245 245 132/685
165 245 244 59/927
166 245 245 85/438
166 245 244 13/203
167 245 245 44/225
167 245 244 64/993
168 245 245 101/513
168 245 244 33/509
169 245 245 191/963
169 245 244 64/981
170 245 245 107/536
170 245 244 29/442
171 245 245 38/189
171 245 244 20/303
172 245 245 193/954
172 245 244 15/226
173 245 245 11/54
173 245 244 48/719
174 245 245 25/122
174 245 244 10/149
175 245 245 164/795
175 245 244 49/726
176 245 245 89/429
176 245 244 58/855
177 245 245 204/977
177 245 244 53/777
178 245 245 93/443
178 245 244 56/817
179 245 245 139/658
179 245 244 43/624
180 245 245 179/843
180 245 244 61/881
181 245 245 69/323
181 245 244 65/934
182 245 245 79/368
182 245 244 23/329
183 245 245 103/477
183 245 244 30/427
184 245 245 105/484
184 245 244 35/496
185 245 245 12/55
185 245 244 68/959
186 245 245 87/397
186 245 244 23/323
187 245 245 210/953
187 245 244 45/629
188 245 245 52/235
188 245 244 51/710
189 245 245 208/935
189 245 244 7/97
190 245 245 199/891
190 245 244 46/635
191 245 245 218/971
191 245 244 35/481
192 245 245 16/71
192 245 244 68/931
193 245 245 65/287
193 245 244 49/668
194 245 245 5/22
194 245 244 12/163
195 245 245 37/162
195 245 244 19/257
196 245 245 228/995
196 245 244 71/957
197 245 245 102/443
197 245 244 59/792
198 245 245 94/407
198 245 244 37/495
199 245 245 197/849
199 245 244 40/533
200 245 245 37/159
200 245 244 57/757
201 245 245 18/77
201 245 244 35/463
202 245 245 229/977
202 245 244 43/567
203 245 245 97/412
203 245 244 59/775
204 245 245 97/411
204 245 244 32/419
205 245 245 151/637
205 245 244 45/587
206 245 245 196/825
206 245 244 1/13
207 245 245 199/834
207 245 244 22/285
208 245 245 219/916
208 245 244 58/749
209 245 245 164/683
209 245 244 67/862
210 245 245 89/370
210 245 244 40/513
211 245 245 165/683
211 245 244 9/115
212 245 245 233/963
212 245 244 53/675
213 245 245 165/679
213 245 244 77/977
214 245 245 82/337
214 245 244 45/569
215 245 245 229/937
215 245 244 62/781
216 245 245 229/936
216 245 244 20/251
217 245 245 29/118
217 245 244 2/25
218 245 245 168/683
218 245 244 20/249
219 245 245 237/959
219 245 244 5/62
220 245 245 91/368
220 245 244 38/469
221 245 245 208/837
221 245 244 31/381
222 245 245 89/358
222 245 244 9/110
223 245 245 1/4
223 245 244 77/937
224 245 245 1/4
224 245 244 47/568
225 245 245 221/879
225 245 244 75/902
226 245 245 218/867
226 245 244 77/918
227 245 245 103/407
227 245 244 78/925
228 245 245 41/162
228 245 244 18/211
229 245 245 77/302
229 245 244 63/734
230 245 245 215/843
230 245 244 15/172
231 245 245 256/995
231 245 244 13/148
232 245 245 94/365
232 245 244 8/89
233 245 245 82/315
233 245 244 67/739
234 245 245 237/908
234 245 244 37/394
235 245 245 199/752
235 245 244 69/727
236 245 245 203/762
236 245 244 22/219
237 245 245 257/947
237 245 244 72/707
238 245 245 258/935
238 245 244 10/89
239 245 245 155/547
239 245 244 23/201
240 245 245 61/206
240 245 244 39/283
241 245 245 170/551
241 245 244 101/715
242 245 245 305/924
242 245 244 34/309
243 245 245 383/859
243 245 244 368/927
244 245 245 421/903
244 245 244 323/739
245 245 245 418/711
245 245 244 76/929
