# UNIF(n=243,lo,hi): D_ren + dipoles; lines "lo hi level amplitude" for the corrected intervals
212 212 212 23/563
212 212 211 7/284
213 213 213 24/553
213 213 212 -1/598
214 214 214 10/383
214 214 213 -4/995
215 215 215 29/566
215 215 214 1/911
216 216 216 22/833
216 216 215 -4/547
217 217 217 23/386
217 217 216 3/776
218 218 218 1/37
218 218 217 -5/467
219 219 219 65/947
219 219 218 4/601
220 220 220 28/999
220 220 219 -9/631
221 221 221 46/585
221 221 220 9/946
222 222 222 29/983
222 222 221 -3/166
221 223 223 29/425
221 223 222 1/425
223 223 223 25/278
223 223 222 1/80
222 224 224 28/769
222 224 223 -1/143
224 224 224 16/167
224 224 223 56/619
223 225 225 10/117
223 225 224 7/787
225 225 225 92/893
225 225 224 5/319
224 226 226 25/258
224 226 225 27/295
226 226 226 17/157
226 226 225 25/242
223 227 227 88/985
223 227 226 7/715
225 227 227 76/725
225 227 226 13/824
227 227 227 101/851
227 227 226 5/261
224 228 228 1/24
224 228 227 -5/547
226 228 228 84/715
226 228 227 49/414
228 228 228 31/251
228 228 227 65/548
223 229 229 54/529
223 229 228 14/919
225 229 229 79/684
225 229 228 20/979
227 229 229 51/400
227 229 228 23/986
229 229 229 120/869
229 229 228 19/822
224 230 230 41/334
224 230 229 73/558
226 230 230 101/759
226 230 229 1/7
228 230 230 33/232
228 230 229 120/799
229 230 230 65/444
229 230 229 16/65
230 230 230 142/995
230 230 229 11/80
223 231 231 1/8
223 231 230 15/587
225 231 231 3/22
225 231 230 28/935
227 231 231 143/976
227 231 230 29/896
228 231 231 99/655
228 231 230 70/891
229 231 231 5/101
229 231 230 -25/682
230 231 231 141/884
230 231 230 13/142
231 231 231 103/631
231 231 230 1/36
222 232 232 94/661
222 232 231 73/450
224 232 232 5/33
224 232 231 101/577
226 232 232 47/294
226 232 231 128/693
227 232 232 147/898
227 232 231 158/631
228 232 232 44/263
228 232 231 178/935
229 232 232 64/375
229 232 231 267/980
230 232 232 69/397
230 232 231 121/635
231 232 232 44/249
231 232 231 207/695
232 232 232 39/232
232 232 231 149/921
221 233 233 89/590
221 233 232 31/844
223 233 233 53/329
223 233 232 41/985
225 233 233 169/992
225 233 232 43/951
226 233 233 95/544
226 233 232 37/482
227 233 233 149/834
227 233 232 19/403
228 233 233 160/877
228 233 232 82/951
229 233 233 175/941
229 233 232 36/769
230 233 233 67/354
230 233 232 27/278
231 233 233 53/949
231 233 232 -18/385
232 233 233 7/502
232 233 232 -7/857
233 233 233 188/951
233 233 232 23/685
220 234 234 49/271
220 234 233 202/913
222 234 234 113/599
222 234 233 201/862
223 234 234 5/26
223 234 233 25/92
224 234 234 176/899
224 234 233 147/605
225 234 234 128/643
225 234 233 155/538
226 234 234 37/183
226 234 233 250/999
227 234 234 8/39
227 234 233 39/128
228 234 234 58/279
228 234 233 241/948
229 234 234 185/879
229 234 233 128/397
230 234 234 43/202
230 234 233 17/67
231 234 234 208/967
231 234 233 342/997
232 234 234 38/175
232 234 233 183/743
233 234 234 129/589
233 234 233 339/916
234 234 234 82/403
234 234 233 137/704
219 235 235 200/999
219 235 234 54/949
220 235 235 152/743
220 235 234 10/137
221 235 235 52/249
221 235 234 35/568
222 235 235 33/155
222 235 234 2/25
223 235 235 31/143
223 235 234 43/657
224 235 235 28/127
224 235 234 85/978
225 235 235 71/317
225 235 234 38/557
226 235 235 5/22
226 235 234 47/500
227 235 235 197/855
227 235 234 59/847
228 235 235 7/30
228 235 234 82/807
229 235 235 140/593
229 235 234 59/852
230 235 235 226/947
230 235 234 107/969
231 235 235 181/751
231 235 234 37/560
232 235 235 116/477
232 235 234 47/386
233 235 235 127/518
233 235 234 27/464
234 235 235 102/413
234 235 234 137/989
235 235 235 65/851
235 235 234 -72/965
214 236 236 17/226
214 236 235 -1/226
216 236 236 47/651
216 236 235 -8/711
217 236 236 23/352
217 236 235 -5/552
218 236 236 18/259
218 236 235 -2/113
219 236 236 49/792
219 236 235 -11/765
220 236 236 46/685
220 236 235 -23/967
221 236 236 43/735
221 236 235 -17/890
222 236 236 65/997
222 236 235 -29/980
223 236 236 25/453
223 236 235 -20/863
224 236 236 13/204
224 236 235 -31/882
225 236 236 41/791
225 236 235 -11/415
226 236 236 59/939
226 236 235 -39/961
227 236 236 17/352
227 236 235 -11/380
228 236 236 19/303
228 236 235 -10/217
229 236 236 16/361
229 236 235 -17/562
230 236 236 197/710
230 236 235 117/329
231 236 236 238/853
231 236 235 336/787
232 236 236 76/271
232 236 235 186/533
233 236 236 71/252
233 236 235 444/991
234 236 236 23/317
234 236 235 -45/656
235 236 236 21/971
235 236 235 -11/574
236 236 236 34/397
236 236 235 -6/71
210 237 237 133/508
210 237 236 16/203
211 237 237 255/958
211 237 236 76/993
212 237 237 202/747
212 237 236 23/270
213 237 237 14/51
213 237 236 56/683
214 237 237 22/79
214 237 236 73/800
215 237 237 83/294
215 237 236 87/1000
216 237 237 276/965
216 237 236 36/371
217 237 237 75/259
217 237 236 14/153
218 237 237 247/843
218 237 236 4/39
219 237 237 8/27
219 237 236 55/576
220 237 237 165/551
220 237 236 71/658
221 237 237 183/605
221 237 236 98/991
222 237 237 91/298
222 237 236 101/893
223 237 237 273/886
223 237 236 81/797
224 237 237 133/428
224 237 236 112/947
225 237 237 213/680
225 237 236 29/280
226 237 237 83/263
226 237 236 120/971
227 237 237 307/966
227 237 236 100/957
228 237 237 230/719
228 237 236 97/750
229 237 237 28/87
229 237 236 99/952
230 237 237 301/930
230 237 236 77/566
231 237 237 122/375
231 237 236 67/661
232 237 237 287/878
232 237 236 142/981
233 237 237 217/661
233 237 236 29/305
234 237 237 321/974
234 237 236 135/856
235 237 237 42/127
235 237 236 81/992
236 237 237 137/413
236 237 236 69/382
237 237 237 150/451
237 237 236 2/39
203 238 238 218/633
203 238 237 311/670
204 238 238 251/723
204 238 237 438/943
205 238 238 261/746
205 238 237 183/385
206 238 238 141/400
206 238 237 207/436
207 238 238 256/721
207 238 237 398/819
208 238 238 310/867
208 238 237 452/933
209 238 238 356/989
209 238 237 127/256
210 238 238 354/977
210 238 237 419/849
211 238 238 136/373
211 238 237 44/87
212 238 238 157/428
212 238 237 129/257
213 238 238 107/290
213 238 237 69/134
214 238 238 351/946
214 238 237 105/206
215 238 238 285/764
215 238 237 188/359
216 238 238 3/8
216 238 237 493/954
217 238 238 309/820
217 238 237 299/562
218 238 238 170/449
218 238 237 419/801
219 238 238 89/234
219 238 237 317/587
220 238 238 280/733
220 238 237 351/664
221 238 238 369/962
221 238 237 493/900
222 238 238 320/831
222 238 237 329/617
223 238 238 281/727
223 238 237 351/632
224 238 238 237/611
224 238 237 343/639
225 238 238 72/185
225 238 237 527/936
226 238 238 383/981
226 238 237 518/961
227 238 238 316/807
227 238 237 446/781
228 238 238 289/736
228 238 237 539/999
229 238 238 324/823
229 238 237 569/981
230 238 238 191/484
230 238 237 93/173
231 238 238 176/445
231 238 237 497/841
232 238 238 86/217
232 238 237 479/901
233 238 238 376/947
233 238 237 20/33
234 238 238 383/963
234 238 237 351/677
235 238 238 331/831
235 238 237 515/817
236 238 238 69/173
236 238 237 169/345
237 238 238 270/689
237 238 237 494/745
238 238 238 118/931
238 238 237 -118/935
191 239 239 35/89
191 239 238 14/143
192 239 239 329/828
192 239 238 79/771
193 239 239 299/745
193 239 238 73/703
194 239 239 77/190
194 239 238 107/987
195 239 239 9/22
195 239 238 85/776
196 239 239 154/373
196 239 238 21/184
197 239 239 302/725
197 239 238 89/774
198 239 239 271/645
198 239 238 64/535
199 239 239 297/701
199 239 238 25/208
200 239 239 211/494
200 239 238 124/993
201 239 239 96/223
201 239 238 104/831
202 239 239 357/823
202 239 238 105/808
203 239 239 267/611
203 239 238 127/978
204 239 239 305/693
204 239 238 31/230
205 239 239 308/695
205 239 238 101/752
206 239 239 410/919
206 239 238 98/703
207 239 239 185/412
207 239 238 109/787
208 239 239 258/571
208 239 238 43/299
209 239 239 5/11
209 239 238 95/667
210 239 239 155/339
210 239 238 127/858
211 239 239 183/398
211 239 238 84/575
212 239 239 141/305
212 239 238 116/763
213 239 239 428/921
213 239 238 139/930
214 239 239 163/349
214 239 238 125/802
215 239 239 237/505
215 239 238 9/59
216 239 239 124/263
216 239 238 67/420
217 239 239 251/530
217 239 238 139/895
218 239 239 458/963
218 239 238 15/92
219 239 239 319/668
219 239 238 50/317
220 239 239 419/874
220 239 238 131/787
221 239 239 243/505
221 239 238 139/870
222 239 239 127/263
222 239 238 9/53
223 239 239 219/452
223 239 238 137/849
224 239 239 401/825
224 239 238 111/641
225 239 239 254/521
225 239 238 134/825
226 239 239 485/992
226 239 238 156/883
227 239 239 451/920
227 239 238 7/43
228 239 239 316/643
228 239 238 76/421
229 239 239 133/270
229 239 238 6/37
230 239 239 467/946
230 239 238 169/913
231 239 239 185/374
231 239 238 157/981
232 239 239 391/789
232 239 238 134/701
233 239 239 482/971
233 239 238 57/367
234 239 239 436/877
234 239 238 131/654
235 239 239 457/918
235 239 238 87/598
236 239 239 472/947
236 239 238 216/997
237 239 239 467/936
237 239 238 103/834
238 239 239 394/789
238 239 238 61/241
239 239 239 499/999
239 239 238 15/236
171 240 240 308/965
171 240 239 196/939
172 240 240 309/961
172 240 239 169/794
173 240 240 116/359
173 240 239 5/23
174 240 240 262/805
174 240 239 118/533
175 240 240 257/786
175 240 239 222/983
176 240 240 163/495
176 240 239 215/936
177 240 240 253/765
177 240 239 11/47
178 240 240 333/1000
178 240 239 112/471
179 240 240 325/972
179 240 239 175/723
180 240 240 34/101
180 240 239 99/403
181 240 240 271/802
181 240 239 249/997
182 240 240 83/244
182 240 239 249/983
183 240 240 341/999
183 240 239 253/983
184 240 240 67/195
184 240 239 85/326
185 240 240 81/235
185 240 239 9/34
186 240 240 332/957
186 240 239 250/933
187 240 240 167/480
187 240 239 28/103
188 240 240 111/317
188 240 239 168/611
189 240 240 33/94
189 240 239 172/617
190 240 240 230/651
190 240 239 224/795
191 240 240 233/658
191 240 239 185/648
192 240 240 325/912
192 240 239 280/971
193 240 240 291/815
193 240 239 205/702
194 240 240 281/782
194 240 239 186/631
195 240 240 343/953
195 240 239 219/734
196 240 240 117/323
196 240 239 273/907
197 240 240 313/863
197 240 239 74/243
198 240 240 188/515
198 240 239 109/355
199 240 240 19/52
199 240 239 59/190
200 240 240 313/851
200 240 239 271/866
201 240 240 361/981
201 240 239 143/452
202 240 240 216/583
202 240 239 297/932
203 240 240 342/923
203 240 239 105/326
204 240 240 353/946
204 240 239 251/774
205 240 240 351/941
205 240 239 58/177
206 240 240 62/165
206 240 239 156/473
207 240 240 324/863
207 240 239 1/3
208 240 240 367/970
208 240 239 58/173
209 240 240 201/532
209 240 239 232/685
210 240 240 8/21
210 240 239 293/860
211 240 240 284/747
211 240 239 307/892
212 240 240 89/232
212 240 239 9/26
213 240 240 329/860
213 240 239 263/752
214 240 240 17/44
214 240 239 159/452
215 240 240 169/439
215 240 239 348/979
216 240 240 181/465
216 240 239 329/920
217 240 240 241/622
217 240 239 261/722
218 240 240 319/813
218 240 239 298/819
219 240 240 339/869
219 240 239 237/644
220 240 240 211/533
220 240 239 317/855
221 240 240 191/486
221 240 239 161/429
222 240 240 2/5
222 240 239 231/610
223 240 240 365/921
223 240 239 307/800
224 240 240 347/857
224 240 239 370/953
225 240 240 309/772
225 240 239 106/269
226 240 240 343/834
226 240 239 197/492
227 240 240 216/533
227 240 239 145/356
228 240 240 244/581
228 240 239 133/319
229 240 240 103/250
229 240 239 368/865
230 240 240 164/379
230 240 239 191/433
231 240 240 143/339
231 240 239 203/449
232 240 240 430/949
232 240 239 143/298
233 240 240 431/985
233 240 239 148/299
234 240 240 377/770
234 240 239 177/322
235 240 240 449/964
235 240 239 432/755
236 240 240 163/311
236 240 239 121/200
237 240 240 400/831
237 240 239 183/287
238 240 240 665/998
238 240 239 223/256
239 240 240 231/391
239 240 239 832/865
240 240 240 121/224
240 240 239 131/300
128 241 241 123/934
128 241 240 32/687
129 241 241 19/142
129 241 240 5/106
130 241 241 80/589
130 241 240 20/419
131 241 241 135/979
131 241 240 10/207
132 241 241 121/865
132 241 240 28/573
133 241 241 131/923
133 241 240 48/971
134 241 241 101/702
134 241 240 1/20
135 241 241 117/802
135 241 240 33/653
136 241 241 107/724
136 241 240 31/607
137 241 241 96/641
137 241 240 43/833
138 241 241 116/765
138 241 240 45/863
139 241 241 131/853
139 241 240 52/987
140 241 241 23/148
140 241 240 49/921
141 241 241 157/998
141 241 240 49/912
142 241 241 158/993
142 241 240 41/756
143 241 241 151/938
143 241 240 19/347
144 241 241 69/424
144 241 240 10/181
145 241 241 118/717
145 241 240 46/825
146 241 241 74/445
146 241 240 50/889
147 241 241 137/815
147 241 240 53/934
148 241 241 91/536
148 241 240 44/769
149 241 241 41/239
149 241 240 55/953
150 241 241 146/843
150 241 240 58/997
151 241 241 60/343
151 241 240 21/358
152 241 241 176/997
152 241 240 12/203
153 241 241 113/634
153 241 240 23/386
154 241 241 89/495
154 241 240 41/683
155 241 241 47/259
155 241 240 49/810
156 241 241 99/541
156 241 240 46/755
157 241 241 161/872
157 241 240 24/391
158 241 241 59/317
158 241 240 39/631
159 241 241 52/277
159 241 240 47/755
160 241 241 185/978
160 241 240 47/750
161 241 241 169/886
161 241 240 59/935
162 241 241 191/994
162 241 240 63/992
163 241 241 43/222
163 241 240 39/610
164 241 241 166/851
164 241 240 11/171
165 241 241 195/992
165 241 240 9/139
166 241 241 151/763
166 241 240 65/998
167 241 241 193/968
167 241 240 35/534
168 241 241 179/892
168 241 240 41/622
169 241 241 191/945
169 241 240 38/573
170 241 241 157/772
170 241 240 1/15
171 241 241 197/962
171 241 240 11/164
172 241 241 55/267
172 241 240 53/786
173 241 241 163/786
173 241 240 63/929
174 241 241 122/585
174 241 240 67/983
175 241 241 106/505
175 241 240 22/321
176 241 241 88/417
176 241 240 52/755
177 241 241 55/259
177 241 240 52/751
178 241 241 127/595
178 241 240 8/115
179 241 241 169/787
179 241 240 10/143
180 241 241 41/190
180 241 240 55/783
181 241 241 28/129
181 241 240 67/949
182 241 241 99/454
182 241 240 29/409
183 241 241 209/953
183 241 240 57/800
184 241 241 50/227
184 241 240 42/587
185 241 241 200/903
185 241 240 67/932
186 241 241 139/625
186 241 240 55/762
187 241 241 127/568
187 241 240 67/924
188 241 241 200/891
188 241 240 61/838
189 241 241 169/749
189 241 240 34/465
190 241 241 166/733
190 241 240 8/109
191 241 241 216/949
191 241 240 30/407
192 241 241 37/162
192 241 240 29/392
193 241 241 227/989
193 241 240 63/848
194 241 241 35/152
194 241 240 46/617
195 241 241 149/644
195 241 240 67/895
196 241 241 152/655
196 241 240 16/213
197 241 241 128/549
197 241 240 58/769
198 241 241 101/432
198 241 240 14/185
199 241 241 229/975
199 241 240 43/566
200 241 241 235/998
200 241 240 67/879
201 241 241 224/947
201 241 240 73/954
202 241 241 179/755
202 241 240 38/495
203 241 241 236/991
203 241 240 43/558
204 241 241 21/88
204 241 240 61/789
205 241 241 64/267
205 241 240 61/786
206 241 241 67/279
206 241 240 51/655
207 241 241 48/199
207 241 240 39/499
208 241 241 115/476
208 241 240 77/982
209 241 241 240/989
209 241 240 64/813
210 241 241 165/679
210 241 240 41/519
211 241 241 238/975
211 241 240 59/744
212 241 241 163/667
212 241 240 16/201
213 241 241 232/945
213 241 240 76/951
214 241 241 187/761
214 241 240 76/947
215 241 241 239/968
215 241 240 39/484
216 241 241 232/939
216 241 240 37/457
217 241 241 147/592
217 241 240 77/947
218 241 241 118/475
218 241 240 74/905
219 241 241 249/997
219 241 240 63/767
220 241 241 249/997
220 241 240 11/133
221 241 241 49/195
221 241 240 31/373
222 241 241 239/951
222 241 240 55/656
223 241 241 107/423
223 241 240 51/605
224 241 241 106/419
224 241 240 84/985
225 241 241 183/718
225 241 240 81/944
226 241 241 90/353
226 241 240 49/562
227 241 241 107/416
227 241 240 80/911
228 241 241 112/435
228 241 240 63/701
229 241 241 260/999
229 241 240 63/695
230 241 241 119/456
230 241 240 20/213
231 241 241 195/737
231 241 240 67/706
232 241 241 179/672
232 241 240 45/448
233 241 241 54/199
233 241 240 89/874
234 241 241 189/685
234 241 240 10/89
235 241 241 274/967
235 241 240 96/839
236 241 241 167/564
236 241 240 113/820
237 241 241 286/927
237 241 240 63/446
238 241 241 271/821
238 241 240 79/718
239 241 241 383/859
239 241 240 79/199
240 241 241 283/607
240 241 240 257/588
241 241 241 525/893
241 241 240 76/929
