# UNIF(n=143,lo,hi): D_ren + dipoles; lines "lo hi level amplitude" for the corrected intervals
121 121 121 47/849
121 121 120 -5/944
122 122 122 6/161
122 122 121 -2/479
123 123 123 17/240
123 123 122 0
124 124 124 5/132
124 124 123 -9/823
125 125 125 67/764
125 125 124 3/515
126 126 126 8/81
126 126 125 79/911
127 127 127 35/328
127 127 126 5/438
128 128 128 88/749
128 128 127 107/990
127 129 129 73/742
127 129 128 4/921
129 129 129 127/984
129 129 128 16/929
128 130 130 41/341
128 130 129 1/9
130 130 130 118/853
130 130 129 103/794
129 131 131 40/621
129 131 130 -21/772
131 131 131 134/855
131 131 130 9/383
128 132 132 110/787
128 132 131 139/987
130 132 132 82/517
130 132 131 55/337
132 132 132 86/521
132 132 131 154/985
129 133 133 113/709
129 133 132 29/999
131 133 133 27/407
131 133 132 -1/25
132 133 133 15/728
132 133 132 -3/773
133 133 133 144/745
133 133 132 25/816
128 134 134 88/487
128 134 133 157/768
130 134 134 193/989
130 134 133 179/809
131 134 134 76/377
131 134 133 289/908
132 134 134 149/718
132 134 133 67/293
133 134 134 79/371
133 134 133 355/989
134 134 134 26/129
134 134 133 103/539
127 135 135 178/921
127 135 134 12/271
129 135 135 95/453
129 135 134 25/488
130 135 135 203/935
130 135 134 67/700
131 135 135 200/893
131 135 134 51/937
132 135 135 213/925
132 135 134 103/912
133 135 135 38/161
133 135 134 51/982
134 135 135 55/228
134 135 134 128/951
135 135 135 45/574
135 135 134 -73/996
126 136 136 73/947
126 136 135 -12/949
127 136 136 44/725
127 136 135 -2/429
128 136 136 68/927
128 136 135 -23/912
129 136 136 4/75
129 136 135 -11/874
130 136 136 238/909
130 136 135 198/607
131 136 136 253/950
131 136 135 106/263
132 136 136 248/917
132 136 135 104/315
133 136 136 167/609
133 136 135 269/620
134 136 136 41/546
134 136 135 -60/943
135 136 136 21/905
135 136 135 -9/560
136 136 136 71/822
136 136 135 -77/927
123 137 137 233/895
123 137 136 49/722
124 137 137 71/265
124 137 136 83/943
125 137 137 271/985
125 137 136 43/561
126 137 137 267/947
126 137 136 53/531
127 137 137 171/593
127 137 136 59/705
128 137 137 184/625
128 137 136 58/521
129 137 137 3/10
129 137 136 87/982
130 137 137 167/547
130 137 136 8/65
131 137 137 241/777
131 137 136 63/695
132 137 137 275/874
132 137 136 72/529
133 137 137 131/411
133 137 136 28/317
134 137 137 69/214
134 137 136 149/976
135 137 137 143/439
135 137 136 74/947
136 137 137 211/642
136 137 136 121/678
137 137 137 258/779
137 137 136 35/696
120 138 138 8/23
120 138 137 329/713
121 138 138 277/786
121 138 137 18/37
122 138 138 289/810
122 138 137 149/312
123 138 138 196/543
123 138 137 397/786
124 138 138 335/918
124 138 137 380/773
125 138 138 73/198
125 138 137 403/771
126 138 138 287/771
126 138 137 77/153
127 138 138 157/418
127 138 137 497/921
128 138 138 303/800
128 138 137 463/904
129 138 138 292/765
129 138 137 69/124
130 138 138 173/450
130 138 137 487/941
131 138 138 113/292
131 138 137 503/876
132 138 138 248/637
132 138 137 420/811
133 138 138 110/281
133 138 137 385/647
134 138 138 369/938
134 138 137 205/402
135 138 138 81/205
135 138 137 503/806
136 138 138 378/953
136 138 137 151/311
137 138 138 188/481
137 138 137 593/897
138 138 138 38/299
138 138 137 -123/980
113 139 139 290/729
113 139 138 40/403
114 139 139 354/875
114 139 138 108/991
115 139 139 37/90
115 139 138 27/248
116 139 139 139/333
116 139 138 91/765
117 139 139 155/366
117 139 138 93/790
118 139 139 79/184
118 139 138 101/787
119 139 139 204/469
119 139 138 121/962
120 139 139 395/897
120 139 138 134/977
121 139 139 184/413
121 139 138 27/203
122 139 139 50/111
122 139 138 8/55
123 139 139 340/747
123 139 138 113/811
124 139 139 74/161
124 139 138 23/150
125 139 139 199/429
125 139 138 91/629
126 139 139 437/934
126 139 138 144/895
127 139 139 308/653
127 139 138 85/571
128 139 139 211/444
128 139 138 50/297
129 139 139 357/746
129 139 138 131/864
130 139 139 433/899
130 139 138 81/460
131 139 139 266/549
131 139 138 107/702
132 139 139 474/973
132 139 138 161/871
133 139 139 258/527
133 139 138 120/799
134 139 139 387/787
134 139 138 136/693
135 139 139 313/634
135 139 138 43/302
136 139 139 54/109
136 139 138 131/611
137 139 139 321/646
137 139 138 101/828
138 139 139 407/817
138 139 138 57/226
139 139 139 311/623
139 139 138 59/934
101 140 140 120/373
101 140 139 194/895
102 140 140 267/818
102 140 139 194/867
103 140 140 23/70
103 140 139 181/781
104 140 140 1/3
104 140 139 237/994
105 140 140 123/367
105 140 139 113/459
106 140 140 52/153
106 140 139 99/392
107 140 140 14/41
107 140 139 187/719
108 140 140 259/748
108 140 139 243/913
109 140 140 155/446
109 140 139 131/479
110 140 140 289/820
110 140 139 267/956
111 140 140 341/965
111 140 139 281/981
112 140 140 195/544
112 140 139 179/613
113 140 140 359/1000
113 140 139 61/204
114 140 140 278/763
114 140 139 263/864
115 140 140 121/332
115 140 139 33/106
116 140 140 221/597
116 140 139 296/935
117 140 140 71/192
117 140 139 142/439
118 140 140 314/835
118 140 139 237/721
119 140 140 374/997
119 140 139 97/289
120 140 140 358/937
120 140 139 339/994
121 140 140 256/673
121 140 139 102/293
122 140 140 249/641
122 140 139 349/986
123 140 140 301/780
123 140 139 357/988
124 140 140 388/981
124 140 139 251/682
125 140 140 346/883
125 140 139 50/133
126 140 140 342/847
126 140 139 88/229
127 140 140 291/730
127 140 139 384/977
128 140 140 316/763
128 140 139 366/905
129 140 140 363/892
129 140 139 313/755
130 140 140 320/747
130 140 139 405/938
131 140 140 212/507
131 140 139 195/439
132 140 140 446/991
132 140 139 451/953
133 140 140 251/577
133 140 139 445/909
134 140 140 275/564
134 140 139 403/739
135 140 140 337/726
135 140 139 277/487
136 140 140 503/962
136 140 139 574/953
137 140 140 209/435
137 140 139 89/140
138 140 140 429/644
138 140 139 47/54
139 140 140 587/994
139 140 139 845/879
140 140 140 283/524
140 140 139 285/653
75 141 141 25/191
75 141 140 28/601
76 141 141 9/67
76 141 140 43/904
77 141 141 4/29
77 141 140 22/453
78 141 141 88/623
78 141 140 46/929
79 141 141 109/753
79 141 140 26/515
80 141 141 62/419
80 141 140 42/817
81 141 141 33/218
81 141 140 49/936
82 141 141 93/602
82 141 140 32/601
83 141 141 83/526
83 141 140 54/997
84 141 141 114/709
84 141 140 29/527
85 141 141 154/939
85 141 140 17/304
86 141 141 125/749
86 141 140 55/969
87 141 141 144/847
87 141 140 17/295
88 141 141 113/654
88 141 140 53/907
89 141 141 173/984
89 141 140 23/388
90 141 141 131/734
90 141 140 57/949
91 141 141 41/226
91 141 140 54/887
92 141 141 39/212
92 141 140 58/941
93 141 141 17/91
93 141 140 55/881
94 141 141 95/502
94 141 140 6/95
95 141 141 173/901
95 141 140 14/219
96 141 141 137/705
96 141 140 17/263
97 141 141 171/868
97 141 140 61/933
98 141 141 50/251
98 141 140 22/333
99 141 141 112/555
99 141 140 37/554
100 141 141 21/103
100 141 140 23/341
101 141 141 58/281
101 141 140 49/719
102 141 141 204/979
102 141 140 41/596
103 141 141 191/906
103 141 140 38/547
104 141 141 131/616
104 141 140 64/913
105 141 141 143/665
105 141 140 15/212
106 141 141 75/346
106 141 140 71/995
107 141 141 85/388
107 141 140 62/861
108 141 141 111/503
108 141 140 57/785
109 141 141 35/157
109 141 140 55/751
110 141 141 57/254
110 141 140 68/921
111 141 141 172/759
111 141 140 37/497
112 141 141 163/715
112 141 140 40/533
113 141 141 197/856
113 141 140 32/423
114 141 141 59/255
114 141 140 71/931
115 141 141 209/895
115 141 140 76/989
116 141 141 145/618
116 141 140 51/658
117 141 141 179/756
117 141 140 56/717
118 141 141 233/980
118 141 140 29/368
119 141 141 131/546
119 141 140 59/743
120 141 141 157/652
120 141 140 49/611
121 141 141 61/251
121 141 140 75/928
122 141 141 167/685
122 141 140 56/685
123 141 141 207/841
123 141 140 59/716
124 141 141 214/867
124 141 140 59/706
125 141 141 193/774
125 141 140 15/178
126 141 141 1/4
126 141 140 23/268
127 141 141 133/526
127 141 140 75/866
128 141 141 209/824
128 141 140 73/822
129 141 141 102/397
129 141 140 48/535
130 141 141 255/988
130 141 140 89/956
131 141 141 259/988
131 141 140 75/796
132 141 141 60/227
132 141 140 81/811
133 141 141 24/89
133 141 140 67/661
134 141 141 151/550
134 141 140 72/643
135 141 141 234/829
135 141 140 80/701
136 141 141 269/911
136 141 140 67/487
137 141 141 307/997
137 141 140 57/404
138 141 141 272/825
138 141 140 101/919
139 141 141 292/655
139 141 140 374/941
140 141 141 153/328
140 141 140 398/911
141 141 141 538/915
141 141 140 77/942
