# UNIF(n=113,lo,hi): D_ren + dipoles; lines "lo hi level amplitude" for the corrected intervals
95 95 95 72/979
95 95 94 -1/301
96 96 96 29/332
96 96 95 49/733
97 97 97 11/115
97 97 96 1/237
98 98 98 33/299
98 98 97 57/596
99 99 99 95/787
99 99 98 10/851
100 100 100 118/879
100 100 99 56/457
99 101 101 37/473
99 101 100 -1/54
101 101 101 137/909
101 101 100 4/205
100 102 102 12/83
100 102 101 136/985
102 102 102 55/339
102 102 101 143/945
101 103 103 61/802
101 103 102 -12/355
103 103 103 116/613
103 103 102 6/215
100 104 104 32/179
100 104 103 58/303
102 104 104 175/881
102 104 103 167/786
104 104 104 164/821
104 104 103 133/708
99 105 105 157/847
99 105 104 1/29
101 105 105 81/389
101 105 104 15/344
102 105 105 50/229
102 105 104 73/697
103 105 105 137/602
103 105 104 31/672
104 105 105 197/835
104 105 104 11/84
105 105 105 61/760
105 105 104 -8/111
98 106 106 63/758
98 106 105 -1/170
100 106 106 71/287
100 106 105 289/966
101 106 106 208/817
101 106 105 125/328
102 106 106 227/869
102 106 105 301/962
103 106 106 236/883
103 106 105 359/853
104 106 106 12/155
104 106 105 -17/288
105 106 106 7/284
105 106 105 -7/530
106 106 106 84/965
106 106 105 -81/991
97 107 107 181/693
97 107 106 63/979
98 107 107 172/635
98 107 106 89/941
99 107 107 145/518
99 107 106 13/175
100 107 107 265/919
100 107 106 111/1000
101 107 107 85/287
101 107 106 33/409
102 107 107 145/478
102 107 106 73/570
103 107 107 269/868
103 107 106 16/195
104 107 107 313/991
104 107 106 33/223
105 107 107 290/903
105 107 106 73/975
106 107 107 29/89
106 107 106 3/17
107 107 107 32/97
107 107 106 39/790
94 108 108 342/995
94 108 107 271/602
95 108 108 291/832
95 108 107 17/35
96 108 108 348/979
96 108 107 271/576
97 108 108 153/424
97 108 107 189/370
98 108 108 337/921
98 108 107 471/967
99 108 108 308/831
99 108 107 238/445
100 108 108 3/8
100 108 107 298/597
101 108 108 69/182
101 108 107 19/34
102 108 108 152/397
102 108 107 479/948
103 108 108 265/686
103 108 107 179/306
104 108 108 213/547
104 108 107 117/233
105 108 108 391/997
105 108 107 277/448
106 108 108 88/223
106 108 107 405/841
107 108 108 363/931
107 108 107 474/719
108 108 108 93/730
108 108 107 -114/913
89 109 109 328/829
89 109 108 17/177
90 109 109 169/418
90 109 108 10/91
91 109 109 59/143
91 109 108 4/37
92 109 109 201/478
92 109 108 7/57
93 109 109 116/271
93 109 108 65/547
94 109 109 215/494
94 109 108 70/519
95 109 109 61/138
95 109 108 66/515
96 109 109 235/524
96 109 108 81/554
97 109 109 5/11
97 109 108 109/802
98 109 109 110/239
98 109 108 19/121
99 109 109 115/247
99 109 108 136/959
100 109 109 463/984
100 109 108 163/972
101 109 109 153/322
101 109 108 142/977
102 109 109 314/655
102 109 108 80/447
103 109 109 101/209
103 109 108 65/447
104 109 109 349/717
104 109 108 179/930
105 109 109 121/247
105 109 108 95/681
106 109 109 435/883
106 109 108 176/829
107 109 109 249/503
107 109 108 17/141
108 109 109 422/849
108 109 108 183/728
109 109 109 387/776
109 109 108 53/844
80 110 110 117/359
80 110 109 45/202
81 110 110 223/679
81 110 109 227/973
82 110 110 65/194
82 110 109 193/797
83 110 110 329/976
83 110 109 161/638
84 110 110 163/474
84 110 109 163/625
85 110 110 86/249
85 110 109 157/580
86 110 110 338/959
86 110 109 75/269
87 110 110 100/283
87 110 109 15/52
88 110 110 319/884
88 110 109 163/550
89 110 110 308/853
89 110 109 89/291
90 110 110 24/65
90 110 109 229/730
91 110 110 87/236
91 110 109 116/359
92 110 110 17/45
92 110 109 258/779
93 110 110 155/412
93 110 109 77/226
94 110 110 357/923
94 110 109 94/269
95 110 110 149/388
95 110 109 277/771
96 110 110 323/814
96 110 109 365/988
97 110 110 250/637
97 110 109 87/229
98 110 110 327/800
98 110 109 277/705
99 110 110 107/266
99 110 109 248/613
100 110 110 373/879
100 110 109 325/768
101 110 110 338/815
101 110 109 412/943
102 110 110 182/407
102 110 109 455/974
103 110 110 257/594
103 110 109 345/712
104 110 110 17/35
104 110 109 131/242
105 110 110 211/456
105 110 109 547/967
106 110 110 517/991
106 110 109 598/997
107 110 110 471/982
107 110 109 239/377
108 110 110 536/805
108 110 109 701/806
109 110 110 585/991
109 110 109 417/434
110 110 110 520/963
110 110 109 65/149
60 111 111 128/953
60 111 110 38/795
61 111 111 136/979
61 111 110 45/917
62 111 111 93/650
62 111 110 9/179
63 111 111 95/644
63 111 110 46/893
64 111 111 5/33
64 111 110 52/987
65 111 111 117/751
65 111 110 39/724
66 111 111 113/708
66 111 110 38/691
67 111 111 159/971
67 111 110 53/944
68 111 111 157/938
68 111 110 40/699
69 111 111 91/531
69 111 110 7/120
70 111 111 25/143
70 111 110 44/741
71 111 111 57/319
71 111 110 35/579
72 111 111 121/665
72 111 110 11/179
73 111 111 127/684
73 111 110 1/16
74 111 111 131/694
74 111 110 29/457
75 111 111 191/993
75 111 110 33/512
76 111 111 74/379
76 111 110 65/994
77 111 111 154/775
77 111 110 14/211
78 111 111 169/839
78 111 110 15/223
79 111 111 146/713
79 111 110 3/44
80 111 111 176/849
80 111 110 61/883
81 111 111 4/19
81 111 110 31/443
82 111 111 205/963
82 111 110 44/621
83 111 111 197/912
83 111 110 35/488
84 111 111 209/958
84 111 110 40/551
85 111 111 194/877
85 111 110 73/994
86 111 111 181/811
86 111 110 11/148
87 111 111 83/367
87 111 110 36/479
88 111 111 199/873
88 111 110 76/999
89 111 111 151/654
89 111 110 1/13
90 111 111 83/357
90 111 110 68/873
91 111 111 101/429
91 111 110 78/991
92 111 111 185/781
92 111 110 19/238
93 111 111 207/863
93 111 110 78/967
94 111 111 198/821
94 111 110 46/561
95 111 111 32/131
95 111 110 73/881
96 111 111 41/167
96 111 110 63/745
97 111 111 215/864
97 111 110 33/386
98 111 111 1/4
98 111 110 70/797
99 111 111 115/453
99 111 110 87/979
100 111 111 82/321
100 111 110 52/563
101 111 111 243/935
101 111 110 19/203
102 111 111 95/362
102 111 110 46/463
103 111 111 211/787
103 111 110 76/753
104 111 111 267/977
104 111 110 24/215
105 111 111 281/999
105 111 110 37/325
106 111 111 253/859
106 111 110 118/859
107 111 111 296/963
107 111 110 21/149
108 111 111 55/167
108 111 110 55/501
109 111 111 419/940
109 111 110 337/847
110 111 111 7/15
110 111 110 376/861
111 111 111 364/619
111 111 110 78/955
