# UNIF(n=165,lo,hi): D_ren + dipoles; lines "lo hi level amplitude" for the corrected intervals
141 141 141 35/681
141 141 140 -3/704
142 142 142 31/916
142 142 141 -3/764
143 143 143 51/794
143 143 142 0
144 144 144 7/204
144 144 143 -9/949
145 145 145 76/973
145 145 144 4/807
146 146 146 27/761
146 146 145 -15/983
147 147 147 42/449
147 147 146 7/730
148 148 148 97/938
148 148 147 11/116
147 149 149 28/345
147 149 148 0
149 149 149 77/692
149 149 148 7/487
148 150 150 80/809
148 150 149 79/923
150 150 150 112/935
150 150 149 101/901
149 151 151 97/886
149 151 150 9/776
151 151 151 53/400
151 151 150 17/873
150 152 152 102/793
150 152 151 114/905
152 152 152 134/957
152 152 151 110/829
149 153 153 94/765
149 153 152 2/119
151 153 153 34/579
151 153 152 -15/487
153 153 153 32/201
153 153 152 23/915
150 154 154 113/752
150 154 153 103/645
152 154 154 133/809
152 154 153 25/144
154 154 154 63/379
154 154 153 16/101
149 155 155 51/332
149 155 154 15/493
151 155 155 109/643
151 155 154 35/977
153 155 155 47/754
153 155 154 -41/963
154 155 155 11/609
154 155 154 -5/907
155 155 155 178/913
155 155 154 31/976
148 156 156 62/347
148 156 155 134/647
150 156 156 124/649
150 156 155 86/385
151 156 156 71/361
151 156 155 238/801
152 156 156 85/421
152 156 155 82/351
153 156 156 135/653
153 156 155 252/769
154 156 156 117/554
154 156 155 165/701
155 156 156 127/590
155 156 155 296/815
156 156 156 177/875
156 156 155 178/925
147 157 157 183/946
147 157 156 10/211
149 157 157 67/323
149 157 156 19/352
150 157 157 127/594
150 157 156 55/623
151 157 157 209/951
151 157 156 29/499
152 157 157 105/466
152 157 156 91/898
153 157 157 174/755
153 157 156 58/985
154 157 157 135/574
154 157 156 87/748
155 157 157 137/572
155 157 156 32/589
156 157 157 37/152
156 157 156 118/867
157 157 157 17/219
157 157 156 -69/935
146 158 158 72/959
146 158 157 -7/540
147 158 158 19/307
147 158 157 -1/146
148 158 158 43/600
148 158 157 -19/815
149 158 158 22/393
149 158 157 -13/933
150 158 158 7/101
150 158 157 -15/452
151 158 158 27/541
151 158 157 -19/983
152 158 158 207/773
152 158 157 194/575
153 158 158 157/579
153 158 157 197/478
154 158 158 212/773
154 158 157 254/753
155 158 158 156/563
155 158 157 405/922
156 158 158 51/688
156 158 157 -23/351
157 158 158 21/929
157 158 157 -17/985
158 158 158 83/964
158 158 157 -25/299
143 159 159 139/522
143 159 158 19/259
144 159 159 151/554
144 159 158 69/767
145 159 159 239/858
145 159 158 71/879
146 159 159 222/781
146 159 158 95/954
147 159 159 42/145
147 159 158 2/23
148 159 159 293/994
148 159 158 93/854
149 159 159 219/731
149 159 158 57/622
150 159 159 229/753
150 159 158 87/736
151 159 159 251/814
151 159 158 89/942
152 159 159 193/618
152 159 158 95/742
153 159 159 103/326
153 159 158 9/95
154 159 159 296/927
154 159 158 52/373
155 159 159 255/791
155 159 158 1/11
156 159 159 53/163
156 159 158 143/925
157 159 159 115/351
157 159 158 67/843
158 159 159 251/761
158 159 158 71/396
159 159 159 275/829
159 159 158 19/375
138 160 160 169/489
138 160 159 67/146
139 160 160 343/981
139 160 159 211/441
140 160 160 35/99
140 160 159 9/19
141 160 160 194/543
141 160 159 365/738
142 160 160 201/557
142 160 159 430/883
143 160 160 302/829
143 160 159 495/971
144 160 160 297/808
144 160 159 393/788
145 160 160 248/669
145 160 159 433/826
146 160 160 318/851
146 160 159 29/57
147 160 160 282/749
147 160 159 389/723
148 160 160 284/749
148 160 159 475/919
149 160 160 271/710
149 160 159 401/727
150 160 160 53/138
150 160 159 463/886
151 160 160 90/233
151 160 159 255/451
152 160 160 346/891
152 160 159 428/815
153 160 160 16/41
153 160 159 263/453
154 160 160 274/699
154 160 159 249/476
155 160 160 172/437
155 160 159 157/262
156 160 160 239/605
156 160 159 467/910
157 160 160 346/873
157 160 159 161/257
158 160 160 221/556
158 160 159 19/39
159 160 160 277/708
159 160 159 550/831
160 160 160 81/638
160 160 159 -81/644
130 161 161 17/43
130 161 160 34/335
131 161 161 376/937
131 161 160 102/995
132 161 161 208/511
132 161 160 109/987
133 161 161 111/269
133 161 160 106/957
134 161 161 125/299
134 161 160 95/799
135 161 161 69/163
135 161 160 95/802
136 161 161 338/789
136 161 160 25/197
137 161 161 393/907
137 161 160 55/438
138 161 161 258/589
138 161 160 87/647
139 161 161 239/540
139 161 160 128/969
140 161 161 274/613
140 161 160 81/572
141 161 161 282/625
141 161 160 73/529
142 161 161 178/391
142 161 160 131/883
143 161 161 73/159
143 161 160 107/747
144 161 161 417/901
144 161 160 154/995
145 161 161 97/208
145 161 160 56/379
146 161 161 31/66
146 161 160 14/87
147 161 161 375/793
147 161 160 83/548
148 161 161 79/166
148 161 160 107/641
149 161 161 304/635
149 161 160 35/227
150 161 161 246/511
150 161 160 141/815
151 161 161 451/932
151 161 160 73/469
152 161 161 459/944
152 161 160 100/557
153 161 161 21/43
153 161 160 153/985
154 161 161 407/830
154 161 160 97/518
155 161 161 377/766
155 161 160 124/815
156 161 161 239/484
156 161 160 18/91
157 161 161 157/317
157 161 160 115/801
158 161 161 433/872
158 161 160 110/511
159 161 161 107/215
159 161 160 44/359
160 161 161 181/363
160 161 160 247/978
161 161 161 414/829
161 161 160 63/995
116 162 162 157/490
116 162 161 47/223
117 162 162 319/989
117 162 161 130/597
118 162 162 299/916
118 162 161 183/818
119 162 162 155/472
119 162 161 68/295
120 162 162 100/301
120 162 161 227/961
121 162 162 333/997
121 162 161 169/696
122 162 162 25/74
122 162 161 215/866
123 162 162 149/439
123 162 161 95/373
124 162 162 242/705
124 162 161 105/404
125 162 162 275/798
125 162 161 103/387
126 162 162 222/637
126 162 161 77/284
127 162 162 93/266
127 162 161 275/992
128 162 162 64/181
128 162 161 269/954
129 162 162 207/584
129 162 161 260/903
130 162 162 351/979
130 162 161 167/571
131 162 162 339/944
131 162 161 159/533
132 162 162 343/944
132 162 161 102/337
133 162 162 4/11
133 162 161 227/736
134 162 162 113/307
134 162 161 297/950
135 162 162 329/894
135 162 161 290/911
136 162 162 271/727
136 162 161 217/673
137 162 162 293/787
137 162 161 21/64
138 162 162 191/506
138 162 161 98/295
139 162 162 61/162
139 162 161 171/506
140 162 162 177/463
140 162 161 13/38
141 162 162 270/709
141 162 161 325/934
142 162 162 349/901
142 162 161 321/911
143 162 162 349/906
143 162 161 309/862
144 162 162 11/28
144 162 161 125/344
145 162 162 285/731
145 162 161 361/976
146 162 162 89/223
146 162 161 257/684
147 162 162 32/81
147 162 161 116/303
148 162 162 98/241
148 162 161 326/835
149 162 162 69/172
149 162 161 365/916
150 162 162 239/574
150 162 161 205/501
151 162 162 175/428
151 162 161 291/695
152 162 162 335/779
152 162 161 313/719
153 162 162 339/808
153 162 161 377/843
154 162 162 37/82
154 162 161 265/557
155 162 162 303/695
155 162 161 88/179
156 162 162 21/43
156 162 161 518/947
157 162 162 33/71
157 162 161 484/849
158 162 162 269/514
158 162 161 181/300
159 162 162 313/651
159 162 161 632/993
160 162 162 573/860
160 162 161 175/201
161 162 162 492/833
161 162 161 25/26
162 162 162 276/511
162 162 161 141/323
87 163 163 85/643
87 163 162 44/939
88 163 163 128/947
88 163 162 27/566
89 163 163 116/839
89 163 162 22/453
90 163 163 59/418
90 163 162 4/81
91 163 163 47/326
91 163 162 34/677
92 163 163 107/728
92 163 162 5/98
93 163 163 103/687
93 163 162 31/598
94 163 163 118/773
94 163 162 1/19
95 163 163 128/823
95 163 162 18/337
96 163 163 121/765
96 163 162 13/240
97 163 163 33/205
97 163 162 5/91
98 163 163 113/691
98 163 162 25/449
99 163 163 69/415
99 163 162 32/567
100 163 163 95/563
100 163 162 2/35
101 163 163 169/986
101 163 162 51/881
102 163 163 126/725
102 163 162 14/239
103 163 163 121/686
103 163 162 22/371
104 163 163 161/901
104 163 162 40/667
105 163 163 164/905
105 163 162 29/478
106 163 163 31/169
106 163 162 13/212
107 163 163 137/737
107 163 162 31/500
108 163 163 179/952
108 163 162 30/479
109 163 163 139/730
109 163 162 5/79
110 163 163 143/743
110 163 162 37/579
111 163 163 112/575
111 163 162 63/976
112 163 163 133/676
112 163 162 54/829
113 163 163 199/1000
113 163 162 34/517
114 163 163 137/682
114 163 162 40/603
115 163 163 119/586
115 163 162 16/239
116 163 163 59/288
116 163 162 27/400
117 163 163 148/715
117 163 162 51/749
118 163 163 24/115
118 163 162 7/102
119 163 163 184/873
119 163 162 20/289
120 163 163 151/711
120 163 162 38/545
121 163 163 143/667
121 163 162 57/811
122 163 163 19/88
122 163 162 63/890
123 163 163 39/179
123 163 162 55/771
124 163 163 209/953
124 163 162 64/891
125 163 163 221/999
125 163 162 72/995
126 163 163 75/337
126 163 162 11/151
127 163 163 215/958
127 163 162 46/627
128 163 163 51/226
128 163 162 35/474
129 163 163 91/400
129 163 162 20/269
130 163 163 91/398
130 163 162 74/989
131 163 163 165/716
131 163 162 29/385
132 163 163 222/959
132 163 162 26/343
133 163 163 129/553
133 163 162 28/367
134 163 163 141/602
134 163 162 42/547
135 163 163 219/928
135 163 162 17/220
136 163 163 9/38
136 163 162 7/90
137 163 163 131/549
137 163 162 40/511
138 163 163 45/188
138 163 162 67/850
139 163 163 116/481
139 163 162 61/769
140 163 163 133/550
140 163 162 47/588
141 163 163 77/316
141 163 162 72/895
142 163 163 180/737
142 163 162 31/382
143 163 163 241/979
143 163 162 29/355
144 163 163 203/823
144 163 162 35/424
145 163 163 49/197
145 163 162 33/397
146 163 163 226/907
146 163 162 79/938
147 163 163 216/859
147 163 162 79/931
148 163 163 33/131
148 163 162 55/637
149 163 163 141/554
149 163 162 35/402
150 163 163 25/98
150 163 162 43/482
151 163 163 63/244
151 163 162 49/544
152 163 163 134/517
152 163 162 92/985
153 163 163 161/612
153 163 162 89/942
154 163 163 79/298
154 163 162 100/999
155 163 163 193/714
155 163 162 33/325
156 163 163 203/738
156 163 162 37/330
157 163 163 266/941
157 163 162 65/569
158 163 163 295/998
158 163 162 125/908
159 163 163 155/503
159 163 162 71/503
160 163 163 63/191
160 163 162 21/191
161 163 163 251/563
161 163 162 379/954
162 163 163 423/907
162 163 162 201/460
163 163 163 244/415
163 163 162 61/746
