# UNIF(n=159,lo,hi): D_ren + dipoles; lines "lo hi level amplitude" for the corrected intervals
136 136 136 19/548
136 136 135 -2/817
137 137 137 12/193
137 137 136 -1/1000
138 138 138 7/200
138 138 137 -5/606
139 139 139 59/772
139 139 138 1/258
140 140 140 4/111
140 140 139 -7/491
141 141 141 46/499
141 141 140 7/803
142 142 142 73/713
142 142 141 91/978
143 143 143 109/989
143 143 142 13/950
142 144 144 74/769
142 144 143 53/655
144 144 144 109/914
144 144 143 1/9
143 145 145 65/608
143 145 144 7/706
145 145 145 86/653
145 145 144 17/897
144 146 146 66/521
144 146 145 117/955
146 146 146 68/487
146 146 145 33/250
143 147 147 106/887
143 147 146 12/823
145 147 147 29/483
145 147 146 -8/267
147 147 147 102/643
147 147 146 23/929
144 148 148 140/947
144 148 147 57/367
146 148 148 128/785
146 148 147 170/993
148 148 148 39/235
148 148 147 157/994
143 149 149 149/993
143 149 148 28/999
145 149 149 167/999
145 149 148 5/146
147 149 149 57/901
147 149 148 -17/405
148 149 149 13/697
148 149 148 -4/779
149 149 149 165/848
149 149 148 31/984
142 150 150 152/867
142 150 149 167/831
144 150 150 173/917
144 150 149 30/137
146 150 150 120/599
146 150 149 3/13
147 150 150 126/613
147 150 149 111/341
148 150 150 118/561
148 150 149 112/479
149 150 150 213/992
149 150 149 46/127
150 150 150 172/851
150 150 149 161/838
141 151 151 142/751
141 151 150 29/653
143 151 151 197/965
143 151 150 3/58
144 151 151 23/109
144 151 150 45/521
145 151 151 212/975
145 151 150 13/230
146 151 151 187/837
146 151 150 1/10
147 151 151 68/297
147 151 150 52/899
148 151 151 11/47
148 151 150 93/805
149 151 151 206/863
149 151 150 47/874
150 151 151 197/811
150 151 150 101/744
151 151 151 61/784
151 151 150 -7/95
140 152 152 51/665
140 152 151 -6/613
141 152 152 24/379
141 152 151 -4/991
142 152 152 66/905
142 152 151 -1/48
143 152 152 23/403
143 152 151 -7/594
144 152 152 17/242
144 152 151 -11/351
145 152 152 18/355
145 152 151 -7/394
146 152 152 203/762
146 152 151 153/457
147 152 152 155/574
147 152 151 180/439
148 152 152 269/984
148 152 151 241/718
149 152 152 34/123
149 152 151 431/984
150 152 152 69/928
150 152 151 -11/169
151 152 152 22/967
151 152 151 -10/589
152 152 152 33/383
152 152 151 -46/551
137 153 153 47/180
137 153 152 49/703
138 153 153 251/937
138 153 152 24/277
139 153 153 265/966
139 153 152 7/90
140 153 153 145/517
140 153 152 25/258
141 153 153 286/999
141 153 152 75/887
142 153 153 96/329
142 153 152 11/103
143 153 153 207/697
143 153 152 22/245
144 153 153 243/805
144 153 152 106/909
145 153 153 205/669
145 153 152 88/945
146 153 153 32/103
146 153 152 101/796
147 153 153 28/89
147 153 152 68/725
148 153 153 316/993
148 153 152 47/339
149 153 153 109/339
149 153 152 55/609
150 153 153 221/681
150 153 152 39/253
151 153 153 231/706
151 153 152 19/240
152 153 153 320/971
152 153 152 12/67
153 153 153 319/962
153 153 152 35/692
132 154 154 296/867
132 154 153 137/304
133 154 154 102/295
133 154 153 347/737
134 154 154 344/983
134 154 153 461/988
135 154 154 40/113
135 154 153 472/967
136 154 154 73/204
136 154 153 368/765
137 154 154 47/130
137 154 153 403/799
138 154 154 23/63
138 154 153 479/970
139 154 154 7/19
139 154 153 92/177
140 154 154 97/261
140 154 153 211/418
141 154 154 151/403
141 154 153 31/58
142 154 154 276/731
142 154 153 431/839
143 154 154 27/71
143 154 153 253/461
144 154 154 263/687
144 154 153 129/248
145 154 154 250/649
145 154 153 467/829
146 154 154 265/684
146 154 153 235/449
147 154 154 363/932
147 154 153 421/727
148 154 154 254/649
148 154 153 441/845
149 154 154 353/898
149 154 153 207/346
150 154 154 133/337
150 154 153 103/201
151 154 154 261/659
151 154 153 604/965
152 154 154 381/959
152 154 153 129/265
153 154 154 336/859
153 154 153 221/334
154 154 154 8/63
154 154 153 -22/175
125 155 155 87/221
125 155 154 3/31
126 155 155 399/998
126 155 154 25/238
127 155 155 399/983
127 155 154 102/965
128 155 155 7/17
128 155 154 71/622
129 155 155 379/908
129 155 154 35/307
130 155 155 307/726
130 155 154 41/334
131 155 155 146/341
131 155 154 83/682
132 155 155 172/397
132 155 154 39/298
133 155 155 124/283
133 155 154 124/963
134 155 155 190/429
134 155 154 119/859
135 155 155 183/409
135 155 154 118/873
136 155 155 164/363
136 155 154 43/295
137 155 155 409/897
137 155 154 91/646
138 155 155 178/387
138 155 154 143/937
139 155 155 403/869
139 155 154 120/823
140 155 155 401/858
140 155 154 152/955
141 155 155 266/565
141 155 154 67/447
142 155 155 210/443
142 155 154 97/586
143 155 155 125/262
143 155 154 145/948
144 155 155 479/998
144 155 154 158/919
145 155 155 348/721
145 155 154 41/265
146 155 155 278/573
146 155 154 116/649
147 155 155 370/759
147 155 154 88/569
148 155 155 448/915
148 155 154 160/857
149 155 155 437/889
149 155 154 103/679
150 155 155 480/973
150 155 154 108/547
151 155 155 437/883
151 155 154 140/977
152 155 155 468/943
152 155 154 197/916
153 155 155 497/999
153 155 154 113/923
154 155 155 168/337
154 155 154 51/202
155 155 155 385/771
155 155 154 61/964
112 156 156 80/249
112 156 155 181/851
113 156 156 164/507
113 156 155 86/391
114 156 156 263/803
114 156 155 97/429
115 156 156 86/261
115 156 155 173/742
116 156 156 333/998
116 156 155 60/251
117 156 156 113/337
117 156 155 239/972
118 156 156 169/498
118 156 155 83/330
119 156 156 331/971
119 156 155 79/306
120 156 156 326/945
120 156 155 73/277
121 156 156 116/335
121 156 155 145/537
122 156 156 212/605
122 156 155 238/865
123 156 156 207/589
123 156 155 161/572
124 156 156 122/343
124 156 155 63/220
125 156 156 355/996
125 156 155 55/188
126 156 156 35/97
126 156 155 151/508
127 156 156 220/609
127 156 155 219/722
128 156 156 15/41
128 156 155 153/497
129 156 156 277/757
129 156 155 247/787
130 156 156 277/747
130 156 155 211/663
131 156 156 123/332
131 156 155 273/842
132 156 156 180/479
132 156 155 23/70
133 156 156 3/8
133 156 155 268/801
134 156 156 334/877
134 156 155 20/59
135 156 156 74/195
135 156 155 215/623
136 156 156 295/764
136 156 155 263/752
137 156 156 169/440
137 156 155 355/997
138 156 156 259/661
138 156 155 255/706
139 156 156 324/833
139 156 155 110/299
140 156 156 323/811
140 156 155 310/829
141 156 156 222/563
141 156 155 191/501
142 156 156 326/803
142 156 155 205/527
143 156 156 139/347
143 156 155 114/287
144 156 156 388/933
144 156 155 384/941
145 156 156 339/830
145 156 155 226/541
146 156 156 397/924
146 156 155 335/771
147 156 156 314/749
147 156 155 96/215
148 156 156 216/479
148 156 155 67/141
149 156 156 373/856
149 156 155 194/395
150 156 156 475/973
150 156 155 475/869
151 156 156 46/99
151 156 155 445/781
152 156 156 304/581
152 156 155 117/194
153 156 156 187/389
153 156 155 635/998
154 156 156 531/797
154 156 155 74/85
155 156 156 277/469
155 156 155 574/597
156 156 156 101/187
156 156 155 55/126
84 157 157 13/98
84 157 156 15/319
85 157 157 67/493
85 157 156 37/772
86 157 157 91/655
86 157 156 2/41
87 157 157 134/943
87 157 156 37/745
88 157 157 19/131
88 157 156 46/911
89 157 157 4/27
89 157 156 17/331
90 157 157 146/967
90 157 156 6/115
91 157 157 81/526
91 157 156 52/981
92 157 157 29/185
92 157 156 17/316
93 157 157 103/645
93 157 156 45/824
94 157 157 44/271
94 157 156 52/939
95 157 157 19/115
95 157 156 56/997
96 157 157 74/441
96 157 156 7/123
97 157 157 138/809
97 157 156 3/52
98 157 157 9/52
98 157 156 58/993
99 157 157 164/933
99 157 156 31/524
100 157 157 178/999
100 157 156 17/284
101 157 157 49/271
101 157 156 59/974
102 157 157 115/628
102 157 156 28/457
103 157 157 70/377
103 157 156 52/839
104 157 157 149/793
104 157 156 29/463
105 157 157 95/499
105 157 156 24/379
106 157 157 149/774
106 157 156 52/813
107 157 157 192/985
107 157 156 36/557
108 157 157 181/919
108 157 156 49/751
109 157 157 170/853
109 157 156 40/607
110 157 157 65/323
110 157 156 51/767
111 157 157 139/683
111 157 156 39/581
112 157 157 23/112
112 157 156 48/709
113 157 157 159/766
113 157 156 58/849
114 157 157 202/965
114 157 156 52/755
115 157 157 188/889
115 157 156 33/475
116 157 157 13/61
116 157 156 46/657
117 157 157 215/999
117 157 156 67/949
118 157 157 181/835
118 157 156 67/942
119 157 157 121/553
119 157 156 39/544
120 157 157 187/849
120 157 156 53/734
121 157 157 2/9
121 157 156 43/591
122 157 157 36/161
122 157 156 37/505
123 157 157 83/368
123 157 156 51/691
124 157 157 215/948
124 157 156 35/471
125 157 157 51/223
125 157 156 58/775
126 157 157 211/918
126 157 156 11/146
127 157 157 130/561
127 157 156 72/949
128 157 157 179/769
128 157 156 54/707
129 157 157 229/976
129 157 156 1/13
130 157 157 151/641
130 157 156 47/607
131 157 157 222/935
131 157 156 76/975
132 157 157 203/852
132 157 156 53/675
133 157 157 195/812
133 157 156 66/835
134 157 157 33/137
134 157 156 29/364
135 157 157 59/243
135 157 156 47/586
136 157 157 241/990
136 157 156 73/902
137 157 157 175/713
137 157 156 81/994
138 157 157 215/874
138 157 156 78/947
139 157 157 199/802
139 157 156 55/663
140 157 157 136/547
140 157 156 19/226
141 157 157 194/773
141 157 156 56/661
142 157 157 128/509
142 157 156 82/951
143 157 157 77/303
143 157 156 2/23
144 157 157 107/420
144 157 156 86/965
145 157 157 155/601
145 157 156 89/989
146 157 157 29/112
146 157 156 7/75
147 157 157 46/175
147 157 156 22/233
148 157 157 111/419
148 157 156 1/10
149 157 157 258/955
149 157 156 88/867
150 157 157 259/942
150 157 156 51/455
151 157 157 232/821
151 157 156 86/753
152 157 157 211/714
152 157 156 132/959
153 157 157 175/568
153 157 156 129/914
154 157 157 156/473
154 157 156 52/473
155 157 157 144/323
155 157 156 296/745
156 157 157 229/491
156 157 156 97/222
157 157 157 498/847
157 157 156 13/159
