# UNIF(n=232,lo,hi): D_ren + dipoles; lines "lo hi level amplitude" for the corrected intervals
202 202 202 29/705
202 202 201 -2/701
203 203 203 1/37
203 203 202 -1/359
204 204 204 27/548
204 204 203 0
205 205 205 21/772
205 205 204 -6/961
206 206 206 48/829
206 206 205 2/671
207 207 207 21/758
207 207 206 -8/817
208 208 208 58/863
208 208 207 3/508
209 209 209 28/979
209 209 208 -8/593
210 210 210 23/297
210 210 209 7/788
211 211 211 11/367
211 211 210 -11/631
210 212 212 20/307
210 212 211 1/1000
212 212 212 33/371
212 212 211 2/167
211 213 213 31/824
211 213 212 -5/937
213 213 213 29/304
213 213 212 68/759
212 214 214 77/928
212 214 213 7/925
214 214 214 73/714
214 214 213 11/721
213 215 215 76/801
213 215 214 79/902
215 215 215 19/176
215 215 214 55/536
212 216 216 79/920
212 216 215 1/126
214 216 216 79/768
214 216 215 10/679
216 216 216 66/559
216 216 215 10/531
213 217 217 26/605
213 217 216 -6/821
215 217 217 8/69
215 217 216 64/555
217 217 217 115/933
217 217 216 32/271
214 218 218 80/709
214 218 217 17/895
216 218 218 47/373
216 218 217 5/222
218 218 218 94/683
218 218 217 15/656
213 219 219 88/735
213 219 218 70/561
215 219 219 65/496
215 219 218 74/533
217 219 219 127/900
217 219 218 25/169
219 219 219 137/961
219 219 218 109/795
212 220 220 109/901
212 220 219 5/214
214 220 220 103/772
214 220 219 26/917
216 220 220 85/588
216 220 219 17/543
218 220 220 13/259
218 220 219 -17/471
219 220 220 101/636
219 220 219 63/691
220 220 220 137/841
220 220 219 9/326
213 221 221 41/276
213 221 220 154/911
215 221 221 50/317
215 221 220 90/499
216 221 221 154/951
216 221 220 58/235
217 221 221 71/428
217 221 220 3/16
218 221 221 126/743
218 221 220 267/988
219 221 221 127/734
219 221 220 137/725
220 221 221 40/227
220 221 220 103/347
221 221 221 149/887
221 221 220 120/743
212 222 222 14/89
212 222 221 18/455
214 222 222 103/615
214 222 221 35/802
215 222 222 47/273
215 222 221 50/663
216 222 222 95/538
216 222 221 15/326
217 222 222 15/83
217 222 221 40/469
218 222 222 12/65
218 222 221 41/890
219 222 222 179/951
219 222 221 14/145
220 222 222 4/71
220 222 221 -40/863
221 222 222 11/772
221 222 221 -3/379
222 222 222 171/866
222 222 221 28/837
211 223 223 175/944
211 223 222 79/349
212 223 223 182/961
212 223 222 229/862
213 223 223 125/647
213 223 222 115/484
214 223 223 173/879
214 223 222 70/247
215 223 223 171/854
215 223 222 16/65
216 223 223 200/983
216 223 222 272/903
217 223 223 70/339
217 223 222 239/951
218 223 223 202/965
218 223 222 313/978
219 223 223 202/953
219 223 222 137/544
220 223 223 128/597
220 223 222 290/849
221 223 223 216/997
221 223 222 233/950
222 223 223 152/695
222 223 222 307/831
223 223 223 203/998
223 223 222 188/967
208 224 224 124/635
208 224 223 52/959
210 224 224 195/952
210 224 223 6/101
211 224 224 9/43
211 224 223 73/936
212 224 224 104/487
212 224 223 24/377
213 224 224 136/625
213 224 223 82/961
214 224 224 221/998
214 224 223 29/434
215 224 224 219/973
215 224 223 86/927
216 224 224 194/849
216 224 223 26/379
217 224 224 168/725
217 224 223 99/983
218 224 224 173/737
218 224 223 67/978
219 224 224 224/943
219 224 223 75/683
220 224 224 213/887
220 224 223 65/991
221 224 224 73/301
221 224 223 80/659
222 224 224 231/944
222 224 223 42/725
223 224 224 167/677
223 224 223 123/889
224 224 224 13/170
224 224 223 -65/872
205 225 225 5/67
205 225 224 -1/129
206 225 225 59/873
206 225 224 -4/687
207 225 225 39/545
207 225 224 -14/951
208 225 225 60/941
208 225 224 -6/515
209 225 225 27/392
209 225 224 -16/751
210 225 225 17/283
210 225 224 -13/772
211 225 225 66/991
211 225 224 -13/472
212 225 225 45/797
212 225 224 -15/703
213 225 225 12/185
213 225 224 -33/985
214 225 225 40/757
214 225 224 -25/998
215 225 225 36/565
215 225 224 -9/229
216 225 225 21/428
216 225 224 -13/467
217 225 225 41/647
217 225 224 -19/421
218 225 225 32/713
218 225 224 -29/985
219 225 225 262/947
219 225 224 178/503
220 225 225 211/758
220 225 224 417/980
221 225 225 159/568
221 225 224 343/986
222 225 225 240/853
222 225 224 199/445
223 225 225 69/949
223 225 224 -8/117
224 225 225 21/967
224 225 224 -7/368
225 225 225 85/992
225 225 224 -32/379
200 226 226 74/285
200 226 225 11/151
201 226 226 208/787
201 226 225 17/208
202 226 226 118/439
202 226 225 56/711
203 226 226 59/216
203 226 225 3/34
204 226 226 180/649
204 226 225 41/487
205 226 226 56/199
205 226 225 73/773
206 226 226 204/715
206 226 225 85/954
207 226 226 135/467
207 226 225 85/847
208 226 226 12/41
208 226 225 10/107
209 226 226 239/807
209 226 225 86/811
210 226 226 286/955
210 226 225 59/607
211 226 226 217/717
211 226 225 82/735
212 226 226 291/952
212 226 225 81/808
213 226 226 83/269
213 226 225 112/957
214 226 226 287/922
214 226 225 54/527
215 226 226 274/873
215 226 225 109/889
216 226 226 99/313
216 226 225 57/550
217 226 226 36/113
217 226 225 85/661
218 226 226 178/555
218 226 225 43/416
219 226 226 314/973
219 226 225 29/214
220 226 226 308/949
220 226 225 11/109
221 226 226 215/659
221 226 225 67/464
222 226 226 79/241
222 226 225 73/770
223 226 226 186/565
223 226 225 106/673
224 226 226 268/811
224 226 225 26/319
225 226 226 312/941
225 226 225 154/853
226 226 226 273/821
226 226 225 29/566
193 227 227 328/959
193 227 226 280/619
194 227 227 148/429
194 227 226 455/981
195 227 227 287/825
195 227 226 353/761
196 227 227 330/941
196 227 226 205/431
197 227 227 129/365
197 227 226 413/870
198 227 227 120/337
198 227 226 316/649
199 227 227 269/750
199 227 226 481/992
200 227 227 173/479
200 227 226 313/629
201 227 227 4/11
201 227 226 305/617
202 227 227 288/787
202 227 226 423/833
203 227 227 95/258
203 227 226 247/491
204 227 227 313/845
204 227 226 503/972
205 227 227 358/961
205 227 226 394/771
206 227 227 330/881
206 227 226 424/805
207 227 227 337/895
207 227 226 470/907
208 227 227 207/547
208 227 226 98/183
209 227 227 354/931
209 227 226 75/143
210 227 227 322/843
210 227 226 513/943
211 227 227 239/623
211 227 226 80/151
212 227 227 250/649
212 227 226 544/985
213 227 227 355/918
213 227 226 377/706
214 227 227 229/590
214 227 226 449/801
215 227 227 363/932
215 227 226 503/937
216 227 227 93/238
216 227 226 424/745
217 227 227 185/472
217 227 226 341/634
218 227 227 68/173
218 227 226 81/140
219 227 227 214/543
219 227 226 214/399
220 227 227 369/934
220 227 226 82/139
221 227 227 137/346
221 227 226 250/471
222 227 227 319/804
222 227 226 135/223
223 227 227 254/639
223 227 226 332/641
224 227 227 43/108
224 227 226 206/327
225 227 227 376/943
225 227 226 47/96
226 227 227 96/245
226 227 226 661/997
227 227 227 74/213
227 227 226 240/761
182 228 228 389/993
182 228 227 29/295
183 228 228 381/962
183 228 227 10/97
184 228 228 305/762
184 228 227 40/383
185 228 228 313/774
185 228 227 13/119
186 228 228 310/759
186 228 227 61/553
187 228 228 273/662
187 228 227 19/165
188 228 228 169/406
188 228 227 59/509
189 228 228 239/569
189 228 227 119/985
190 228 228 25/59
190 228 227 93/767
191 228 228 297/695
191 228 227 115/911
192 228 228 377/875
192 228 227 119/942
193 228 228 423/974
193 228 227 110/837
194 228 228 200/457
194 228 227 83/633
195 228 228 138/313
195 228 227 3/22
196 228 228 131/295
196 228 227 94/693
197 228 228 55/123
197 228 227 127/900
198 228 228 438/973
198 228 227 47/336
199 228 228 362/799
199 228 227 128/879
200 228 228 31/68
200 228 227 21/146
201 228 228 194/423
201 228 227 91/607
202 228 228 137/297
202 228 227 41/278
203 228 228 449/968
203 228 227 71/461
204 228 228 90/193
204 228 227 46/305
205 228 228 367/783
205 228 227 157/994
206 228 228 65/138
206 228 227 2/13
207 228 228 274/579
207 228 227 27/167
208 228 228 463/974
208 228 227 156/997
209 228 228 169/354
209 228 227 121/732
210 228 228 209/436
210 228 227 153/964
211 228 228 346/719
211 228 227 168/995
212 228 228 469/971
212 228 227 13/81
213 228 228 301/621
213 228 227 171/992
214 228 228 373/767
214 228 227 60/371
215 228 228 441/904
215 228 227 172/977
216 228 228 433/885
216 228 227 128/789
217 228 228 392/799
217 228 227 83/461
218 228 228 454/923
218 228 227 104/643
219 228 228 390/791
219 228 227 172/931
220 228 228 379/767
220 228 227 142/889
221 228 228 356/719
221 228 227 21/110
222 228 228 439/885
222 228 227 132/851
223 228 228 397/799
223 228 227 200/999
224 228 228 104/209
224 228 227 141/970
225 228 228 430/863
225 228 227 183/845
226 228 228 425/852
226 228 227 99/802
227 228 228 359/719
227 228 227 226/893
228 228 228 499/999
228 228 227 19/299
163 229 229 265/827
163 229 228 72/349
164 229 229 105/326
164 229 228 117/554
165 229 229 234/721
165 229 228 103/478
166 229 229 241/739
166 229 228 87/395
167 229 229 229/697
167 229 228 57/254
168 229 229 100/303
168 229 228 52/227
169 229 229 125/376
169 229 228 224/961
170 229 229 219/656
170 229 228 226/951
171 229 229 116/345
171 229 228 235/973
172 229 229 107/317
172 229 228 168/683
173 229 229 155/456
173 229 228 217/869
174 229 229 321/941
174 229 228 172/677
175 229 229 327/952
175 229 228 227/881
176 229 229 214/621
176 229 228 11/42
177 229 229 297/856
177 229 228 220/829
178 229 229 198/569
178 229 228 169/627
179 229 229 261/745
179 229 228 179/656
180 229 229 183/521
180 229 228 275/993
181 229 229 308/871
181 229 228 265/946
182 229 229 297/838
182 229 228 177/623
183 229 229 223/625
183 229 228 141/491
184 229 229 301/842
184 229 228 163/560
185 229 229 140/389
185 229 228 152/517
186 229 229 350/971
186 229 228 151/507
187 229 229 319/879
187 229 228 236/785
188 229 229 331/911
188 229 228 256/841
189 229 229 15/41
189 229 228 269/876
190 229 229 227/620
190 229 228 216/695
191 229 229 257/697
191 229 228 183/584
192 229 229 367/995
192 229 228 162/511
193 229 229 94/253
193 229 228 123/385
194 229 229 185/498
194 229 228 116/359
195 229 229 341/911
195 229 228 152/467
196 229 229 251/671
196 229 228 26/79
197 229 229 342/907
197 229 228 284/857
198 229 229 235/624
198 229 228 197/588
199 229 229 335/882
199 229 228 86/255
200 229 229 323/852
200 229 228 269/789
201 229 229 44/115
201 229 228 35/102
202 229 229 166/435
202 229 228 307/885
203 229 229 69/179
203 229 228 317/908
204 229 229 373/971
204 229 228 353/1000
205 229 229 317/816
205 229 228 97/273
206 229 229 251/649
206 229 228 359/999
207 229 229 331/845
207 229 228 207/572
208 229 229 319/819
208 229 228 26/71
209 229 229 304/769
209 229 228 289/783
210 229 229 272/693
210 229 228 114/305
211 229 229 308/771
211 229 228 266/705
212 229 229 289/730
212 229 228 319/834
213 229 229 161/398
213 229 228 12/31
214 229 229 2/5
214 229 228 384/977
215 229 229 397/966
215 229 228 161/403
216 229 229 341/842
216 229 228 50/123
217 229 229 251/598
217 229 228 395/949
218 229 229 411/998
218 229 228 243/572
219 229 229 420/971
219 229 228 241/547
220 229 229 393/932
220 229 228 243/538
221 229 229 53/117
221 229 228 152/317
222 229 229 395/903
222 229 228 93/188
223 229 229 187/382
223 229 228 50/91
224 229 229 129/277
224 229 228 433/757
225 229 229 479/914
225 229 228 424/701
226 229 229 425/883
226 229 228 350/549
227 229 229 665/998
227 229 228 797/915
228 229 229 218/369
228 229 228 907/943
229 229 229 121/224
229 229 228 162/371
122 230 230 31/238
122 230 229 20/433
123 230 230 105/793
123 230 229 27/577
124 230 230 131/973
124 230 229 43/907
125 230 230 115/841
125 230 229 6/125
126 230 230 111/799
126 230 229 7/144
127 230 230 119/844
127 230 229 49/996
128 230 230 73/510
128 230 229 23/462
129 230 230 9/62
129 230 229 50/993
130 230 230 100/679
130 230 229 19/373
131 230 230 143/958
131 230 229 43/835
132 230 230 74/489
132 230 229 49/941
133 230 230 145/946
133 230 229 1/19
134 230 230 139/895
134 230 229 51/959
135 230 230 97/617
135 230 229 13/242
136 230 230 32/201
136 230 229 40/737
137 230 230 139/863
137 230 229 4/73
138 230 230 82/503
138 230 229 43/777
139 230 230 151/916
139 230 229 31/555
140 230 230 166/995
140 230 229 49/869
141 230 230 15/89
141 230 229 26/457
142 230 230 53/311
142 230 229 12/209
143 230 230 115/668
143 230 229 26/449
144 230 230 91/523
144 230 229 17/291
145 230 230 159/905
145 230 229 46/781
146 230 230 112/631
146 230 229 55/926
147 230 230 122/681
147 230 229 37/618
148 230 230 91/503
148 230 229 30/497
149 230 230 94/515
149 230 229 52/855
150 230 230 103/559
150 230 229 16/261
151 230 230 97/522
151 230 229 41/664
152 230 230 3/16
152 230 229 55/884
153 230 230 69/365
153 230 229 25/399
154 230 230 160/839
154 230 229 32/507
155 230 230 59/307
155 230 229 61/960
156 230 230 169/872
156 230 229 59/922
157 230 230 156/799
157 230 229 59/916
158 230 230 87/442
158 230 229 50/771
159 230 230 67/338
159 230 229 40/613
160 230 230 182/911
160 230 229 58/883
161 230 230 107/532
161 230 229 15/227
162 230 230 153/755
162 230 229 27/406
163 230 230 196/961
163 230 229 41/613
164 230 230 68/331
164 230 229 64/951
165 230 230 179/866
165 230 229 9/133
166 230 230 97/466
166 230 229 42/617
167 230 230 76/363
167 230 229 49/716
168 230 230 168/797
168 230 229 53/770
169 230 230 39/184
169 230 229 11/159
170 230 230 195/914
170 230 229 8/115
171 230 230 83/387
171 230 229 23/329
172 230 230 30/139
172 230 229 22/313
173 230 230 195/899
173 230 229 56/793
174 230 230 146/669
174 230 229 23/324
175 230 230 173/789
175 230 229 42/589
176 230 230 148/671
176 230 229 64/893
177 230 230 146/659
177 230 229 65/903
178 230 230 207/929
178 230 229 57/788
179 230 230 211/943
179 230 229 30/413
180 230 230 9/40
180 230 229 67/918
181 230 230 89/394
181 230 229 48/655
182 230 230 191/841
182 230 229 12/163
183 230 230 31/136
183 230 229 17/230
184 230 230 217/947
184 230 229 32/431
185 230 230 169/735
185 230 229 67/899
186 230 230 52/225
186 230 229 64/855
187 230 230 83/358
187 230 229 71/945
188 230 230 24/103
188 230 229 75/994
189 230 230 154/659
189 230 229 39/515
190 230 230 120/511
190 230 229 20/263
191 230 230 81/344
191 230 229 68/891
192 230 230 181/765
192 230 229 61/796
193 230 230 208/877
193 230 229 1/13
194 230 230 107/449
194 230 229 20/259
195 230 230 203/850
195 230 229 73/942
196 230 230 215/896
196 230 229 27/347
197 230 230 232/965
197 230 229 77/986
198 230 230 143/592
198 230 229 73/931
199 230 230 203/839
199 230 229 78/991
200 230 230 150/617
200 230 229 26/329
201 230 230 158/649
201 230 229 68/857
202 230 230 194/793
202 230 229 69/866
203 230 230 241/984
203 230 229 79/987
204 230 230 16/65
204 230 229 61/759
205 230 230 237/962
205 230 229 21/260
206 230 230 185/747
206 230 229 46/567
207 230 230 199/803
207 230 229 51/625
208 230 230 78/313
208 230 229 81/988
209 230 230 181/726
209 230 229 80/969
210 230 230 77/307
210 230 229 59/711
211 230 230 141/562
211 230 229 18/215
212 230 230 172/681
212 230 229 41/487
213 230 230 24/95
213 230 229 73/857
214 230 230 251/986
214 230 229 3/35
215 230 230 245/962
215 230 229 73/838
216 230 230 83/323
216 230 229 58/661
217 230 230 133/517
217 230 229 67/746
218 230 230 71/273
218 230 229 79/872
219 230 230 169/648
219 230 229 29/309
220 230 230 151/571
220 230 229 24/253
221 230 230 86/323
221 230 229 97/966
222 230 230 252/929
222 230 229 79/776
223 230 230 275/997
223 230 229 51/454
224 230 230 283/999
224 230 229 112/979
225 230 230 45/152
225 230 229 136/987
226 230 230 149/483
226 230 229 138/977
227 230 230 269/815
227 230 229 101/918
228 230 230 70/157
228 230 229 133/335
229 230 230 145/311
229 230 229 316/723
230 230 230 525/893
230 230 229 76/929
