# UNIF(n=135,lo,hi): D_ren + dipoles; lines "lo hi level amplitude" for the corrected intervals
114 114 114 35/904
114 114 113 -1/637
115 115 115 53/788
115 115 114 -1/500
116 116 116 33/845
116 116 115 -7/795
117 117 117 71/837
117 117 116 2/503
118 118 118 87/902
118 118 117 32/387
119 119 119 103/986
119 119 118 5/502
120 120 120 69/593
120 120 119 33/311
119 121 121 25/269
119 121 120 1/1000
121 121 121 101/793
121 121 120 16/993
120 122 122 67/577
120 122 121 63/607
122 122 122 136/989
122 122 121 54/421
121 123 123 58/863
121 123 122 -13/511
123 123 123 72/463
123 123 122 15/661
120 124 124 7/52
120 124 123 127/965
122 124 124 50/321
122 124 123 157/993
124 124 124 101/614
124 124 123 121/779
121 125 125 149/965
121 125 124 14/545
123 125 125 25/366
123 125 124 -37/955
125 125 125 46/239
125 125 124 21/698
120 126 126 36/205
120 126 125 193/989
122 126 126 61/318
122 126 125 201/934
124 126 126 187/909
124 126 125 222/985
125 126 126 140/661
125 126 125 283/793
126 126 126 34/169
126 126 125 187/982
119 127 127 79/424
119 127 126 13/329
121 127 127 60/293
121 127 126 10/209
122 127 127 114/535
122 127 126 29/312
123 127 127 17/77
123 127 126 7/134
124 127 127 18/79
124 127 126 74/665
125 127 127 56/239
125 127 126 43/847
126 127 127 61/254
126 127 126 117/874
127 127 127 36/457
127 127 126 -71/972
118 128 128 61/765
118 128 127 -1/135
120 128 128 73/969
120 128 127 -16/751
121 128 128 45/818
121 128 127 -7/755
122 128 128 80/309
122 128 127 127/396
123 128 128 71/269
123 128 127 395/991
124 128 128 253/942
124 128 127 163/499
125 128 128 272/997
125 128 127 417/967
126 128 128 47/622
126 128 127 -59/941
127 128 128 9/383
127 128 127 -11/710
128 128 128 59/682
128 128 127 -77/930
117 129 129 242/903
117 129 128 32/447
118 129 129 266/965
118 129 128 43/451
119 129 129 99/350
119 129 128 58/727
120 129 129 243/839
120 129 128 87/806
121 129 129 235/794
121 129 128 3/35
122 129 129 291/964
122 129 128 83/688
123 129 129 130/423
123 129 128 46/519
124 129 129 273/874
124 129 128 133/989
125 129 129 303/956
125 129 128 37/425
126 129 129 35/109
126 129 128 137/903
127 129 129 216/665
127 129 128 54/697
128 129 129 146/445
128 129 128 112/629
129 129 129 321/970
129 129 128 49/978
112 130 130 14/41
112 130 129 145/323
113 130 130 61/176
113 130 129 343/722
114 130 130 329/936
114 130 129 292/625
115 130 130 343/963
115 130 129 58/117
116 130 130 207/574
116 130 129 158/327
117 130 130 328/899
117 130 129 475/922
118 130 130 367/995
118 130 129 293/590
119 130 130 117/314
119 130 129 482/903
120 130 130 41/109
120 130 129 251/495
121 130 130 266/701
121 130 129 228/413
122 130 130 241/630
122 130 129 335/652
123 130 130 343/890
123 130 129 233/408
124 130 130 272/701
124 130 129 471/914
125 130 130 57/146
125 130 129 424/715
126 130 130 254/647
126 130 129 395/777
127 130 130 389/986
127 130 129 593/952
128 130 130 21/53
128 130 129 365/753
129 130 130 343/878
129 130 129 37/56
130 130 130 96/755
130 130 129 -83/662
106 131 131 387/985
106 131 130 62/619
107 131 131 363/907
107 131 130 46/457
108 131 131 145/356
108 131 130 58/521
109 131 131 258/623
109 131 130 107/967
110 131 131 61/145
110 131 130 81/665
111 131 131 427/1000
111 131 130 83/693
112 131 131 359/829
112 131 130 109/828
113 131 131 61/139
113 131 130 97/758
114 131 131 443/997
114 131 130 51/362
115 131 131 393/874
115 131 130 131/969
116 131 131 306/673
116 131 130 149/996
117 131 131 453/986
117 131 130 53/375
118 131 131 148/319
118 131 130 157/994
119 131 131 346/739
119 131 130 37/253
120 131 131 416/881
120 131 130 137/825
121 131 131 425/893
121 131 130 145/969
122 131 131 128/267
122 131 130 143/820
123 131 131 361/748
123 131 130 61/404
124 131 131 421/867
124 131 130 182/991
125 131 131 396/811
125 131 130 144/965
126 131 131 450/917
126 131 130 26/133
127 131 131 174/353
127 131 130 96/677
128 131 131 48/97
128 131 130 199/930
129 131 131 357/719
129 131 130 23/189
130 131 131 483/970
130 131 130 185/734
131 131 131 277/555
131 131 130 20/317
95 132 132 245/764
95 132 131 127/591
96 132 132 43/132
96 132 131 139/625
97 132 132 268/817
97 132 131 179/775
98 132 132 333/1000
98 132 131 236/991
99 132 132 64/191
99 132 131 69/280
100 132 132 280/823
100 132 131 253/999
101 132 132 67/196
101 132 131 231/884
102 132 132 261/752
102 132 131 139/519
103 132 132 333/956
103 132 131 239/867
104 132 132 318/899
104 132 131 137/486
105 132 132 128/361
105 132 131 97/335
106 132 132 67/186
106 132 131 206/697
107 132 132 216/599
107 132 131 207/683
108 132 132 180/491
108 132 131 97/314
109 132 132 247/674
109 132 131 292/923
110 132 132 323/866
110 132 131 48/149
111 132 132 118/317
111 132 131 235/713
112 132 132 159/419
112 132 131 155/462
113 132 132 251/664
113 132 131 200/583
114 132 132 124/321
114 132 131 211/604
115 132 132 306/797
115 132 131 5/14
116 132 132 63/160
116 132 131 263/722
117 132 132 377/966
117 132 131 364/977
118 132 132 68/169
118 132 131 289/758
119 132 132 395/994
119 132 131 349/894
120 132 132 411/995
120 132 131 193/480
121 132 132 203/500
121 132 131 408/989
122 132 132 425/994
122 132 131 169/393
123 132 132 397/951
123 132 131 398/899
124 132 132 249/554
124 132 131 430/911
125 132 132 302/695
125 132 131 277/567
126 132 132 457/938
126 132 131 422/775
127 132 132 379/817
127 132 131 496/873
128 132 132 127/243
128 132 131 600/997
129 132 132 329/685
129 132 131 115/181
130 132 132 383/575
130 132 131 389/447
131 132 132 261/442
131 132 131 347/361
132 132 132 182/337
132 132 131 374/857
71 133 133 123/934
71 133 132 41/875
72 133 133 41/303
72 133 132 42/877
73 133 133 85/611
73 133 132 44/899
74 133 133 84/589
74 133 132 48/961
75 133 133 121/827
75 133 132 34/667
76 133 133 72/481
76 133 132 4/77
77 133 133 124/809
77 133 132 9/170
78 133 133 139/888
78 133 132 34/631
79 133 133 4/25
79 133 132 43/784
80 133 133 77/472
80 133 132 46/825
81 133 133 166/997
81 133 132 47/829
82 133 133 119/702
82 133 132 19/330
83 133 133 127/735
83 133 132 51/872
84 133 133 166/945
84 133 132 48/809
85 133 133 120/671
85 133 132 28/465
86 133 133 71/391
86 133 132 13/213
87 133 133 65/352
87 133 132 19/307
88 133 133 53/283
88 133 132 22/351
89 133 133 82/431
89 133 132 63/992
90 133 133 101/524
90 133 132 34/529
91 133 133 179/915
91 133 132 49/753
92 133 133 138/697
92 133 132 36/547
93 133 133 103/513
93 133 132 56/841
94 133 133 202/995
94 133 132 7/104
95 133 133 36/175
95 133 132 49/720
96 133 133 133/640
96 133 132 11/160
97 133 133 117/556
97 133 132 61/878
98 133 133 209/984
98 133 132 59/841
99 133 133 164/763
99 133 132 62/875
100 133 133 137/632
100 133 132 53/741
101 133 133 180/821
101 133 132 46/637
102 133 133 211/955
102 133 132 47/645
103 133 133 44/197
103 133 132 72/979
104 133 133 186/827
104 133 132 67/903
105 133 133 5/22
105 133 132 64/855
106 133 133 161/704
106 133 132 29/384
107 133 133 70/303
107 133 132 31/407
108 133 133 128/551
108 133 132 76/989
109 133 133 225/959
109 133 132 41/529
110 133 133 207/878
110 133 132 77/984
111 133 133 5/21
111 133 132 43/545
112 133 133 236/987
112 133 132 59/740
113 133 133 78/323
113 133 132 66/821
114 133 133 223/920
114 133 132 55/676
115 133 133 143/584
115 133 132 16/195
116 133 133 128/521
116 133 132 83/997
117 133 133 37/149
117 133 132 43/512
118 133 133 141/566
118 133 132 83/970
119 133 133 247/980
119 133 132 26/301
120 133 133 108/427
120 133 132 7/79
121 133 133 254/991
121 133 132 6/67
122 133 133 213/827
122 133 132 29/312
123 133 133 28/107
123 133 132 94/999
124 133 133 161/610
124 133 132 87/872
125 133 133 268/995
125 133 132 95/938
126 133 133 271/988
126 133 132 47/420
127 133 133 277/982
127 133 132 103/903
128 133 133 224/759
128 133 132 48/349
129 133 133 197/640
129 133 132 56/397
130 133 133 237/719
130 133 132 79/719
131 133 133 440/987
131 133 132 355/893
132 133 133 195/418
132 133 132 377/863
133 133 133 284/483
133 133 132 17/208
