# UNIF(n=174,lo,hi): D_ren + dipoles; lines "lo hi level amplitude" for the corrected intervals
149 149 149 27/821
149 149 148 -1/1000
150 150 150 13/238
150 150 149 -1/540
151 151 151 32/971
151 151 150 -6/989
152 152 152 17/254
152 152 151 2/839
153 153 153 9/268
153 153 152 -11/977
154 154 154 69/859
154 154 153 1/151
155 155 155 77/865
155 155 154 53/677
156 156 156 59/619
156 156 155 9/823
157 157 157 51/488
157 157 156 46/477
156 158 158 79/923
156 158 157 1/258
158 158 158 97/861
158 158 157 5/324
157 159 159 95/928
157 159 158 1/11
159 159 159 69/572
159 159 158 17/150
158 160 160 79/700
158 160 159 7/493
160 160 160 125/936
160 160 159 13/641
157 161 161 41/362
157 161 160 34/319
159 161 161 85/648
159 161 160 76/585
161 161 161 136/967
161 161 160 33/247
158 162 162 76/597
158 162 161 3/148
160 162 162 5/88
160 162 161 -15/473
162 162 162 159/994
162 162 161 23/894
157 163 163 91/655
157 163 162 141/967
159 163 163 151/984
159 163 162 150/911
161 163 163 164/987
161 163 162 91/516
162 163 163 133/774
162 163 162 255/883
163 163 163 1/6
163 163 162 122/767
158 164 164 41/259
158 164 163 25/732
160 164 164 160/927
160 164 163 8/209
161 164 164 111/620
161 164 163 77/850
162 164 164 53/869
162 164 163 -37/856
163 164 164 9/523
163 164 163 -3/506
164 164 164 95/486
164 164 163 23/715
157 165 165 119/650
157 165 164 168/785
159 165 165 161/829
159 165 164 179/784
160 165 165 161/808
160 165 164 128/425
161 165 165 196/961
161 165 164 9/38
162 165 165 206/989
162 165 164 173/524
163 165 165 176/829
163 165 164 198/835
164 165 165 203/940
164 165 164 353/969
165 165 165 174/859
165 165 164 178/923
156 166 166 142/713
156 166 165 29/557
157 166 166 168/817
157 166 165 64/801
158 166 166 148/699
158 166 165 33/574
159 166 166 132/607
159 166 165 23/252
160 166 166 41/184
160 166 165 2/33
161 166 166 172/755
161 166 165 95/919
162 166 166 225/968
162 166 165 47/777
163 166 166 40/169
163 166 165 61/519
164 166 166 236/981
164 166 165 17/308
165 166 166 196/803
165 166 165 22/161
166 166 166 67/866
166 166 165 -55/744
153 167 167 33/427
153 167 166 -6/779
155 167 167 29/395
155 167 166 -8/455
156 167 167 49/811
156 167 166 -5/457
157 167 167 62/881
157 167 166 -25/929
158 167 167 48/875
158 167 166 -13/762
159 167 167 68/995
159 167 166 -33/920
160 167 167 27/550
160 167 166 -17/787
161 167 167 141/523
161 167 166 82/241
162 167 167 253/928
162 167 166 281/678
163 167 167 149/541
163 167 166 253/746
164 167 167 169/608
164 167 166 167/379
165 167 167 47/636
165 167 166 -53/801
166 167 167 21/935
166 167 166 -17/963
167 167 167 85/988
167 167 166 -15/179
150 168 168 208/797
150 168 167 44/613
151 168 168 74/277
151 168 167 82/951
152 168 168 225/824
152 168 167 74/935
153 168 168 267/958
153 168 167 95/998
154 168 168 25/88
154 168 167 79/924
155 168 168 260/899
155 168 167 49/472
156 168 168 292/993
156 168 167 81/893
157 168 168 112/375
157 168 167 56/499
158 168 168 293/967
158 168 167 85/899
159 168 168 152/495
159 168 167 113/936
160 168 168 60/193
160 168 167 23/238
161 168 168 194/617
161 168 167 77/593
162 168 168 61/192
162 168 167 64/665
163 168 168 212/661
163 168 167 9/64
164 168 168 208/643
164 168 167 53/577
165 168 168 133/408
165 168 167 148/953
166 168 168 235/716
166 168 167 79/988
167 168 168 314/951
167 168 167 169/941
168 168 168 230/693
168 168 167 41/807
145 169 169 227/661
145 169 168 287/634
146 169 169 91/262
146 169 168 8/17
147 169 169 303/863
147 169 168 417/892
148 169 169 221/623
148 169 168 340/699
149 169 169 235/656
149 169 168 481/1000
150 169 169 354/979
150 169 168 189/377
151 169 169 309/847
151 169 168 36/73
152 169 169 337/916
152 169 168 451/875
153 169 169 257/693
153 169 168 458/909
154 169 169 105/281
154 169 168 486/919
155 169 169 35/93
155 169 168 119/232
156 169 169 330/871
156 169 168 292/539
157 169 169 281/737
157 169 168 413/794
158 169 169 247/644
158 169 168 341/615
159 169 169 113/293
159 169 168 429/817
160 169 169 157/405
160 169 168 21/37
161 169 169 245/629
161 169 168 244/463
162 169 169 205/524
162 169 168 319/548
163 169 169 240/611
163 169 168 398/759
164 169 169 356/903
164 169 168 479/798
165 169 169 142/359
165 169 168 423/823
166 169 169 217/547
166 169 168 385/614
167 169 169 387/973
167 169 168 412/845
168 169 169 182/465
168 169 168 531/802
169 169 169 25/72
169 169 168 183/581
137 170 170 272/689
137 170 169 57/553
138 170 170 189/472
138 170 169 48/461
139 170 170 343/845
139 170 169 57/512
140 170 170 95/231
140 170 169 55/492
141 170 170 152/365
141 170 169 23/193
142 170 170 373/885
142 170 169 116/975
143 170 170 246/577
143 170 169 89/703
144 170 170 272/631
144 170 169 119/947
145 170 170 247/567
145 170 169 118/883
146 170 170 433/984
146 170 169 94/713
147 170 170 327/736
147 170 169 125/891
148 170 170 265/591
148 170 169 128/931
149 170 170 261/577
149 170 169 101/689
150 170 170 447/980
150 170 169 74/519
151 170 170 40/87
151 170 169 119/780
152 170 170 271/585
152 170 169 144/979
153 170 170 342/733
153 170 169 113/714
154 170 170 427/909
154 170 169 131/868
155 170 170 460/973
155 170 169 160/977
156 170 170 322/677
156 170 169 73/474
157 170 170 276/577
157 170 169 67/396
158 170 170 390/811
158 170 169 72/461
159 170 170 347/718
159 170 169 18/103
160 170 170 151/311
160 170 169 113/719
161 170 170 453/929
161 170 169 83/459
162 170 170 375/766
162 170 169 28/179
163 170 170 482/981
163 170 169 124/659
164 170 170 35/71
164 170 169 61/399
165 170 170 355/718
165 170 169 49/247
166 170 170 233/470
166 170 169 71/493
167 170 170 321/646
167 170 169 130/603
168 170 170 477/958
168 170 169 83/676
169 170 170 403/808
169 170 169 47/186
170 170 170 461/923
170 170 169 59/931
122 171 171 41/128
122 171 170 6/29
123 171 171 319/985
123 171 170 10/47
124 171 171 289/887
124 171 170 213/971
125 171 171 302/917
125 171 170 9/40
126 171 171 301/909
126 171 170 28/121
127 171 171 257/768
127 171 170 157/663
128 171 171 115/342
128 171 170 166/683
129 171 171 335/986
129 171 170 104/419
130 171 171 188/551
130 171 170 193/759
131 171 171 313/908
131 171 170 246/949
132 171 171 210/607
132 171 170 127/479
133 171 171 36/103
133 171 170 265/982
134 171 171 346/987
134 171 170 199/722
135 171 171 17/48
135 171 170 265/946
136 171 171 153/431
136 171 170 2/7
137 171 171 184/513
137 171 170 257/886
138 171 171 254/707
138 171 170 47/159
139 171 171 118/325
139 171 170 211/704
140 171 171 141/388
140 171 170 231/757
141 171 171 187/509
141 171 170 285/922
142 171 171 309/841
142 171 170 139/442
143 171 171 249/670
143 171 170 113/355
144 171 171 368/991
144 171 170 78/241
145 171 171 374/995
145 171 170 313/956
146 171 171 230/613
146 171 170 193/580
147 171 171 349/918
147 171 170 283/841
148 171 171 351/926
148 171 170 53/155
149 171 171 5/13
149 171 170 213/616
150 171 171 265/692
150 171 170 13/37
151 171 171 313/804
151 171 170 198/557
152 171 171 125/323
152 171 170 340/941
153 171 171 357/905
153 171 170 157/429
154 171 171 344/879
154 171 170 67/180
155 171 171 185/462
155 171 170 116/307
156 171 171 275/694
156 171 170 242/629
157 171 171 307/753
157 171 170 169/431
158 171 171 115/286
158 171 170 2/5
159 171 171 325/779
159 171 170 133/324
160 171 171 111/271
160 171 170 55/131
161 171 171 59/137
161 171 170 137/314
162 171 171 113/269
162 171 170 263/587
163 171 171 397/879
163 171 170 425/892
164 171 171 233/534
164 171 170 63/128
165 171 171 452/925
165 171 170 75/137
166 171 171 319/686
166 171 170 247/433
167 171 171 523/999
167 171 170 300/497
168 171 171 416/865
168 171 170 608/955
169 171 171 637/956
169 171 170 101/116
170 171 171 355/601
170 171 170 701/729
171 171 171 323/598
171 171 170 203/465
92 172 172 58/441
92 172 171 39/836
93 172 172 113/841
93 172 171 41/864
94 172 172 39/284
94 172 171 7/145
95 172 172 29/207
95 172 171 47/958
96 172 172 143/1000
96 172 171 18/361
97 172 172 140/961
97 172 171 49/968
98 172 172 139/936
98 172 171 31/603
99 172 172 47/311
99 172 171 23/441
100 172 172 153/994
100 172 171 29/548
101 172 172 135/863
101 172 171 39/727
102 172 172 116/729
102 172 171 13/239
103 172 172 69/427
103 172 171 20/363
104 172 172 123/749
104 172 171 23/412
105 172 172 1/6
105 172 171 23/407
106 172 172 146/863
106 172 171 40/699
107 172 172 148/863
107 172 171 51/881
108 172 172 95/546
108 172 171 43/734
109 172 172 175/993
109 172 171 43/726
110 172 172 67/375
110 172 171 13/217
111 172 172 100/553
111 172 171 52/859
112 172 172 181/988
112 172 171 41/670
113 172 172 131/707
113 172 171 61/987
114 172 172 121/645
114 172 171 62/993
115 172 172 73/385
115 172 171 59/936
116 172 172 179/933
116 172 171 55/864
117 172 172 131/676
117 172 171 51/794
118 172 172 146/745
118 172 171 26/401
119 172 172 91/460
119 172 171 65/994
120 172 172 1/5
120 172 171 58/879
121 172 172 70/347
121 172 171 61/917
122 172 172 161/790
122 172 171 52/775
123 172 172 202/983
123 172 171 19/281
124 172 172 94/453
124 172 171 3/44
125 172 172 133/636
125 172 171 25/364
126 172 172 141/668
126 172 171 65/939
127 172 172 145/682
127 172 171 32/459
128 172 172 198/923
128 172 171 17/242
129 172 172 211/977
129 172 171 50/707
130 172 172 22/101
130 172 171 53/744
131 172 172 217/990
131 172 171 56/781
132 172 172 101/457
132 172 171 53/734
133 172 172 221/994
133 172 171 38/523
134 172 172 95/424
134 172 171 73/998
135 172 172 157/697
135 172 171 17/231
136 172 172 180/793
136 172 171 2/27
137 172 172 190/833
137 172 171 69/926
138 172 172 91/396
138 172 171 3/40
139 172 172 229/992
139 172 171 31/411
140 172 172 83/357
140 172 171 17/224
141 172 172 88/377
141 172 171 10/131
142 172 172 67/285
142 172 171 48/625
143 172 172 155/657
143 172 171 18/233
144 172 172 177/745
144 172 171 68/875
145 172 172 97/407
145 172 171 52/665
146 172 172 6/25
146 172 171 73/928
147 172 172 103/428
147 172 171 62/783
148 172 172 119/491
148 172 171 65/816
149 172 172 103/424
149 172 171 80/997
150 172 172 242/989
150 172 171 31/384
151 172 172 203/828
151 172 171 53/651
152 172 172 187/757
152 172 171 34/415
153 172 172 169/683
153 172 171 73/882
154 172 172 223/894
154 172 171 1/12
155 172 172 249/997
155 172 171 33/391
156 172 172 31/123
156 172 171 59/694
157 172 172 235/931
157 172 171 16/185
158 172 172 244/957
158 172 171 81/929
159 172 172 244/955
159 172 171 87/974
160 172 172 174/673
160 172 171 89/987
161 172 172 171/659
161 172 171 33/353
162 172 172 247/938
162 172 171 59/624
163 172 172 13/49
163 172 171 66/659
164 172 172 241/891
164 172 171 32/315
165 172 172 232/843
165 172 171 95/847
166 172 172 235/831
166 172 171 113/989
167 172 172 212/717
167 172 171 137/995
168 172 172 274/889
168 172 171 12/85
169 172 172 287/870
169 172 171 85/773
170 172 172 107/240
170 172 171 315/793
171 172 172 97/208
171 172 171 319/730
172 172 172 117/199
172 172 171 79/966
