# UNIF(n=158,lo,hi): D_ren + dipoles; lines "lo hi level amplitude" for the corrected intervals
135 135 135 2/57
135 135 134 -2/815
136 136 136 39/631
136 136 135 -1/1000
137 137 137 24/679
137 137 136 -8/969
138 138 138 22/289
138 138 137 1/249
139 139 139 15/413
139 139 138 -9/631
140 140 140 89/968
140 140 139 5/566
141 141 141 14/137
141 141 140 79/856
142 142 142 45/409
142 142 141 9/653
141 143 143 79/825
141 143 142 71/898
143 143 143 103/863
143 143 142 111/1000
142 144 144 33/310
142 144 143 2/197
144 144 144 128/973
144 144 143 16/841
143 145 145 83/657
143 145 144 82/677
145 145 145 19/136
145 145 144 98/743
142 146 146 95/799
142 146 145 11/738
144 146 146 35/583
144 146 145 -27/913
146 146 146 146/921
146 146 145 10/403
143 147 147 51/346
143 147 146 138/899
145 147 147 134/823
145 147 146 169/993
147 147 147 85/512
147 147 146 3/19
142 148 148 137/917
142 148 147 23/810
144 148 148 1/6
144 148 147 1/29
146 148 148 47/743
146 148 147 -41/983
147 148 148 8/429
147 148 147 -3/605
148 148 148 177/910
148 148 147 17/539
141 149 149 47/269
141 149 148 71/358
143 149 149 16/85
143 149 148 94/433
145 149 149 1/5
145 149 148 227/989
146 149 149 77/375
146 149 148 210/647
147 149 149 33/157
147 149 148 128/549
148 149 149 91/424
148 149 148 195/539
149 149 149 169/836
149 149 148 131/682
140 150 150 161/855
140 150 149 11/245
142 150 150 80/393
142 150 149 36/691
143 150 150 4/19
143 150 149 69/796
144 150 150 51/235
144 150 149 18/317
145 150 150 29/130
145 150 149 41/409
146 150 150 169/739
146 150 149 38/655
147 150 150 76/325
147 150 149 82/709
148 150 150 172/721
148 150 149 39/724
149 150 150 93/383
149 150 149 135/994
150 150 150 34/437
150 150 149 -67/910
139 151 151 62/799
139 151 150 -8/813
140 151 151 37/577
140 151 150 -1/245
141 151 151 55/747
141 151 150 -9/431
142 151 151 3/52
142 151 150 -8/677
143 151 151 54/763
143 151 150 -25/797
144 151 151 49/958
144 151 150 -14/787
145 151 151 70/263
145 151 150 333/998
146 151 151 17/63
146 151 150 407/995
147 151 151 203/743
147 151 150 215/642
148 151 151 260/941
148 151 150 402/919
149 151 151 68/913
149 151 150 -58/891
150 151 151 11/482
150 151 150 -8/471
151 151 151 83/963
151 151 150 -45/539
136 152 152 217/834
136 152 151 43/611
137 152 152 239/895
137 152 151 76/871
138 152 152 264/965
138 152 151 47/600
139 152 152 54/193
139 152 151 86/883
140 152 152 2/7
140 152 151 81/953
141 152 152 30/103
141 152 151 97/905
142 152 152 145/489
142 152 151 85/943
143 152 152 268/889
143 152 151 65/556
144 152 152 161/526
144 152 151 69/739
145 152 152 257/828
145 152 151 91/716
146 152 152 105/334
146 152 151 81/862
147 152 152 298/937
147 152 151 112/807
148 152 152 242/753
148 152 151 84/929
149 152 152 206/635
149 152 151 31/201
150 152 152 193/590
150 152 151 45/568
151 152 152 201/610
151 152 151 170/949
152 152 152 63/190
152 152 151 17/336
131 153 153 31/91
131 153 152 195/437
132 153 153 49/142
132 153 152 463/992
133 153 153 51/146
133 153 152 137/296
134 153 153 276/781
134 153 152 457/943
135 153 153 313/876
135 153 152 205/429
136 153 153 165/457
136 153 152 341/680
137 153 153 167/458
137 153 152 306/623
138 153 153 357/970
138 153 152 253/489
139 153 153 75/202
139 153 152 476/947
140 153 153 295/788
140 153 152 229/430
141 153 153 269/713
141 153 152 469/916
142 153 153 293/771
142 153 152 214/391
143 153 153 44/115
143 153 152 509/981
144 153 153 293/761
144 153 152 122/217
145 153 153 371/958
145 153 152 163/312
146 153 153 329/845
146 153 152 469/811
147 153 153 385/984
147 153 152 319/612
148 153 153 371/944
148 153 152 159/266
149 153 153 350/887
149 153 152 383/748
150 153 153 337/851
150 153 152 386/617
151 153 153 29/73
151 153 152 127/261
152 153 153 293/749
152 153 152 661/999
153 153 153 344/991
153 153 152 311/988
124 154 154 51/130
124 154 153 85/866
125 154 154 57/143
125 154 153 42/395
126 154 154 327/808
126 154 153 65/608
127 154 154 379/923
127 154 153 89/772
128 154 154 107/257
128 154 153 42/365
129 154 154 397/941
129 154 153 37/299
130 154 154 411/962
130 154 153 71/579
131 154 154 355/821
131 154 153 115/873
132 154 154 220/503
132 154 153 103/795
133 154 154 237/536
133 154 153 133/955
134 154 154 214/479
134 154 153 83/611
135 154 154 134/297
135 154 153 89/608
136 154 154 434/953
136 154 153 71/502
137 154 154 453/986
137 154 153 115/751
138 154 154 448/967
138 154 153 104/711
139 154 154 219/469
139 154 153 154/965
140 154 154 342/727
140 154 153 142/945
141 154 154 469/990
141 154 153 103/621
142 154 154 257/539
142 154 153 59/385
143 154 154 343/715
143 154 153 26/151
144 154 154 316/655
144 154 153 152/981
145 154 154 113/233
145 154 153 90/503
146 154 154 173/355
146 154 153 98/633
147 154 154 256/523
147 154 153 105/562
148 154 154 489/995
148 154 153 80/527
149 154 154 73/148
149 154 153 16/81
150 154 154 479/968
150 154 153 122/851
151 154 154 66/133
151 154 153 205/953
152 154 154 491/987
152 154 153 121/988
153 154 154 166/333
153 154 153 177/701
154 154 154 380/761
154 154 153 5/79
111 155 155 49/152
111 155 154 61/292
112 155 155 282/869
112 155 154 167/772
113 155 155 250/761
113 155 154 179/804
114 155 155 153/463
114 155 154 57/248
115 155 155 100/299
115 155 154 167/708
116 155 155 276/821
116 155 154 230/947
117 155 155 265/779
117 155 154 228/917
118 155 155 232/679
118 155 154 247/967
119 155 155 307/888
119 155 154 173/663
120 155 155 178/513
120 155 154 263/983
121 155 155 211/601
121 155 154 272/997
122 155 155 144/409
122 155 154 253/906
123 155 155 326/915
123 155 154 253/890
124 155 155 347/972
124 155 154 111/382
125 155 155 331/916
125 155 154 275/931
126 155 155 174/481
126 155 154 288/955
127 155 155 211/576
127 155 154 79/258
128 155 155 159/434
128 155 154 104/333
129 155 155 209/563
129 155 154 179/565
130 155 155 359/968
130 155 154 237/734
131 155 155 372/989
131 155 154 200/611
132 155 155 301/802
132 155 154 1/3
133 155 155 93/244
133 155 154 270/799
134 155 155 259/682
134 155 154 202/587
135 155 155 386/999
135 155 154 15/43
136 155 155 103/268
136 155 154 254/715
137 155 155 69/176
137 155 154 297/824
138 155 155 165/424
138 155 154 112/305
139 155 155 308/773
139 155 154 28/75
140 155 155 357/905
140 155 154 276/725
141 155 155 385/948
141 155 154 169/435
142 155 155 115/287
142 155 154 271/683
143 155 155 349/839
143 155 154 360/883
144 155 155 297/727
144 155 154 139/333
145 155 155 211/491
145 155 154 406/935
146 155 155 239/570
146 155 154 299/670
147 155 155 451/1000
147 155 154 465/979
148 155 155 112/257
148 155 154 136/277
149 155 155 373/764
149 155 154 341/624
150 155 155 421/906
150 155 154 372/653
151 155 155 45/86
151 155 154 559/927
152 155 155 287/597
152 155 154 411/646
153 155 155 525/788
153 155 154 558/641
154 155 155 391/662
154 155 154 599/623
155 155 155 377/698
155 155 154 416/953
84 156 156 111/835
84 156 155 13/276
85 156 156 77/566
85 156 155 44/917
86 156 156 106/761
86 156 155 35/716
87 156 156 37/260
87 156 155 48/965
88 156 156 135/928
88 156 155 49/968
89 156 156 65/438
89 156 155 23/447
90 156 156 148/977
90 156 155 43/822
91 156 156 25/162
91 156 155 40/753
92 156 156 73/464
92 156 155 15/278
93 156 156 89/556
93 156 155 41/749
94 156 156 37/227
94 156 155 1/18
95 156 156 163/984
95 156 155 37/657
96 156 156 46/273
96 156 155 47/823
97 156 156 13/76
97 156 155 7/121
98 156 156 89/512
98 156 155 50/853
99 156 156 58/329
99 156 155 34/573
100 156 156 46/257
100 156 155 14/233
101 156 156 72/397
101 156 155 53/872
102 156 156 62/337
102 156 155 58/943
103 156 156 103/553
103 156 155 61/981
104 156 156 118/625
104 156 155 61/970
105 156 156 161/843
105 156 155 23/362
106 156 156 136/703
106 156 155 7/109
107 156 156 193/987
107 156 155 31/478
108 156 156 77/389
108 156 155 61/931
109 156 156 1/5
109 156 155 33/499
110 156 156 125/618
110 156 155 40/599
111 156 156 157/769
111 156 155 32/475
112 156 156 167/809
112 156 155 17/250
113 156 156 157/754
113 156 155 12/175
114 156 156 105/499
114 156 155 11/159
115 156 156 7/33
115 156 155 53/760
116 156 156 3/14
116 156 155 55/782
117 156 156 177/820
117 156 155 64/903
118 156 156 209/959
118 156 155 1/14
119 156 156 70/319
119 156 155 28/389
120 156 156 130/587
120 156 155 65/896
121 156 156 39/175
121 156 155 16/219
122 156 156 143/636
122 156 155 53/720
123 156 156 45/199
123 156 155 53/715
124 156 156 13/57
124 156 155 28/375
125 156 156 105/458
125 156 155 63/838
126 156 156 132/571
126 156 155 24/317
127 156 156 157/676
127 156 155 17/223
128 156 156 48/205
128 156 155 73/951
129 156 156 154/655
129 156 155 47/608
130 156 156 187/789
130 156 155 33/424
131 156 156 201/845
131 156 155 69/880
132 156 156 217/905
132 156 155 3/38
133 156 156 197/819
133 156 155 30/377
134 156 156 113/466
134 156 155 27/337
135 156 156 71/292
135 156 155 19/235
136 156 156 89/363
136 156 155 46/565
137 156 156 217/883
137 156 155 53/644
138 156 156 208/839
138 156 155 79/953
139 156 156 119/479
139 156 155 41/488
140 156 156 79/315
140 156 155 58/685
141 156 156 143/569
141 156 155 53/615
142 156 156 191/752
142 156 155 85/978
143 156 156 247/970
143 156 155 71/797
144 156 156 124/481
144 156 155 69/767
145 156 156 161/622
145 156 155 85/911
146 156 156 257/978
146 156 155 91/964
147 156 156 263/993
147 156 155 1/10
148 156 156 131/485
148 156 155 41/404
149 156 156 69/251
149 156 155 103/919
150 156 156 102/361
150 156 155 78/683
151 156 156 177/599
151 156 155 113/821
152 156 156 61/198
152 156 155 117/829
153 156 156 311/943
153 156 155 83/755
154 156 156 144/323
154 156 155 238/599
155 156 156 347/744
155 156 155 395/904
156 156 156 371/631
156 156 155 74/905
