# UNIF(n=51,lo,hi): D_ren + dipoles; lines "lo hi level amplitude" for the corrected intervals
40 40 40 83/661
40 40 39 2/23
41 41 41 130/887
41 41 40 -1/732
42 42 42 131/726
42 42 41 63/410
43 43 43 76/759
43 43 42 -21/353
42 44 44 31/306
42 44 43 -9/896
44 44 44 59/628
44 44 43 -54/799
43 45 45 167/612
43 45 44 8/201
45 45 45 303/958
45 45 44 3/76
42 46 46 338/973
42 46 45 364/863
43 46 46 355/983
43 46 45 237/424
44 46 46 299/801
44 46 45 160/363
45 46 46 238/627
45 46 45 602/941
46 46 46 41/314
46 46 45 -40/339
41 47 47 158/379
41 47 46 61/649
42 47 47 208/479
42 47 46 17/112
43 47 47 385/856
43 47 46 94/867
44 47 47 222/479
44 47 46 70/369
45 47 47 453/953
45 47 46 105/997
46 47 47 465/958
46 47 46 79/326
47 47 47 193/391
47 47 46 1/17
36 48 48 291/830
36 48 47 95/348
37 48 48 223/634
37 48 47 234/779
38 48 48 8/21
38 48 47 333/998
39 48 48 311/823
39 48 47 170/471
40 48 48 376/903
40 48 47 375/929
41 48 48 11/27
41 48 47 429/992
42 48 48 330/709
42 48 47 499/999
43 48 48 379/848
43 48 47 314/589
44 48 48 221/434
44 48 47 516/899
45 48 48 169/359
45 48 47 530/861
46 48 48 161/243
46 48 47 221/256
47 48 48 278/473
47 48 47 861/901
48 48 48 464/861
48 48 47 79/182
27 49 49 132/965
27 49 48 47/926
28 49 49 84/575
28 49 48 9/167
29 49 49 104/665
29 49 48 29/511
30 49 49 153/928
30 49 48 7/117
31 49 49 151/865
31 49 48 1/16
32 49 49 113/620
32 49 48 55/838
33 49 49 165/862
33 49 48 3/44
34 49 49 171/862
34 49 48 71/993
35 49 49 99/478
35 49 48 47/636
36 49 49 111/520
36 49 48 33/425
37 49 49 91/410
37 49 48 2/25
38 49 49 181/794
38 49 48 76/897
39 49 49 232/981
39 49 48 27/310
40 49 49 219/902
40 49 48 20/213
41 49 49 33/131
41 49 48 27/280
42 49 49 185/711
42 49 48 50/463
43 49 49 42/155
43 49 48 96/865
44 49 49 43/150
44 49 48 73/540
45 49 49 165/547
45 49 48 17/122
46 49 49 169/519
46 49 48 108/995
47 49 49 142/319
47 49 48 383/952
48 49 49 287/612
48 49 48 433/996
49 49 49 587/997
49 49 48 37/457
