# UNIF(n=239,lo,hi): D_ren + dipoles; lines "lo hi level amplitude" for the corrected intervals
209 209 209 15/352
209 209 208 -1/462
210 210 210 21/796
210 210 209 -3/847
211 211 211 32/633
211 211 210 1/1000
212 212 212 17/638
212 212 211 -6/869
213 213 213 59/1000
213 213 212 3/859
214 214 214 11/404
214 214 213 -5/483
215 215 215 37/543
215 215 214 3/473
216 216 216 28/993
216 216 215 -5/358
217 217 217 65/831
217 217 216 9/973
218 218 218 23/776
218 218 217 -10/561
217 219 219 9/134
217 219 218 1/599
219 219 219 37/413
219 219 218 9/733
218 220 220 5/136
218 220 219 -2/315
220 220 220 81/847
220 220 219 87/965
219 221 221 50/591
219 221 220 8/959
221 221 221 56/545
221 221 220 15/968
220 222 222 43/447
220 222 221 67/742
222 222 222 85/786
222 222 221 101/980
219 223 223 26/295
219 223 222 1/111
221 223 223 98/941
221 223 222 5/326
223 223 223 93/785
223 223 222 7/368
220 224 224 33/785
220 224 223 -5/593
222 224 224 49/419
222 224 223 29/247
224 224 224 106/859
224 224 223 9/76
219 225 225 43/427
219 225 224 4/279
221 225 225 92/803
221 225 224 11/555
223 225 225 8/63
223 225 224 2/87
225 225 225 4/29
225 225 224 13/565
220 226 226 83/682
220 226 225 102/791
222 226 226 128/967
222 226 225 82/579
224 226 226 141/994
224 226 225 132/883
226 226 226 104/729
226 226 225 25/182
219 227 227 67/542
219 227 226 5/203
221 227 227 121/894
221 227 226 25/854
223 227 227 7/48
223 227 226 3/94
224 227 227 61/405
224 227 226 65/831
225 227 227 11/221
225 227 226 -32/877
226 227 227 43/270
226 227 226 86/941
227 227 227 23/141
227 227 226 23/830
218 228 228 81/575
218 228 227 66/413
220 228 228 79/525
220 228 227 115/664
222 228 228 116/729
222 228 227 97/529
223 228 228 129/791
223 228 227 88/353
224 228 228 166/995
224 228 227 155/818
225 228 228 47/276
225 228 227 103/379
226 228 228 139/801
226 228 227 153/805
227 228 228 161/912
227 228 227 277/931
228 228 228 81/482
228 228 227 119/736
217 229 229 64/429
217 229 228 14/393
219 229 229 143/895
219 229 228 13/319
221 229 229 157/927
221 229 228 29/651
222 229 229 163/938
222 229 228 8/105
223 229 229 50/281
223 229 228 7/150
224 229 229 2/11
224 229 228 66/769
225 229 229 87/469
225 229 228 45/968
226 229 229 143/757
226 229 228 87/898
227 229 229 13/232
227 229 228 -9/193
228 229 229 9/640
228 229 228 -7/865
229 229 229 33/167
229 229 228 29/865
216 230 230 176/981
216 230 229 171/782
218 230 230 3/16
218 230 229 55/238
219 230 230 180/941
219 230 229 112/415
220 230 230 175/898
220 230 229 167/692
221 230 230 185/933
221 230 229 43/150
222 230 230 107/531
222 230 229 243/976
223 230 230 9/44
223 230 229 293/965
224 230 230 185/892
224 230 229 19/75
225 230 230 121/576
225 230 229 221/687
226 230 230 193/908
226 230 229 241/952
227 230 230 188/875
227 230 229 321/937
228 230 230 202/931
228 230 229 199/809
229 230 230 44/201
229 230 229 226/611
230 230 230 201/988
230 230 229 57/293
215 231 231 178/897
215 231 230 46/825
216 231 231 147/724
216 231 230 69/959
217 231 231 184/887
217 231 230 56/923
218 231 231 149/704
218 231 230 11/139
219 231 231 157/728
219 231 230 50/773
220 231 231 142/647
220 231 230 47/545
221 231 231 199/892
221 231 230 33/488
222 231 231 41/181
222 231 230 43/460
223 231 231 173/753
223 231 230 20/289
224 231 231 169/726
224 231 230 33/326
225 231 231 213/904
225 231 230 67/972
226 231 231 208/873
226 231 230 103/935
227 231 231 123/511
227 231 230 60/911
228 231 231 69/284
228 231 230 112/921
229 231 231 221/902
229 231 230 23/396
230 231 231 138/559
230 231 230 9/65
231 231 231 58/759
231 231 230 -69/925
212 232 232 39/535
212 232 231 -9/910
213 232 232 13/197
213 232 231 -5/641
214 232 232 15/214
214 232 231 -11/665
215 232 232 46/737
215 232 231 -12/901
216 232 232 55/813
216 232 231 -21/920
217 232 232 26/441
217 232 231 -8/439
218 232 232 54/823
218 232 231 -26/903
219 232 232 1/18
219 232 231 -21/935
220 232 232 18/281
220 232 231 -34/985
221 232 232 27/518
221 232 231 -20/771
222 232 232 47/745
222 232 231 -19/474
223 232 232 18/371
223 232 231 -15/526
224 232 232 59/938
224 232 231 -8/175
225 232 232 27/607
225 232 231 -27/902
226 232 232 130/469
226 232 231 223/628
227 232 232 46/165
227 232 231 325/762
228 232 232 213/760
228 232 231 319/915
229 232 232 49/174
229 232 231 403/900
230 232 232 53/730
230 232 231 -52/759
231 232 232 11/508
231 232 231 -3/157
232 232 232 83/969
232 232 231 -37/438
207 233 233 185/701
207 233 232 61/814
208 233 233 11/41
208 233 232 59/705
209 233 233 124/455
209 233 232 76/943
210 233 233 187/676
210 233 232 17/189
211 233 233 172/613
211 233 232 79/921
212 233 233 281/988
212 233 232 75/782
213 233 233 225/781
213 233 232 55/608
214 233 233 289/991
214 233 232 101/994
215 233 233 244/827
215 233 232 93/983
216 233 233 247/828
216 233 232 83/775
217 233 233 63/209
217 233 232 16/163
218 233 233 172/565
218 233 232 85/756
219 233 233 169/550
219 233 232 49/485
220 233 233 177/571
220 233 232 81/688
221 233 233 311/995
221 233 232 10/97
222 233 233 269/854
222 233 232 67/544
223 233 233 112/353
223 233 232 91/874
224 233 233 314/983
224 233 232 129/1000
225 233 233 316/983
225 233 232 92/887
226 233 233 140/433
226 233 232 135/994
227 233 233 131/403
227 233 232 95/939
228 233 233 310/949
228 233 232 95/657
229 233 233 21/64
229 233 232 49/516
230 233 233 254/771
230 233 232 151/958
231 233 233 122/369
231 233 232 35/429
232 233 233 265/799
232 233 232 147/814
233 233 233 145/436
233 233 232 51/995
200 234 234 239/692
200 234 233 419/909
201 234 234 219/629
201 234 233 261/553
202 234 234 333/949
202 234 233 440/933
203 234 234 344/973
203 234 233 85/176
204 234 234 323/907
204 234 233 131/272
205 234 234 52/145
205 234 233 487/987
206 234 234 178/493
206 234 233 191/389
207 234 234 149/410
207 234 233 149/296
208 234 234 177/484
208 234 233 499/999
209 234 234 344/935
209 234 233 399/778
210 234 234 131/354
210 234 233 98/193
211 234 234 259/696
211 234 233 167/320
212 234 234 373/997
212 234 233 290/563
213 234 234 135/359
213 234 233 322/607
214 234 234 212/561
214 234 233 313/600
215 234 234 325/856
215 234 233 160/297
216 234 234 127/333
216 234 233 279/529
217 234 234 239/624
217 234 233 527/964
218 234 234 383/996
218 234 233 289/543
219 234 234 349/904
219 234 233 229/413
220 234 234 229/591
220 234 233 380/709
221 234 234 320/823
221 234 233 185/329
222 234 234 126/323
222 234 233 512/951
223 234 234 9/23
223 234 233 263/461
224 234 234 383/976
224 234 233 352/653
225 234 234 277/704
225 234 233 375/647
226 234 234 71/180
226 234 233 397/739
227 234 234 17/43
227 234 233 544/921
228 234 234 395/997
228 234 233 491/924
229 234 234 391/985
229 234 233 455/751
230 234 234 371/933
230 234 233 184/355
231 234 234 366/919
231 234 233 571/906
232 234 234 333/835
232 234 233 479/978
233 234 234 279/712
233 234 233 612/923
234 234 234 9/71
234 234 233 -119/943
188 235 235 347/881
188 235 234 77/771
189 235 235 359/902
189 235 234 15/148
190 235 235 39/97
190 235 234 37/349
191 235 235 404/995
191 235 234 77/718
192 235 235 157/383
192 235 234 91/813
193 235 235 223/539
193 235 234 85/753
194 235 235 397/951
194 235 234 117/995
195 235 235 419/995
195 235 234 101/854
196 235 235 31/73
196 235 234 103/837
197 235 235 426/995
197 235 234 77/624
198 235 235 353/818
198 235 234 44/343
199 235 235 257/591
199 235 234 54/421
200 235 235 46/105
200 235 234 133/998
201 235 235 383/868
201 235 234 116/873
202 235 235 379/853
202 235 234 86/623
203 235 235 365/816
203 235 234 66/481
204 235 235 321/713
204 235 234 78/547
205 235 235 82/181
205 235 234 141/998
206 235 235 67/147
206 235 234 36/245
207 235 235 353/770
207 235 234 131/903
208 235 235 343/744
208 235 234 21/139
209 235 235 108/233
209 235 234 26/175
210 235 235 212/455
210 235 234 131/845
211 235 235 273/583
211 235 234 73/481
212 235 235 407/865
212 235 234 101/636
213 235 235 225/476
213 235 234 15/97
214 235 235 160/337
214 235 234 115/708
215 235 235 421/883
215 235 234 113/719
216 235 235 326/681
216 235 234 151/910
217 235 235 383/797
217 235 234 18/113
218 235 235 409/848
218 235 234 167/986
219 235 235 393/812
219 235 234 33/205
220 235 235 219/451
220 235 234 89/515
221 235 235 321/659
221 235 234 160/987
222 235 235 277/567
222 235 234 130/737
223 235 235 218/445
223 235 234 59/363
224 235 235 361/735
224 235 234 141/782
225 235 235 418/849
225 235 234 23/142
226 235 235 113/229
226 235 234 113/611
227 235 235 492/995
227 235 234 122/763
228 235 235 54/109
228 235 234 64/335
229 235 235 333/671
229 235 234 52/335
230 235 235 253/509
230 235 234 172/859
231 235 235 221/444
231 235 234 105/722
232 235 235 152/305
232 235 234 73/337
233 235 235 451/904
233 235 234 91/737
234 235 235 381/763
234 235 234 245/968
235 235 235 499/999
235 235 234 49/771
168 236 236 173/542
168 236 235 193/929
169 236 236 291/907
169 236 235 140/659
170 236 236 235/727
170 236 235 196/905
171 236 236 89/274
171 236 235 209/945
172 236 236 160/489
172 236 235 34/151
173 236 236 283/861
173 236 235 79/344
174 236 236 193/583
174 236 235 124/531
175 236 236 126/379
175 236 235 182/765
176 236 236 307/917
176 236 235 217/898
177 236 236 121/360
177 236 235 121/492
178 236 236 155/458
178 236 235 137/549
179 236 236 161/474
179 236 235 17/67
180 236 236 66/193
180 236 235 98/381
181 236 236 269/784
181 236 235 127/486
182 236 236 124/359
182 236 235 212/801
183 236 236 44/127
183 236 235 205/763
184 236 236 181/519
184 236 235 90/331
185 236 236 349/998
185 236 235 251/910
186 236 236 327/929
186 236 235 176/631
187 236 236 211/598
187 236 235 41/145
188 236 236 331/932
188 236 235 2/7
189 236 236 142/399
189 236 235 284/981
190 236 236 355/991
190 236 235 126/431
191 236 236 347/967
191 236 235 127/429
192 236 236 337/933
192 236 235 193/646
193 236 236 17/47
193 236 235 215/711
194 236 236 351/964
194 236 235 61/200
195 236 236 355/974
195 236 235 54/175
196 236 236 222/605
196 236 235 149/479
197 236 236 170/463
197 236 235 235/747
198 236 236 271/733
198 236 235 239/754
199 236 236 328/887
199 236 235 191/596
200 236 236 327/878
200 236 235 295/914
201 236 236 35/94
201 236 235 199/610
202 236 236 374/997
202 236 235 290/883
203 236 236 277/739
203 236 235 309/931
204 236 236 17/45
204 236 235 321/961
205 236 236 186/493
205 236 235 215/637
206 236 236 331/870
206 236 235 253/745
207 236 236 131/345
207 236 235 35/102
208 236 236 346/903
208 236 235 223/646
209 236 236 368/963
209 236 235 15/43
210 236 236 22/57
210 236 235 133/379
211 236 236 5/13
211 236 235 349/984
212 236 236 7/18
212 236 235 96/269
213 236 236 259/669
213 236 235 337/934
214 236 236 109/278
214 236 235 81/223
215 236 236 23/59
215 236 235 176/479
216 236 236 362/915
216 236 235 97/262
217 236 236 185/471
217 236 235 241/643
218 236 236 307/768
218 236 235 233/616
219 236 236 368/929
219 236 235 373/973
220 236 236 359/887
220 236 235 64/165
221 236 236 399/997
221 236 235 113/287
222 236 236 347/844
222 236 235 399/997
223 236 236 284/701
223 236 235 335/823
224 236 236 241/574
224 236 235 5/12
225 236 236 339/823
225 236 235 310/729
226 236 236 167/386
226 236 235 56/127
227 236 236 407/965
227 236 235 447/989
228 236 236 111/245
228 236 235 379/790
229 236 236 7/16
229 236 235 242/489
230 236 236 446/911
230 236 235 493/897
231 236 236 401/861
231 236 235 353/617
232 236 236 87/166
232 236 235 562/929
233 236 236 477/991
233 236 235 424/665
234 236 236 665/998
234 236 235 250/287
235 236 236 218/369
235 236 235 857/891
236 236 236 121/224
236 236 235 424/971
126 237 237 81/614
126 237 236 16/343
127 237 237 109/813
127 237 236 6/127
128 237 237 127/933
128 237 236 34/711
129 237 237 111/803
129 237 236 41/847
130 237 237 23/164
130 237 236 19/388
131 237 237 38/267
131 237 236 49/989
132 237 237 115/797
132 237 236 25/499
133 237 237 6/41
133 237 236 19/375
134 237 237 47/317
134 237 236 36/703
135 237 237 139/925
135 237 236 41/792
136 237 237 7/46
136 237 236 33/631
137 237 237 41/266
137 237 236 13/246
138 237 237 151/968
138 237 236 42/787
139 237 237 157/994
139 237 236 49/909
140 237 237 123/770
140 237 236 53/974
141 237 237 134/829
141 237 236 5/91
142 237 237 109/667
142 237 236 28/505
143 237 237 159/962
143 237 236 23/411
144 237 237 79/473
144 237 236 7/124
145 237 237 129/764
145 237 236 9/158
146 237 237 22/129
146 237 236 22/383
147 237 237 81/470
147 237 236 27/466
148 237 237 87/500
148 237 236 58/993
149 237 237 29/165
149 237 236 47/798
150 237 237 69/389
150 237 236 59/994
151 237 237 12/67
151 237 236 59/986
152 237 237 159/880
152 237 236 17/282
153 237 237 60/329
153 237 236 37/609
154 237 237 16/87
154 237 236 41/670
155 237 237 18/97
155 237 236 50/811
156 237 237 81/433
156 237 236 37/596
157 237 237 187/991
157 237 236 62/991
158 237 237 139/731
158 237 236 35/556
159 237 237 65/339
159 237 236 40/631
160 237 237 96/497
160 237 236 43/674
161 237 237 140/719
161 237 236 51/794
162 237 237 191/974
162 237 236 55/851
163 237 237 116/587
163 237 236 51/784
164 237 237 38/191
164 237 236 32/489
165 237 237 181/903
165 237 236 27/410
166 237 237 116/575
166 237 236 61/921
167 237 237 127/625
167 237 236 1/15
168 237 237 101/494
168 237 236 40/597
169 237 237 7/34
169 237 236 43/638
170 237 237 146/705
170 237 236 29/428
171 237 237 167/801
171 237 236 40/587
172 237 237 191/911
172 237 236 5/73
173 237 237 111/526
173 237 236 25/363
174 237 237 199/938
174 237 236 49/708
175 237 237 212/993
175 237 236 43/618
176 237 237 53/247
176 237 236 23/329
177 237 237 193/894
177 237 236 13/185
178 237 237 182/839
178 237 236 6/85
179 237 237 187/857
179 237 236 21/296
180 237 237 121/552
180 237 236 59/828
181 237 237 97/440
181 237 236 59/824
182 237 237 151/682
182 237 236 54/751
183 237 237 181/813
183 237 236 19/263
184 237 237 207/926
184 237 236 14/193
185 237 237 109/485
185 237 236 65/892
186 237 237 37/164
186 237 236 73/998
187 237 237 127/560
187 237 236 23/313
188 237 237 94/413
188 237 236 52/705
189 237 237 35/153
189 237 236 2/27
190 237 237 185/806
190 237 236 20/269
191 237 237 167/724
191 237 236 28/375
192 237 237 202/873
192 237 236 55/734
193 237 237 196/843
193 237 236 31/412
194 237 237 201/862
194 237 236 45/596
195 237 237 231/986
195 237 236 68/897
196 237 237 214/911
196 237 236 41/539
197 237 237 198/839
197 237 236 53/694
198 237 237 207/875
198 237 236 59/770
199 237 237 77/324
199 237 236 1/13
200 237 237 141/592
200 237 236 68/881
201 237 237 206/861
201 237 236 53/684
202 237 237 35/146
202 237 236 51/656
203 237 237 131/544
203 237 236 16/205
204 237 237 158/655
204 237 236 69/881
205 237 237 205/846
205 237 236 57/725
206 237 237 207/853
206 237 236 49/621
207 237 237 206/845
207 237 236 77/972
208 237 237 227/930
208 237 236 40/503
209 237 237 90/367
209 237 236 40/501
210 237 237 122/497
210 237 236 53/661
211 237 237 240/973
211 237 236 69/857
212 237 237 137/555
212 237 236 61/754
213 237 237 98/395
213 237 236 13/160
214 237 237 246/991
214 237 236 80/979
215 237 237 148/593
215 237 236 11/134
216 237 237 183/733
216 237 236 41/496
217 237 237 166/661
217 237 236 79/951
218 237 237 213/848
218 237 236 74/883
219 237 237 223/882
219 237 236 68/807
220 237 237 22/87
220 237 236 63/739
221 237 237 40/157
221 237 236 79/921
222 237 237 157/616
222 237 236 55/631
223 237 237 9/35
223 237 236 41/467
224 237 237 113/439
224 237 236 85/946
225 237 237 51/196
225 237 236 59/651
226 237 237 257/985
226 237 236 89/948
227 237 237 191/722
227 237 236 13/137
228 237 237 53/199
228 237 236 23/229
229 237 237 264/973
229 237 236 67/658
230 237 237 269/975
230 237 236 111/988
231 237 237 17/60
231 237 236 50/437
232 237 237 257/868
232 237 236 109/791
233 237 237 29/94
233 237 236 88/623
234 237 237 169/512
234 237 236 45/409
235 237 237 383/859
235 237 236 185/466
236 237 237 214/459
236 237 236 191/437
237 237 237 525/893
237 237 236 76/929
