# UNIF(n=89,lo,hi): D_ren + dipoles; lines "lo hi level amplitude" for the corrected intervals
73 73 73 37/477
73 73 72 -2/263
74 74 74 79/821
74 74 73 41/578
75 75 75 53/495
75 75 74 2/727
76 76 76 122/961
76 76 75 101/920
77 77 77 133/944
77 77 76 7/540
78 78 78 81/514
78 78 77 82/573
77 79 79 84/913
77 79 78 -19/801
79 79 79 170/931
79 79 78 10/427
78 80 80 95/516
78 80 79 75/403
80 80 80 160/813
80 80 79 159/871
77 81 81 171/937
77 81 80 4/155
79 81 81 146/683
79 81 80 35/957
81 81 81 1/12
81 81 80 -64/913
78 82 82 175/711
78 82 81 133/467
79 82 82 184/719
79 82 81 281/703
80 82 82 41/505
80 82 81 -7/136
81 82 82 24/889
81 82 81 -7/823
82 82 82 26/295
82 82 81 -79/993
77 83 83 91/333
77 83 82 56/871
78 83 83 49/172
78 83 82 41/357
79 83 83 268/907
79 83 82 53/739
80 83 83 295/967
80 83 82 116/827
81 83 83 239/762
81 83 82 18/259
82 83 83 221/688
82 83 82 89/514
83 83 83 315/961
83 83 82 39/815
74 84 84 149/432
74 84 83 133/298
75 84 84 214/607
75 84 83 499/999
76 84 84 305/848
76 84 83 436/929
77 84 84 330/901
77 84 83 134/251
78 84 84 226/607
78 84 83 255/526
79 84 84 314/831
79 84 83 257/452
80 84 84 219/572
80 84 83 395/807
81 84 84 349/901
81 84 83 531/872
82 84 84 9/23
82 84 83 449/945
83 84 84 233/600
83 84 83 649/989
84 84 84 127/993
84 84 83 -13/105
70 85 85 372/941
70 85 84 7/67
71 85 85 167/411
71 85 84 32/317
72 85 85 413/991
72 85 84 118/967
73 85 85 241/565
73 85 84 114/995
74 85 85 173/397
74 85 84 22/159
75 85 85 4/9
75 85 84 95/756
76 85 85 271/599
76 85 84 2/13
77 85 85 63/137
77 85 84 102/763
78 85 85 7/15
78 85 84 118/697
79 85 85 367/776
79 85 84 63/458
80 85 85 190/397
80 85 84 84/451
81 85 85 207/428
81 85 84 19/141
82 85 85 472/967
82 85 84 118/565
83 85 85 337/685
83 85 84 107/905
84 85 85 52/105
84 85 84 1/4
85 85 85 359/721
85 85 84 38/611
63 86 86 232/711
63 86 85 227/981
64 86 86 133/396
64 86 85 67/275
65 86 86 239/707
65 86 85 221/859
66 86 86 283/813
66 86 85 95/353
67 86 86 335/959
67 86 85 277/981
68 86 86 331/919
68 86 85 292/993
69 86 86 107/297
69 86 85 39/127
70 86 86 54/145
70 86 85 307/962
71 86 86 36/97
71 86 85 90/271
72 86 86 331/859
72 86 85 29/84
73 86 86 333/871
73 86 85 261/728
74 86 86 399/998
74 86 85 327/874
75 86 86 245/621
75 86 85 311/801
76 86 86 269/644
76 86 85 250/611
77 86 86 9/22
77 86 85 17/40
78 86 86 323/730
78 86 85 187/409
79 86 86 274/639
79 86 85 434/911
80 86 86 430/891
80 86 85 123/230
81 86 86 458/995
81 86 85 236/421
82 86 86 512/985
82 86 85 283/475
83 86 86 11/23
83 86 85 532/843
84 86 86 662/995
84 86 85 86/99
85 86 86 82/139
85 86 85 937/976
86 86 86 61/113
86 86 85 17/39
47 87 87 51/382
47 87 86 41/856
48 87 87 136/979
48 87 86 49/990
49 87 87 101/698
49 87 86 37/724
50 87 87 40/267
50 87 86 1/19
51 87 87 149/959
51 87 86 46/849
52 87 87 128/799
52 87 86 31/557
53 87 87 145/876
53 87 86 2/35
54 87 87 25/147
54 87 86 38/649
55 87 87 127/725
55 87 86 40/667
56 87 87 143/797
56 87 86 56/913
57 87 87 181/982
57 87 86 20/319
58 87 87 106/563
58 87 86 50/781
59 87 87 192/995
59 87 86 55/842
60 87 87 117/595
60 87 86 66/991
61 87 87 176/875
61 87 86 64/943
62 87 87 199/973
62 87 86 13/188
63 87 87 33/158
63 87 86 14/199
64 87 87 39/184
64 87 86 49/684
65 87 87 91/421
65 87 86 53/728
66 87 87 127/580
66 87 86 47/634
67 87 87 149/668
67 87 86 7/93
68 87 87 178/789
68 87 86 53/691
69 87 87 203/884
69 87 86 20/257
70 87 87 167/720
70 87 86 73/919
71 87 87 59/250
71 87 86 46/571
72 87 87 236/991
72 87 86 42/509
73 87 87 63/260
73 87 86 61/729
74 87 87 163/667
74 87 86 52/603
75 87 87 219/880
75 87 86 58/663
76 87 87 219/872
76 87 86 32/351
77 87 87 72/281
77 87 86 91/983
78 87 87 201/775
78 87 86 59/599
79 87 87 226/851
79 87 86 89/888
80 87 87 265/977
80 87 86 1/9
81 87 87 33/118
81 87 86 11/97
82 87 87 293/999
82 87 86 47/343
83 87 87 194/633
83 87 86 139/988
84 87 87 311/946
84 87 86 8/73
85 87 87 41/92
85 87 86 167/419
86 87 87 85/182
86 87 86 175/401
87 87 87 437/743
87 87 86 77/944
