# UNIF(n=80,lo,hi): D_ren + dipoles; lines "lo hi level amplitude" for the corrected intervals
65 65 65 49/561
65 65 64 22/415
66 66 66 86/873
66 66 65 -1/614
67 67 67 84/697
67 67 66 20/207
68 68 68 71/527
68 68 67 5/511
69 69 69 37/238
69 69 68 95/688
70 70 70 48/269
70 70 69 20/941
69 71 71 7/40
69 71 70 166/997
71 71 71 26/133
71 71 70 144/803
70 72 72 145/707
70 72 71 17/531
72 72 72 17/200
72 72 71 -26/379
69 73 73 173/731
69 73 72 63/239
71 73 73 8/95
71 73 72 -19/401
72 73 73 19/658
72 73 72 -4/671
73 73 73 81/910
73 73 72 -25/319
68 74 74 189/730
68 74 73 56/989
70 74 74 173/604
70 74 73 61/912
71 74 74 247/828
71 74 73 85/622
72 74 74 38/123
72 74 73 14/209
73 74 74 205/644
73 74 73 139/810
74 74 74 174/533
74 74 73 33/700
67 75 75 7/20
67 75 74 382/857
68 75 75 245/684
68 75 74 491/955
69 75 75 290/793
69 75 74 209/446
70 75 75 364/977
70 75 74 554/997
71 75 75 264/697
71 75 74 35/73
72 75 75 201/523
72 75 74 545/906
73 75 75 65/167
73 75 74 102/217
74 75 75 316/815
74 75 74 411/628
75 75 75 273/790
75 75 74 81/260
63 76 76 373/940
63 76 75 73/656
64 76 76 164/401
64 76 75 33/314
65 76 76 272/647
65 76 75 16/123
66 76 76 416/965
66 76 75 116/979
67 76 76 187/424
67 76 75 147/995
68 76 76 448/995
68 76 75 78/607
69 76 76 389/848
69 76 75 33/200
70 76 76 153/328
70 76 75 98/731
71 76 76 455/961
71 76 75 20/109
72 76 76 71/148
72 76 75 102/769
73 76 76 395/814
73 76 75 17/82
74 76 76 197/402
74 76 75 107/913
75 76 76 419/848
75 76 75 100/401
76 76 76 482/969
76 76 75 27/436
56 77 77 113/345
56 77 76 179/802
57 77 77 331/978
57 77 76 44/185
58 77 77 95/279
58 77 76 118/465
59 77 77 337/957
59 77 76 245/914
60 77 77 353/1000
60 77 76 91/321
61 77 77 15/41
61 77 76 291/977
62 77 77 164/449
62 77 76 293/936
63 77 77 317/834
63 77 76 323/984
64 77 77 281/744
64 77 76 259/754
65 77 77 395/998
65 77 76 74/205
66 77 77 165/422
66 77 76 361/958
67 77 77 277/668
67 77 76 240/601
68 77 77 337/829
68 77 76 5/12
69 77 77 391/888
69 77 76 371/824
70 77 77 357/836
70 77 76 305/648
71 77 77 243/505
71 77 76 518/977
72 77 77 242/527
72 77 76 215/386
73 77 77 425/819
73 77 76 424/715
74 77 77 171/358
74 77 76 441/701
75 77 77 534/803
75 77 76 190/219
76 77 77 499/846
76 77 76 95/99
77 77 77 346/641
77 77 76 200/459
43 78 78 121/894
43 78 77 41/841
44 78 78 71/500
44 78 77 38/751
45 78 78 17/115
45 78 77 43/821
46 78 78 138/895
46 78 77 17/314
47 78 78 148/927
47 78 77 32/573
48 78 78 59/356
48 78 77 21/365
49 78 78 157/919
49 78 77 59/997
50 78 78 62/351
50 78 77 51/839
51 78 78 150/827
51 78 77 32/513
52 78 78 20/107
52 78 77 31/485
53 78 78 189/988
53 78 77 62/947
54 78 78 185/941
54 78 77 16/239
55 78 78 194/967
55 78 77 5/73
56 78 78 137/666
56 78 77 36/515
57 78 78 143/683
57 78 77 71/993
58 78 78 3/14
58 78 77 63/865
59 78 78 131/602
59 78 77 68/913
60 78 78 149/670
60 78 77 47/620
61 78 78 181/803
61 78 77 60/773
62 78 78 194/843
62 78 77 76/963
63 78 78 177/760
63 78 77 80/987
64 78 78 135/568
64 78 77 80/971
65 78 78 31/129
65 78 77 4/47
66 78 78 118/481
66 78 77 41/474
67 78 78 228/919
67 78 77 14/155
68 78 78 227/895
68 78 77 44/479
69 78 78 224/871
69 78 77 79/807
70 78 78 249/944
70 78 77 36/361
71 78 78 75/278
71 78 77 27/244
72 78 78 188/675
72 78 77 83/734
73 78 78 274/937
73 78 77 74/541
74 78 78 89/291
74 78 77 77/548
75 78 78 307/935
75 78 77 95/868
76 78 78 348/781
76 78 77 85/213
77 78 78 157/336
77 78 77 387/887
78 78 78 10/17
78 78 77 49/601
