# UNIF(n=71,lo,hi): D_ren + dipoles; lines "lo hi level amplitude" for the corrected intervals
57 57 57 23/266
57 57 56 -9/823
58 58 58 106/951
58 58 57 39/472
59 59 59 15/119
59 59 58 1/334
60 60 60 121/804
60 60 59 23/176
61 61 61 107/620
61 61 60 7/422
60 62 62 6/37
60 62 61 23/157
62 62 62 5/26
62 62 61 37/212
61 63 63 38/197
61 63 62 5/227
63 63 63 30/341
63 63 62 -39/581
62 64 64 64/737
62 64 63 -1/25
64 64 64 43/479
64 64 63 -43/564
61 65 65 26/95
61 65 64 36/643
62 65 65 67/232
62 65 64 105/817
63 65 65 13/43
63 65 64 55/897
64 65 65 214/681
64 65 64 58/345
65 65 65 235/724
65 65 64 23/505
60 66 66 67/188
60 66 65 371/817
61 66 66 203/556
61 66 65 278/511
62 66 66 373/1000
62 66 65 231/491
63 66 66 122/321
63 66 65 304/511
64 66 66 124/321
64 66 65 263/565
65 66 66 225/583
65 66 65 275/422
66 66 66 119/925
66 66 65 -109/892
56 67 67 392/983
56 67 66 72/655
57 67 67 40/97
57 67 66 39/386
58 67 67 411/967
58 67 66 117/881
59 67 67 107/245
59 67 66 94/811
60 67 67 81/181
60 67 66 17/110
61 67 67 429/938
61 67 66 55/438
62 67 67 76/163
62 67 66 172/973
63 67 67 46/97
63 67 66 89/698
64 67 67 475/987
64 67 66 125/614
65 67 67 443/909
65 67 66 25/218
66 67 67 427/867
66 67 66 205/827
67 67 67 303/610
67 67 66 53/865
50 68 68 1/3
50 68 67 238/999
51 68 68 127/378
51 68 67 99/386
52 68 68 34/97
52 68 67 32/117
53 68 68 245/697
53 68 67 288/989
54 68 68 135/367
54 68 67 298/965
55 68 68 62/169
55 68 67 325/996
56 68 68 265/686
56 68 67 156/451
57 68 68 315/823
57 68 67 363/998
58 68 68 86/211
58 68 67 319/822
59 68 68 161/402
59 68 67 366/899
60 68 68 37/85
60 68 67 180/407
61 68 68 96/227
61 68 67 317/683
62 68 68 443/927
62 68 67 221/421
63 68 68 379/830
63 68 67 162/293
64 68 68 199/385
64 68 67 355/602
65 68 68 10/21
65 68 67 403/643
66 68 68 105/158
66 68 67 731/843
67 68 68 475/806
67 68 67 256/267
68 68 68 75/139
68 68 67 246/565
38 69 69 135/982
38 69 68 47/946
39 69 69 113/780
39 69 68 49/947
40 69 69 18/119
40 69 68 23/428
41 69 69 142/897
41 69 68 22/395
42 69 69 34/207
42 69 68 31/538
43 69 69 113/661
43 69 68 53/891
44 69 69 3/17
44 69 68 10/163
45 69 69 49/268
45 69 68 19/301
46 69 69 59/314
46 69 68 43/662
47 69 69 187/964
47 69 68 1/15
48 69 69 57/287
48 69 68 63/920
49 69 69 83/406
49 69 68 64/913
50 69 69 29/139
50 69 68 46/639
51 69 69 3/14
51 69 68 62/843
52 69 69 169/775
52 69 68 13/172
53 69 69 169/756
53 69 68 33/428
54 69 69 205/903
54 69 68 39/491
55 69 69 199/856
55 69 68 48/593
56 69 69 62/263
56 69 68 83/990
57 69 69 237/982
57 69 68 38/445
58 69 69 218/891
58 69 68 58/649
59 69 69 175/698
59 69 68 60/659
60 69 69 202/793
60 69 68 94/967
61 69 69 245/936
61 69 68 83/837
62 69 69 48/179
62 69 68 94/853
63 69 69 257/927
63 69 68 101/896
64 69 69 109/374
64 69 68 126/923
65 69 69 119/390
65 69 68 134/955
66 69 69 321/979
66 69 68 107/979
67 69 69 233/523
67 69 68 207/518
68 69 69 173/370
68 69 68 371/851
69 69 69 383/651
69 69 68 81/995
