# UNIF(n=185,lo,hi): D_ren + dipoles; lines "lo hi level amplitude" for the corrected intervals
159 159 159 45/958
159 159 158 -2/489
160 160 160 29/926
160 160 159 -3/962
161 161 161 31/535
161 161 160 0
162 162 162 28/885
162 162 161 -7/891
163 163 163 49/703
163 163 162 1/260
164 164 164 32/985
164 164 163 -9/706
165 165 165 47/569
165 165 164 6/767
166 166 166 1/11
166 166 165 73/891
167 167 167 17/175
167 167 166 1/84
166 168 168 58/709
166 168 167 61/937
168 168 168 2/19
168 168 167 96/979
167 169 169 54/599
167 169 168 2/317
169 169 169 98/859
169 169 168 4/247
168 170 170 73/689
168 170 169 94/959
170 170 170 4/33
170 170 169 103/899
169 171 171 57/490
169 171 170 11/685
171 171 171 7/52
171 171 170 17/815
168 172 172 113/958
168 172 171 61/526
170 172 172 116/867
170 172 171 133/984
172 172 172 123/872
172 172 171 129/959
169 173 173 125/948
169 173 172 1/44
171 173 173 55/996
171 173 172 -32/969
173 173 173 131/815
173 173 172 4/153
168 174 174 119/827
168 174 173 29/186
170 174 174 121/772
170 174 173 49/286
172 174 174 150/893
172 174 173 175/972
173 174 174 114/659
173 174 173 23/79
174 174 174 101/605
174 174 173 42/263
167 175 175 93/625
167 175 174 23/746
169 175 175 146/895
169 175 174 27/734
171 175 175 103/586
171 175 174 1/25
172 175 175 137/755
172 175 174 83/903
173 175 175 27/451
173 175 174 -17/385
174 175 175 8/485
174 175 174 -5/767
175 175 175 186/949
175 175 174 27/832
166 176 176 176/997
166 176 175 179/862
168 176 176 112/597
168 176 175 40/179
170 176 176 31/157
170 176 175 130/553
171 176 176 190/941
171 176 175 73/238
172 176 176 163/791
172 176 175 131/543
173 176 176 72/343
173 176 175 333/998
174 176 176 165/773
174 176 175 40/167
175 176 176 213/983
175 176 175 184/503
176 176 176 163/804
176 176 175 86/445
165 177 177 120/623
165 177 176 12/245
167 177 177 122/595
167 177 176 13/235
168 177 177 47/223
168 177 176 35/423
169 177 177 206/953
169 177 176 41/684
170 177 177 148/669
170 177 176 66/707
171 177 177 181/801
171 177 176 53/850
172 177 177 229/994
172 177 176 94/897
173 177 177 117/499
173 177 176 61/990
174 177 177 86/361
174 177 176 85/718
175 177 177 239/989
175 177 176 51/914
176 177 177 117/478
176 177 176 104/759
177 177 177 77/998
177 177 176 -73/985
164 178 178 31/419
164 178 177 -7/562
165 178 178 34/539
165 178 177 -7/900
166 178 178 54/763
166 178 177 -15/701
167 178 178 55/947
167 178 177 -11/768
168 178 178 58/849
168 178 177 -15/502
169 178 178 45/848
169 178 177 -11/560
170 178 178 65/973
170 178 177 -35/919
171 178 178 40/837
171 178 177 -17/724
172 178 178 215/792
172 178 177 251/729
173 178 178 88/321
173 178 177 193/462
174 178 178 265/958
174 178 177 122/357
175 178 178 244/875
175 178 177 397/897
176 178 178 5/68
176 178 177 -1/15
177 178 178 1/45
177 178 177 -8/445
178 178 178 58/675
178 178 177 -34/405
159 179 179 25/97
159 179 178 23/333
160 179 179 111/421
160 179 178 19/232
161 179 179 268/995
161 179 178 14/183
162 179 179 36/131
162 179 178 22/243
163 179 179 275/982
163 179 178 27/325
164 179 179 59/207
164 179 178 8/81
165 179 179 122/421
165 179 178 11/124
166 179 179 88/299
166 179 178 59/553
167 179 179 43/144
167 179 178 79/847
168 179 179 181/598
168 179 178 49/428
169 179 179 259/845
169 179 178 89/922
170 179 179 227/732
170 179 178 6/49
171 179 179 221/705
171 179 178 31/316
172 179 179 284/897
172 179 178 97/740
173 179 179 316/989
173 179 178 71/730
174 179 179 289/897
174 179 178 100/707
175 179 179 323/995
175 179 178 90/973
176 179 179 67/205
176 179 178 31/199
177 179 179 121/368
177 179 178 53/660
178 179 179 79/239
178 179 178 162/901
179 179 179 260/783
179 179 178 17/334
154 180 180 171/499
154 180 179 189/416
155 180 180 115/332
155 180 179 135/287
156 180 180 344/983
156 180 179 404/863
157 180 180 217/614
157 180 179 113/233
158 180 180 66/185
158 180 179 364/757
159 180 180 356/989
159 180 179 203/407
160 180 180 346/953
160 180 179 227/461
161 180 180 97/265
161 180 179 498/973
162 180 180 83/225
162 180 179 91/181
163 180 180 343/923
163 180 179 65/124
164 180 180 241/644
164 180 179 65/127
165 180 180 55/146
165 180 179 424/791
166 180 180 279/736
166 180 179 375/722
167 180 180 347/910
167 180 179 507/926
168 180 180 176/459
168 180 179 447/851
169 180 180 143/371
169 180 179 455/814
170 180 180 55/142
170 180 179 155/293
171 180 180 335/861
171 180 179 511/895
172 180 180 320/819
172 180 179 346/653
173 180 180 384/979
173 180 179 536/917
174 180 180 272/691
174 180 179 10/19
175 180 180 62/157
175 180 179 198/329
176 180 180 221/558
176 180 179 424/823
177 180 180 191/481
177 180 179 481/766
178 180 180 318/799
178 180 179 62/127
179 180 180 285/728
179 180 179 508/767
180 180 180 59/465
180 180 179 -67/532
145 181 181 106/271
145 181 180 28/293
146 181 181 23/58
146 181 180 14/137
147 181 181 354/881
147 181 180 49/474
148 181 181 164/403
148 181 180 107/972
149 181 181 407/988
149 181 180 35/316
150 181 181 258/619
150 181 180 117/995
151 181 181 333/790
151 181 180 117/994
152 181 181 395/927
152 181 180 119/954
153 181 181 31/72
153 181 180 98/789
154 181 181 237/545
154 181 180 101/768
155 181 181 425/968
155 181 180 127/975
156 181 181 323/729
156 181 180 4/29
157 181 181 392/877
157 181 180 105/773
158 181 181 398/883
158 181 180 143/993
159 181 181 453/997
159 181 180 94/667
160 181 181 239/522
160 181 180 96/641
161 181 181 107/232
161 181 180 102/701
162 181 181 124/267
162 181 180 145/934
163 181 181 187/400
163 181 180 16/107
164 181 181 191/406
164 181 180 13/81
165 181 181 398/841
165 181 180 13/85
166 181 181 247/519
166 181 180 127/767
167 181 181 111/232
167 181 180 134/861
168 181 181 251/522
168 181 180 43/252
169 181 181 243/503
169 181 180 151/959
170 181 181 197/406
170 181 180 137/779
171 181 181 476/977
171 181 180 108/683
172 181 181 67/137
172 181 180 101/556
173 181 181 425/866
173 181 180 96/611
174 181 181 257/522
174 181 180 57/302
175 181 181 119/241
175 181 180 119/776
176 181 181 201/406
176 181 180 191/961
177 181 181 66/133
177 181 180 143/991
178 181 181 454/913
178 181 180 194/899
179 181 181 404/811
179 181 180 96/781
180 181 181 228/457
180 181 180 251/993
181 181 181 499/999
181 181 180 61/962
130 182 182 55/172
130 182 181 140/669
131 182 182 241/749
131 182 181 53/246
132 182 182 289/889
132 182 181 202/915
133 182 182 324/991
133 182 181 105/463
134 182 182 320/969
134 182 181 16/69
135 182 182 319/961
135 182 181 97/408
136 182 182 296/883
136 182 181 33/136
137 182 182 163/484
137 182 181 188/757
138 182 182 287/844
138 182 181 187/739
139 182 182 337/987
139 182 181 233/901
140 182 182 111/322
140 182 181 221/840
141 182 182 64/185
141 182 181 29/108
142 182 182 300/859
142 182 181 272/997
143 182 182 303/865
143 182 181 240/863
144 182 182 273/772
144 182 181 46/163
145 182 182 95/268
145 182 181 148/515
146 182 182 345/964
146 182 181 67/230
147 182 182 204/569
147 182 181 286/965
148 182 182 307/848
148 182 181 238/793
149 182 182 357/985
149 182 181 191/626
150 182 182 41/112
150 182 181 280/907
151 182 182 308/841
151 182 181 69/220
152 182 182 215/581
152 182 181 267/842
153 182 182 246/665
153 182 181 265/823
154 182 182 371/992
154 182 181 68/209
155 182 182 353/945
155 182 181 250/757
156 182 182 370/979
156 182 181 333/998
157 182 182 89/236
157 182 181 240/709
158 182 182 309/809
158 182 181 241/705
159 182 182 359/943
159 182 181 128/369
160 182 182 334/865
160 182 181 247/705
161 182 182 334/869
161 182 181 341/959
162 182 182 191/489
162 182 181 175/487
163 182 182 151/389
163 182 181 355/973
164 182 182 231/584
164 182 181 127/344
165 182 182 317/808
165 182 181 338/901
166 182 182 368/917
166 182 181 191/502
167 182 182 322/811
167 182 181 12/31
168 182 182 243/595
168 182 181 177/449
169 182 182 385/956
169 182 181 397/988
170 182 182 259/620
170 182 181 68/165
171 182 182 383/934
171 182 181 107/254
172 182 182 297/689
172 182 181 7/16
173 182 182 140/333
173 182 181 410/913
174 182 182 315/697
174 182 181 463/970
175 182 182 117/268
175 182 181 451/915
176 182 182 416/851
176 182 181 428/781
177 182 182 247/531
177 182 181 149/261
178 182 182 443/846
178 182 181 61/101
179 182 182 38/79
179 182 181 328/515
180 182 182 665/998
180 182 181 755/867
181 182 182 127/215
181 182 181 677/704
182 182 182 471/872
182 182 181 327/749
97 183 183 93/712
97 183 182 30/647
98 183 183 133/998
98 183 182 9/191
99 183 183 63/463
99 183 182 25/522
100 183 183 128/923
100 183 182 39/802
101 183 183 69/488
101 183 182 4/81
102 183 183 19/132
102 183 182 25/499
103 183 183 28/191
103 183 182 49/964
104 183 183 137/919
104 183 182 47/912
105 183 183 59/389
105 183 182 52/995
106 183 183 149/967
106 183 182 44/831
107 183 183 13/83
107 183 182 36/671
108 183 183 31/195
108 183 182 39/718
109 183 183 160/991
109 183 182 39/709
110 183 183 149/910
110 183 182 30/539
111 183 183 164/987
111 183 182 53/941
112 183 183 82/487
112 183 182 9/158
113 183 183 167/978
113 183 182 31/538
114 183 183 162/937
114 183 182 35/601
115 183 183 171/976
115 183 182 58/985
116 183 183 153/863
116 183 182 59/992
117 183 183 165/919
117 183 182 58/965
118 183 183 63/347
118 183 182 23/379
119 183 183 181/985
119 183 182 35/571
120 183 183 174/937
120 183 182 61/986
121 183 183 167/889
121 183 182 62/993
122 183 183 133/701
122 183 182 39/619
123 183 183 136/709
123 183 182 11/173
124 183 183 152/785
124 183 182 47/733
125 183 183 190/971
125 183 182 37/572
126 183 183 61/309
126 183 182 65/997
127 183 183 66/331
127 183 182 24/365
128 183 183 188/935
128 183 182 43/649
129 183 183 203/1000
129 183 182 36/539
130 183 183 151/738
130 183 182 22/327
131 183 183 70/339
131 183 182 4/59
132 183 183 197/947
132 183 182 17/249
133 183 183 149/710
133 183 182 13/189
134 183 183 56/265
134 183 182 61/881
135 183 183 13/61
135 183 182 47/674
136 183 183 71/331
136 183 182 4/57
137 183 183 213/985
137 183 182 46/651
138 183 183 166/763
138 183 182 15/211
139 183 183 107/488
139 183 182 38/531
140 183 183 157/712
140 183 182 65/903
141 183 183 221/995
141 183 182 51/704
142 183 183 67/300
142 183 182 62/851
143 183 183 137/609
143 183 182 67/914
144 183 183 59/261
144 183 182 37/502
145 183 183 28/123
145 183 182 39/526
146 183 183 75/328
146 183 182 65/872
147 183 183 227/986
147 183 182 74/987
148 183 183 227/982
148 183 182 67/889
149 183 183 232/997
149 183 182 31/409
150 183 183 174/745
150 183 182 8/105
151 183 183 197/838
151 183 182 19/248
152 183 183 196/831
152 183 182 65/844
153 183 183 174/733
153 183 182 58/749
154 183 183 5/21
154 183 182 58/745
155 183 183 144/601
155 183 182 40/511
156 183 183 227/945
156 183 182 64/813
157 183 183 22/91
157 183 182 41/518
158 183 183 212/875
158 183 182 70/879
159 183 183 229/939
159 183 182 41/512
160 183 183 226/925
160 183 182 77/955
161 183 183 107/435
161 183 182 3/37
162 183 183 152/617
162 183 182 77/942
163 183 183 197/794
163 183 182 31/377
164 183 183 197/793
164 183 182 47/566
165 183 183 187/747
165 183 182 59/706
166 183 183 101/403
166 183 182 82/969
167 183 183 252/997
167 183 182 83/974
168 183 183 227/897
168 183 182 13/150
169 183 183 150/587
169 183 182 29/332
170 183 183 32/125
170 183 182 45/503
171 183 183 137/529
171 183 182 53/587
172 183 183 112/431
172 183 182 54/577
173 183 183 227/861
173 183 182 83/877
174 183 183 98/369
174 183 182 44/439
175 183 183 219/809
175 183 182 80/787
176 183 183 160/581
176 183 182 34/303
177 183 183 247/873
177 183 182 111/971
178 183 183 281/950
178 183 182 134/973
179 183 183 119/386
179 183 182 109/772
180 183 183 259/785
180 183 182 54/491
181 183 183 284/637
181 183 182 56/141
182 183 183 443/950
182 183 182 437/1000
183 183 183 458/779
183 183 182 22/269
