# UNIF(n=59,lo,hi): D_ren + dipoles; lines "lo hi level amplitude" for the corrected intervals
47 47 47 87/808
47 47 46 -9/953
48 48 48 115/822
48 48 47 37/330
49 49 49 144/899
49 49 48 1/124
50 50 50 185/991
50 50 49 145/881
49 51 51 141/844
49 51 50 1/258
51 51 51 3/32
51 51 50 -53/835
50 52 52 92/981
50 52 51 -11/427
52 52 52 29/316
52 52 51 -37/513
49 53 53 56/227
49 53 52 35/963
51 53 53 273/947
51 53 52 37/724
52 53 53 158/517
52 53 52 106/655
53 53 53 143/446
53 53 52 41/961
48 54 54 169/502
48 54 53 157/377
50 54 54 92/255
50 54 53 55/123
51 54 54 82/221
51 54 53 487/843
52 54 54 84/221
52 54 53 416/917
53 54 54 157/410
53 54 53 177/274
54 54 54 85/656
54 54 53 -97/807
47 55 55 362/887
47 55 54 43/459
48 55 55 164/387
48 55 54 49/360
49 55 55 145/331
49 55 54 71/642
50 55 55 451/1000
50 55 54 63/382
51 55 55 173/374
51 55 54 95/802
52 55 55 356/753
52 55 54 105/533
53 55 55 249/517
53 55 54 14/127
54 55 55 247/505
54 55 54 142/579
55 55 55 52/105
55 55 54 30/499
42 56 56 91/263
42 56 55 261/989
43 56 56 163/469
43 56 55 231/806
44 56 56 311/842
44 56 55 191/614
45 56 56 350/951
45 56 55 1/3
46 56 56 156/395
46 56 55 361/997
47 56 56 320/821
47 56 55 67/174
48 56 56 379/889
48 56 55 153/361
49 56 56 155/373
49 56 55 405/902
50 56 56 379/803
50 56 55 20/39
51 56 56 212/469
51 56 55 369/679
52 56 56 155/302
52 56 55 85/146
53 56 56 368/777
53 56 55 238/383
54 56 56 649/978
54 56 55 623/720
55 56 56 505/858
55 56 55 493/515
56 56 56 364/675
56 56 55 10/23
31 57 57 65/486
31 57 56 49/997
32 57 57 61/430
32 57 56 49/947
33 57 57 109/723
33 57 56 47/867
34 57 57 119/752
34 57 56 19/335
35 57 57 1/6
35 57 56 15/254
36 57 57 38/219
36 57 56 31/504
37 57 57 49/270
37 57 56 62/973
38 57 57 153/815
38 57 56 9/136
39 57 57 83/425
39 57 56 48/703
40 57 57 42/209
40 57 56 59/833
41 57 57 127/610
41 57 56 48/659
42 57 57 16/75
42 57 56 9/119
43 57 57 184/835
43 57 56 73/941
44 57 57 113/502
44 57 56 11/136
45 57 57 68/293
45 57 56 67/809
46 57 57 40/169
46 57 56 78/895
47 57 57 241/988
47 57 56 51/572
48 57 57 64/257
48 57 56 35/366
49 57 57 155/603
49 57 56 32/327
50 57 57 198/749
50 57 56 37/339
51 57 57 99/361
51 57 56 111/992
52 57 57 275/951
52 57 56 89/655
53 57 57 149/491
53 57 56 113/808
54 57 57 317/970
54 57 56 89/817
55 57 57 167/375
55 57 56 89/222
56 57 57 140/299
56 57 56 374/859
57 57 57 462/785
57 57 56 79/973
