# UNIF(n=102,lo,hi): D_ren + dipoles; lines "lo hi level amplitude" for the corrected intervals
85 85 85 8/169
85 85 84 -1/196
86 86 86 37/416
86 86 85 1/1000
87 87 87 39/371
87 87 86 11/129
88 88 88 99/856
88 88 87 8/885
89 89 89 127/960
89 89 88 103/871
90 90 90 5/34
90 90 89 1/57
89 91 91 63/463
89 91 90 103/853
91 91 91 149/926
91 91 90 143/964
90 92 92 27/332
90 92 91 -1/34
92 92 92 48/257
92 92 91 25/941
89 93 93 168/995
89 93 92 78/457
91 93 93 103/533
91 93 92 133/661
93 93 93 37/186
93 93 92 119/640
90 94 94 181/911
90 94 93 34/887
92 94 94 216/971
92 94 93 21/485
93 94 94 175/752
93 94 93 85/658
94 94 94 79/972
94 94 93 -24/337
89 95 95 236/989
89 95 94 235/839
91 95 95 216/845
91 95 94 43/143
92 95 95 136/517
92 95 94 310/753
93 95 95 11/139
93 95 94 -19/336
94 95 95 25/972
94 95 94 -11/943
95 95 95 26/297
95 95 94 -35/432
88 96 96 34/127
88 96 95 6/89
89 96 96 255/917
89 96 95 105/998
90 96 96 21/73
90 96 95 40/527
91 96 96 271/914
91 96 95 59/475
92 96 96 127/417
92 96 95 23/291
93 96 96 179/574
93 96 95 29/199
94 96 96 78/245
94 96 95 67/914
95 96 96 176/543
95 96 95 169/963
96 96 96 26/79
96 96 95 41/838
85 97 97 77/223
85 97 96 446/999
86 97 97 259/736
86 97 96 403/823
87 97 97 289/807
87 97 96 329/702
88 97 97 341/937
88 97 96 506/975
89 97 97 106/287
89 97 96 475/978
90 97 97 359/959
90 97 96 403/736
91 97 97 371/979
91 97 96 187/377
92 97 97 305/796
92 97 96 309/535
93 97 97 101/261
93 97 96 208/419
94 97 97 349/894
94 97 96 253/412
95 97 97 345/877
95 97 96 415/867
96 97 97 349/896
96 97 96 233/354
97 97 97 62/179
97 97 96 301/961
80 98 98 287/731
80 98 97 37/383
81 98 98 379/942
81 98 97 10/89
82 98 98 305/741
82 98 97 7/64
83 98 98 140/333
83 98 97 58/459
84 98 98 286/667
84 98 97 27/224
85 98 98 307/703
85 98 97 134/961
86 98 98 346/779
86 98 97 102/785
87 98 98 425/942
87 98 97 97/639
88 98 98 406/887
88 98 97 74/539
89 98 98 109/235
89 98 97 125/763
90 98 98 423/901
90 98 97 26/183
91 98 98 403/849
91 98 97 150/851
92 98 98 268/559
92 98 97 115/803
93 98 98 104/215
93 98 97 107/561
94 98 98 451/925
94 98 97 80/579
95 98 98 190/387
95 98 97 41/194
96 98 98 445/901
96 98 97 109/909
97 98 98 343/691
97 98 97 191/761
98 98 98 315/632
98 98 97 61/974
72 99 99 282/863
72 99 98 110/497
73 99 99 245/733
73 99 98 220/949
74 99 99 256/761
74 99 98 164/673
75 99 99 213/619
75 99 98 188/741
76 99 99 272/787
76 99 98 48/181
77 99 99 353/998
77 99 98 199/724
78 99 99 296/835
78 99 98 252/881
79 99 99 73/201
79 99 98 99/335
80 99 99 191/526
80 99 98 99/323
81 99 99 350/939
81 99 98 61/193
82 99 99 236/635
82 99 98 327/1000
83 99 99 106/277
83 99 98 30/89
84 99 99 205/539
84 99 98 164/471
85 99 99 316/803
85 99 98 297/826
86 99 99 321/824
86 99 98 353/951
87 99 99 288/709
87 99 98 324/841
88 99 99 2/5
88 99 98 306/769
89 99 99 335/793
89 99 98 306/733
90 99 99 397/961
90 99 98 337/780
91 99 99 358/803
91 99 98 320/691
92 99 99 186/431
92 99 98 141/293
93 99 99 479/988
93 99 98 216/401
94 99 99 432/935
94 99 98 421/747
95 99 99 431/827
95 99 98 533/891
96 99 99 127/265
96 99 98 436/689
97 99 99 653/981
97 99 98 757/871
98 99 99 121/205
98 99 98 609/634
99 99 99 223/413
99 99 98 379/869
54 100 100 121/920
54 100 99 41/870
55 100 100 134/983
55 100 99 28/577
56 100 100 72/509
56 100 99 49/981
57 100 100 85/582
57 100 99 51/994
58 100 100 77/510
58 100 99 52/987
59 100 100 135/869
59 100 99 17/315
60 100 100 126/787
60 100 99 23/416
61 100 100 147/895
61 100 99 16/283
62 100 100 157/930
62 100 99 10/173
63 100 100 109/631
63 100 99 19/322
64 100 100 172/971
64 100 99 58/963
65 100 100 117/647
65 100 99 31/505
66 100 100 166/897
66 100 99 62/991
67 100 100 171/907
67 100 99 27/424
68 100 100 26/135
68 100 99 7/108
69 100 100 47/240
69 100 99 57/865
70 100 100 158/791
70 100 99 57/851
71 100 100 147/725
71 100 99 56/823
72 100 100 196/949
72 100 99 19/275
73 100 100 9/43
73 100 99 31/442
74 100 100 194/911
74 100 99 55/773
75 100 100 164/761
75 100 99 47/651
76 100 100 23/105
76 100 99 3/41
77 100 100 201/908
77 100 99 62/835
78 100 100 96/427
78 100 99 71/944
79 100 100 150/661
79 100 99 61/799
80 100 100 208/903
80 100 99 16/207
81 100 100 219/943
81 100 99 56/713
82 100 100 115/488
82 100 99 50/629
83 100 100 47/198
83 100 99 48/593
84 100 100 211/876
84 100 99 77/940
85 100 100 153/631
85 100 99 18/215
86 100 100 16/65
86 100 99 5/59
87 100 100 221/892
87 100 99 87/998
88 100 100 209/830
88 100 99 83/940
89 100 100 224/883
89 100 99 26/283
90 100 100 208/805
90 100 99 56/601
91 100 100 76/291
91 100 99 99/1000
92 100 100 90/337
92 100 99 63/626
93 100 100 88/323
93 100 99 44/395
94 100 100 55/196
94 100 99 99/871
95 100 100 177/602
95 100 99 101/736
96 100 100 206/671
96 100 99 139/987
97 100 100 311/945
97 100 99 95/866
98 100 100 275/617
98 100 99 303/761
99 100 100 211/452
99 100 99 410/939
100 100 100 444/755
100 100 99 81/992
