# UNIF(n=79,lo,hi): D_ren + dipoles; lines "lo hi level amplitude" for the corrected intervals
65 65 65 63/647
65 65 64 -1/272
66 66 66 14/117
66 66 65 45/464
67 67 67 109/814
67 67 66 4/483
68 68 68 143/927
68 68 67 7/51
69 69 69 37/208
69 69 68 19/940
68 70 70 167/961
68 70 69 109/651
70 70 70 22/113
70 70 69 155/867
69 71 71 176/863
69 71 70 29/975
71 71 71 49/573
71 71 70 -61/888
68 72 72 125/531
68 72 71 151/570
70 72 72 67/799
70 72 71 -43/933
71 72 72 19/663
71 72 71 -1/194
72 72 72 85/956
72 72 71 -67/859
67 73 73 248/965
67 73 72 46/875
69 73 73 247/866
69 73 72 57/886
70 73 73 287/965
70 73 72 19/141
71 73 73 267/866
71 73 72 13/198
72 73 73 296/931
72 73 72 76/445
73 73 73 262/803
73 73 72 34/727
66 74 74 83/238
66 74 73 303/676
67 74 74 5/14
67 74 73 398/771
68 74 74 112/307
68 74 73 404/859
69 74 74 74/199
69 74 73 171/307
70 74 74 132/349
70 74 73 419/872
71 74 74 339/883
71 74 73 259/430
72 74 74 387/995
72 74 73 8/17
73 74 74 333/860
73 74 73 433/662
74 74 74 64/499
74 74 73 -71/577
62 75 75 311/789
62 75 74 91/869
63 75 75 355/873
63 75 74 43/433
64 75 75 392/937
64 75 74 1/8
65 75 75 82/191
65 75 74 89/780
66 75 75 407/926
66 75 74 91/632
67 75 75 22/49
67 75 74 93/742
68 75 75 373/815
68 75 74 145/893
69 75 75 379/814
69 75 74 119/902
70 75 75 443/937
70 75 74 2/11
71 75 75 219/457
71 75 74 106/807
72 75 75 449/926
72 75 74 110/533
73 75 75 24/49
73 75 74 19/163
74 75 75 245/496
74 75 74 125/502
75 75 75 94/189
75 75 74 47/761
56 76 76 308/925
56 76 75 233/981
57 76 76 155/462
57 76 75 183/722
58 76 76 252/725
58 76 75 177/661
59 76 76 292/837
59 76 75 262/925
60 76 76 306/845
60 76 75 264/887
61 76 76 249/688
61 76 75 117/374
62 76 76 333/883
62 76 75 291/887
63 76 76 3/8
63 76 75 343/999
64 76 76 290/737
64 76 75 328/909
65 76 76 205/527
65 76 75 304/807
66 76 76 287/695
66 76 75 311/779
67 76 76 401/990
67 76 75 412/989
68 76 76 292/665
68 76 75 402/893
69 76 76 383/899
69 76 75 465/988
70 76 76 453/943
70 76 75 255/481
71 76 76 393/857
71 76 75 44/79
72 76 76 436/841
72 76 75 67/113
73 76 76 368/771
73 76 75 39/62
74 76 76 260/391
74 76 75 539/621
75 76 76 467/792
75 76 75 899/937
76 76 76 401/743
76 76 75 342/785
42 77 77 121/894
42 77 76 41/841
43 77 77 71/500
43 77 76 38/751
44 77 77 17/115
44 77 76 43/821
45 77 77 138/895
45 77 76 17/314
46 77 77 148/927
46 77 76 32/573
47 77 77 59/356
47 77 76 21/365
48 77 77 157/919
48 77 76 59/997
49 77 77 62/351
49 77 76 51/839
50 77 77 150/827
50 77 76 32/513
51 77 77 20/107
51 77 76 31/485
52 77 77 189/988
52 77 76 62/947
53 77 77 185/941
53 77 76 16/239
54 77 77 194/967
54 77 76 5/73
55 77 77 137/666
55 77 76 36/515
56 77 77 143/683
56 77 76 71/993
57 77 77 3/14
57 77 76 63/865
58 77 77 131/602
58 77 76 68/913
59 77 77 149/670
59 77 76 47/620
60 77 77 181/803
60 77 76 60/773
61 77 77 194/843
61 77 76 76/963
62 77 77 177/760
62 77 76 80/987
63 77 77 135/568
63 77 76 80/971
64 77 77 31/129
64 77 76 4/47
65 77 77 118/481
65 77 76 41/474
66 77 77 228/919
66 77 76 14/155
67 77 77 227/895
67 77 76 44/479
68 77 77 224/871
68 77 76 79/807
69 77 77 249/944
69 77 76 36/361
70 77 77 75/278
70 77 76 27/244
71 77 77 188/675
71 77 76 83/734
72 77 77 274/937
72 77 76 74/541
73 77 77 89/291
73 77 76 77/548
74 77 77 307/935
74 77 76 95/868
75 77 77 348/781
75 77 76 85/213
76 77 77 457/978
76 77 76 335/768
77 77 77 10/17
77 77 76 70/859
