# UNIF(n=86,lo,hi): D_ren + dipoles; lines "lo hi level amplitude" for the corrected intervals
71 71 71 83/887
71 71 70 57/886
72 72 72 81/775
72 72 71 1/476
73 73 73 1/8
73 73 72 47/448
74 74 74 120/863
74 74 73 1/80
75 75 75 141/896
75 75 74 137/967
74 76 76 17/181
74 76 75 -19/915
76 76 76 179/987
76 76 75 15/649
75 77 77 76/419
75 77 76 79/442
77 77 77 95/483
77 77 76 95/523
74 78 78 78/439
74 78 77 9/365
76 78 78 189/895
76 78 77 21/584
78 78 78 77/920
78 78 77 -13/187
75 79 79 109/448
75 79 78 226/817
77 79 79 53/643
77 79 78 -30/593
78 79 79 1/36
78 79 78 -3/377
79 79 79 10/113
79 79 78 -18/227
74 80 80 209/777
74 80 79 60/947
75 80 80 103/366
75 80 79 17/149
76 80 80 77/263
76 80 79 17/239
77 80 80 297/980
77 80 79 112/801
78 80 80 153/490
78 80 79 42/607
79 80 80 288/899
79 80 79 87/503
80 80 80 312/953
80 80 79 31/649
71 81 81 119/349
71 81 80 409/944
72 81 81 125/358
72 81 80 488/999
73 81 81 289/810
73 81 80 40/87
74 81 81 155/426
74 81 80 376/715
75 81 81 367/991
75 81 80 472/987
76 81 81 295/784
76 81 80 209/371
77 81 81 79/207
77 81 80 183/377
78 81 81 325/841
78 81 80 163/269
79 81 81 109/279
79 81 80 448/947
80 81 81 40/103
80 81 80 381/581
81 81 81 304/879
81 81 80 260/833
68 82 82 221/553
68 82 81 99/991
69 82 82 99/241
69 82 81 113/933
70 82 82 265/629
70 82 81 19/167
71 82 82 307/712
71 82 81 125/908
72 82 82 377/856
72 82 81 1/8
73 82 82 436/971
73 82 81 48/313
74 82 82 85/186
74 82 81 99/743
75 82 82 462/995
75 82 81 149/882
76 82 82 463/983
76 82 81 7/51
77 82 82 52/109
77 82 81 157/844
78 82 82 413/856
78 82 81 58/431
79 82 82 325/667
79 82 81 158/757
80 82 82 457/930
80 82 81 28/237
81 82 82 437/883
81 82 81 1/4
82 82 82 335/673
82 82 81 59/949
61 83 83 167/499
61 83 82 175/759
62 83 83 31/92
62 83 82 103/420
63 83 83 143/412
63 83 82 8/31
64 83 83 316/907
64 83 82 266/977
65 83 83 281/782
65 83 82 247/867
66 83 83 206/573
66 83 82 239/800
67 83 83 71/191
67 83 82 110/353
68 83 83 269/726
68 83 82 286/879
69 83 83 172/447
69 83 82 115/339
70 83 83 370/969
70 83 82 302/855
71 83 83 280/701
71 83 82 109/295
72 83 83 54/137
72 83 82 151/393
73 83 83 389/932
73 83 82 114/281
74 83 83 204/499
74 83 82 241/571
75 83 83 379/857
75 83 82 201/442
76 83 83 3/7
76 83 82 324/683
77 83 83 55/114
77 83 82 209/392
78 83 83 341/741
78 83 82 547/978
79 83 83 211/406
79 83 82 69/116
80 83 83 417/872
80 83 82 365/579
81 83 83 463/696
81 83 82 757/872
82 83 83 259/439
82 83 82 599/624
83 83 83 271/502
83 83 82 418/959
46 84 84 83/618
46 84 83 23/477
47 84 84 41/293
47 84 83 47/942
48 84 84 20/137
48 84 83 18/349
49 84 84 87/575
49 84 83 51/959
50 84 84 63/401
50 84 83 4/73
51 84 84 160/987
51 84 83 4/71
52 84 84 28/167
52 84 83 29/501
53 84 84 91/528
53 84 83 51/859
54 84 84 35/197
54 84 83 53/871
55 84 84 152/835
55 84 83 55/883
56 84 84 93/497
56 84 83 63/989
57 84 84 13/68
57 84 83 36/553
58 84 84 149/760
58 84 83 62/933
59 84 84 192/961
59 84 83 66/973
60 84 84 64/313
60 84 83 43/622
61 84 84 100/481
61 84 83 11/156
62 84 84 154/725
62 84 83 61/850
63 84 84 136/631
63 84 83 3/41
64 84 84 53/241
64 84 83 34/457
65 84 84 143/642
65 84 83 63/830
66 84 84 225/991
66 84 83 67/869
67 84 84 197/858
67 84 83 13/165
68 84 84 69/295
68 84 83 79/988
69 84 84 159/673
69 84 83 51/622
70 84 84 148/615
70 84 83 59/709
71 84 84 103/424
71 84 83 63/734
72 84 84 103/416
72 84 83 44/505
73 84 84 1/4
73 84 83 1/11
74 84 84 253/991
74 84 83 89/964
75 84 84 98/379
75 84 83 40/407
76 84 84 71/268
76 84 83 1/10
77 84 84 49/181
77 84 83 62/559
78 84 84 179/641
78 84 83 110/971
79 84 84 167/570
79 84 83 119/869
80 84 84 49/160
80 84 83 9/64
81 84 84 116/353
81 84 83 85/776
82 84 84 377/846
82 84 83 254/637
83 84 84 71/152
83 84 83 151/346
84 84 84 517/879
84 84 83 27/331
