# UNIF(n=107,lo,hi): D_ren + dipoles; lines "lo hi level amplitude" for the corrected intervals
89 89 89 64/925
89 89 88 -4/651
90 90 90 83/990
90 90 89 50/823
91 91 91 69/748
91 91 90 2/999
92 92 92 102/947
92 92 91 91/1000
93 93 93 97/821
93 93 92 8/795
94 94 94 25/188
94 94 93 103/856
93 95 95 8/97
93 95 94 -15/946
95 95 95 46/309
95 95 94 16/875
94 96 96 85/606
94 96 95 76/583
96 96 96 137/849
96 96 95 34/227
95 97 97 20/253
95 97 96 -26/815
97 97 97 97/516
97 97 96 19/702
94 98 98 131/754
94 98 97 37/203
96 98 98 153/781
96 98 97 83/400
98 98 98 50/251
98 98 97 145/776
95 99 99 12/59
95 99 98 6/149
97 99 99 218/969
97 99 98 9/203
98 99 99 97/414
98 99 98 84/647
99 99 99 73/903
99 99 98 -56/781
94 100 100 155/638
94 100 99 201/691
95 100 100 191/761
95 100 99 222/593
96 100 100 185/716
96 100 99 239/777
97 100 100 219/826
97 100 99 163/391
98 100 100 5/64
98 100 99 -53/920
99 100 100 20/797
99 100 99 -7/568
100 100 100 76/871
100 100 99 -27/332
91 101 101 179/708
91 101 100 47/805
93 101 101 222/811
93 101 100 67/959
94 101 101 126/445
94 101 100 72/671
95 101 101 190/651
95 101 100 26/335
96 101 101 242/807
96 101 100 80/637
97 101 101 286/931
97 101 100 56/699
98 101 101 134/427
98 101 100 131/894
99 101 101 149/466
99 101 100 13/176
100 101 101 259/797
100 101 100 147/836
101 101 101 315/956
101 101 100 8/163
90 102 102 227/648
90 102 101 419/910
91 102 102 336/943
91 102 101 380/757
92 102 102 333/920
92 102 101 93/194
93 102 102 343/934
93 102 101 440/833
94 102 102 310/833
94 102 101 229/464
95 102 102 249/661
95 102 101 343/619
96 102 102 283/743
96 102 101 178/355
97 102 102 312/811
97 102 101 533/916
98 102 102 269/693
98 102 101 1/2
99 102 102 385/984
99 102 101 82/133
100 102 102 223/566
100 102 101 379/789
101 102 102 30/77
101 102 101 110/167
102 102 102 115/902
102 102 101 -93/746
84 103 103 116/295
84 103 102 90/887
85 103 103 229/569
85 103 102 99/986
86 103 103 51/124
86 103 102 52/449
87 103 103 115/274
87 103 102 9/80
88 103 103 358/837
88 103 102 58/449
89 103 103 249/572
89 103 102 87/707
90 103 103 304/687
90 103 102 120/847
91 103 103 31/69
91 103 102 105/796
92 103 103 113/248
92 103 102 37/241
93 103 103 457/990
93 103 102 112/807
94 103 103 391/837
94 103 102 141/854
95 103 103 230/487
95 103 102 68/475
96 103 103 280/587
96 103 102 121/683
97 103 103 425/883
97 103 102 19/132
98 103 103 361/744
98 103 102 22/115
99 103 103 238/487
99 103 102 14/101
100 103 103 479/974
100 103 102 69/326
101 103 103 223/451
101 103 102 114/949
102 103 103 378/761
102 103 102 169/673
103 103 103 347/696
103 103 102 21/335
76 104 104 258/787
76 104 103 49/216
77 104 104 256/775
77 104 103 154/647
78 104 104 133/394
78 104 103 239/966
79 104 104 202/595
79 104 103 55/213
80 104 104 339/977
80 104 103 97/363
81 104 104 132/379
81 104 103 228/821
82 104 104 343/963
82 104 103 57/199
83 104 104 335/939
83 104 103 278/937
84 104 104 61/167
84 104 103 167/547
85 104 104 311/852
85 104 103 241/764
86 104 104 88/235
86 104 103 296/913
87 104 104 184/493
87 104 103 320/957
88 104 104 169/440
88 104 103 342/995
89 104 104 195/511
89 104 103 17/48
90 104 104 384/973
90 104 103 347/951
91 104 104 298/763
91 104 103 53/141
92 104 104 46/113
92 104 103 359/922
93 104 104 398/993
93 104 103 161/401
94 104 104 421/995
94 104 103 172/409
95 104 104 333/805
95 104 103 153/352
96 104 104 295/661
96 104 103 67/144
97 104 104 422/977
97 104 103 455/942
98 104 104 375/773
98 104 103 485/898
99 104 104 49/106
99 104 103 48/85
100 104 104 232/445
100 104 103 257/429
101 104 104 93/194
101 104 103 273/431
102 104 104 480/721
102 104 103 853/981
103 104 104 520/881
103 104 103 904/941
104 104 104 223/413
104 104 103 434/995
56 105 105 62/475
56 105 104 27/577
57 105 105 81/598
57 105 104 38/789
58 105 105 34/243
58 105 104 32/647
59 105 105 125/864
59 105 104 13/256
60 105 105 7/47
60 105 104 32/615
61 105 105 115/749
61 105 104 25/469
62 105 105 29/184
62 105 104 29/532
63 105 105 35/216
63 105 104 50/897
64 105 105 73/440
64 105 104 47/826
65 105 105 89/523
65 105 104 37/637
66 105 105 113/650
66 105 104 46/777
67 105 105 113/635
67 105 104 7/116
68 105 105 84/463
68 105 104 32/521
69 105 105 175/944
69 105 104 1/16
70 105 105 113/599
70 105 104 15/236
71 105 105 148/769
71 105 104 21/325
72 105 105 131/670
72 105 104 21/320
73 105 105 148/743
73 105 104 1/15
74 105 105 197/975
74 105 104 33/488
75 105 105 125/608
75 105 104 59/860
76 105 105 96/461
76 105 104 8/115
77 105 105 127/600
77 105 104 61/865
78 105 105 173/808
78 105 104 71/993
79 105 105 217/998
79 105 104 43/594
80 105 105 105/478
80 105 104 49/668
81 105 105 146/655
81 105 104 47/633
82 105 105 83/369
82 105 104 31/412
83 105 105 99/434
83 105 104 22/289
84 105 105 43/187
84 105 104 68/881
85 105 105 100/429
85 105 104 37/474
86 105 105 204/869
86 105 104 71/896
87 105 105 212/891
87 105 104 77/961
88 105 105 17/71
88 105 104 71/871
89 105 105 25/103
89 105 104 53/643
90 105 105 83/340
90 105 104 83/986
91 105 105 233/941
91 105 104 43/505
92 105 105 194/779
92 105 104 73/834
93 105 105 238/941
93 105 104 7/79
94 105 105 247/970
94 105 104 75/814
95 105 105 169/652
95 105 104 17/182
96 105 105 116/443
96 105 104 86/867
97 105 105 167/624
97 105 104 38/377
98 105 105 143/524
98 105 104 91/816
99 105 105 127/452
99 105 104 62/545
100 105 105 98/333
100 105 104 113/823
101 105 105 145/472
101 105 104 133/944
102 105 105 107/325
102 105 104 107/975
103 105 105 193/433
103 105 104 359/902
104 105 105 393/842
104 105 104 417/955
105 105 105 207/352
105 105 104 73/894
