# UNIF(n=189,lo,hi): D_ren + dipoles; lines "lo hi level amplitude" for the corrected intervals
163 163 163 15/311
163 163 162 -3/910
164 164 164 27/874
164 164 163 -1/258
165 165 165 56/949
165 165 164 1/1000
166 166 166 31/991
166 166 165 -7/824
167 167 167 6/85
167 167 166 3/680
168 168 168 31/963
168 168 167 -10/753
169 169 169 1/12
169 169 168 8/965
170 170 170 85/929
170 170 169 39/470
171 171 171 56/573
171 171 170 7/570
170 172 172 1/12
170 172 171 55/812
172 172 172 55/521
172 172 171 83/842
171 173 173 71/775
171 173 172 7/965
173 173 173 63/550
173 173 172 14/849
172 174 174 92/859
172 174 173 1/10
174 174 174 115/947
174 174 173 43/374
171 175 175 97/994
171 175 174 1/114
173 175 175 101/860
173 175 174 12/715
175 175 175 22/163
175 175 174 7/332
172 176 176 62/519
172 176 175 7/59
174 176 176 117/869
174 176 175 107/783
176 176 176 136/963
176 176 175 91/675
173 177 177 2/15
173 177 176 19/802
175 177 177 47/860
175 177 176 -22/659
177 177 177 85/528
177 177 176 1/38
172 178 178 87/598
172 178 177 104/655
174 178 178 157/995
174 178 177 22/127
176 178 178 134/795
176 178 177 90/497
177 178 178 82/473
177 178 177 260/891
178 178 178 71/425
178 178 177 67/419
171 179 179 8/53
171 179 178 1/31
173 179 179 124/753
173 179 178 25/661
175 179 179 99/560
175 179 178 19/467
176 179 179 158/867
176 179 178 11/119
177 179 179 38/639
177 179 178 -35/788
178 179 179 7/431
178 179 178 -5/748
179 179 179 133/678
179 179 178 24/737
170 180 180 154/863
170 180 179 189/895
172 180 180 159/841
172 180 179 45/199
173 180 180 134/691
173 180 179 77/271
174 180 180 79/398
174 180 179 173/730
175 180 180 44/217
175 180 179 160/519
176 180 180 190/919
176 180 179 105/433
177 180 180 117/556
177 180 179 99/296
178 180 180 164/767
178 180 179 49/204
179 180 180 159/733
179 180 179 308/841
180 180 180 101/498
180 180 179 158/817
169 181 181 149/764
169 181 180 49/968
171 181 181 203/981
171 181 180 3/53
172 181 181 89/419
172 181 180 79/942
173 181 181 151/694
173 181 180 12/197
174 181 181 117/526
174 181 180 55/584
175 181 181 175/771
175 181 180 51/809
176 181 181 163/705
176 181 180 61/579
177 181 181 79/336
177 181 180 44/709
178 181 181 217/909
178 181 180 26/219
179 181 181 197/814
179 181 180 45/803
180 181 181 110/449
180 181 180 131/955
181 181 181 39/506
181 181 180 -64/863
166 182 182 41/534
166 182 181 -5/996
168 182 182 31/424
168 182 181 -5/353
169 182 182 19/305
169 182 181 -8/859
170 182 182 48/685
170 182 181 -12/527
171 182 182 42/731
171 182 181 -14/901
172 182 182 45/664
172 182 181 -16/517
173 182 182 52/989
173 182 181 -18/875
174 182 182 49/738
174 182 181 -7/180
175 182 182 13/274
175 182 181 -5/207
176 182 182 37/136
176 182 181 295/854
177 182 182 92/335
177 182 181 332/793
178 182 182 195/704
178 182 181 338/987
179 182 182 261/935
179 182 181 187/422
180 182 182 34/463
180 182 181 -61/912
181 182 182 10/451
181 182 181 -4/221
182 182 182 81/943
182 182 181 -73/869
163 183 183 257/985
163 183 182 43/603
164 183 183 213/799
164 183 182 67/798
165 183 183 250/919
165 183 182 45/574
166 183 183 150/541
166 183 182 37/401
167 183 183 199/705
167 183 182 16/189
168 183 183 153/533
168 183 182 51/509
169 183 183 233/799
169 183 182 9/100
170 183 183 256/865
170 183 182 103/955
171 183 183 298/993
171 183 182 81/859
172 183 183 69/227
172 183 182 3/26
173 183 183 307/998
173 183 182 40/411
174 183 183 247/794
174 183 182 74/601
175 183 183 314/999
175 183 182 98/993
176 183 183 317/999
176 183 182 5/38
177 183 183 137/428
177 183 182 88/901
178 183 183 141/437
178 183 182 56/395
179 183 183 13/40
179 183 182 32/345
180 183 183 35/107
180 183 182 141/904
181 183 183 278/845
181 183 182 44/547
182 183 183 289/874
182 183 182 93/517
183 183 183 181/545
183 183 182 19/373
158 184 184 225/652
158 184 183 443/965
159 184 184 243/697
159 184 183 66/139
160 184 184 307/872
160 184 183 264/559
161 184 184 317/892
161 184 183 372/761
162 184 184 251/700
162 184 183 171/353
163 184 184 315/871
163 184 183 362/721
164 184 184 237/650
164 184 183 437/882
165 184 184 323/879
165 184 183 475/923
166 184 184 77/208
166 184 183 142/281
167 184 184 85/228
167 184 183 367/697
168 184 184 307/818
168 184 183 424/825
169 184 184 281/744
169 184 183 163/303
170 184 184 163/429
170 184 183 37/71
171 184 184 316/827
171 184 183 263/479
172 184 184 310/807
172 184 183 435/826
173 184 184 227/588
173 184 183 391/698
174 184 184 313/807
174 184 183 97/183
175 184 184 365/937
175 184 183 386/675
176 184 184 88/225
176 184 183 511/963
177 184 184 95/242
177 184 183 134/229
178 184 184 297/754
178 184 183 402/763
179 184 184 81/205
179 184 183 483/802
180 184 184 21/53
180 184 183 216/419
181 184 184 114/287
181 184 183 593/944
182 184 184 166/417
182 184 183 482/987
183 184 184 157/401
183 184 183 569/859
184 184 184 17/134
184 184 183 -49/389
149 185 185 277/700
149 185 184 88/889
150 185 185 180/449
150 185 184 60/569
151 185 185 41/101
151 185 184 79/742
152 185 185 53/129
152 185 184 112/991
153 185 185 372/895
153 185 184 73/643
154 185 185 29/69
154 185 184 22/183
155 185 185 291/685
155 185 184 109/907
156 185 185 385/897
156 185 184 100/787
157 185 185 316/729
157 185 184 34/269
158 185 185 277/633
158 185 184 39/292
159 185 185 431/976
159 185 184 76/575
160 185 185 388/871
160 185 184 89/637
161 185 185 84/187
161 185 184 11/80
162 185 185 355/784
162 185 184 131/900
163 185 185 287/629
163 185 184 124/871
164 185 185 387/842
164 185 184 76/503
165 185 185 330/713
165 185 184 65/443
166 185 185 458/983
166 185 184 124/793
167 185 185 128/273
167 185 184 95/631
168 185 185 458/971
168 185 184 118/731
169 185 185 472/995
169 185 184 153/995
170 185 185 31/65
170 185 184 84/505
171 185 185 267/557
171 185 184 78/499
172 185 185 433/899
172 185 184 156/911
173 185 185 254/525
173 185 184 88/557
174 185 185 326/671
174 185 184 149/845
175 185 185 378/775
175 185 184 146/921
176 185 185 70/143
176 185 184 91/500
177 185 185 111/226
177 185 184 17/108
178 185 185 302/613
178 185 184 175/926
179 185 185 207/419
179 185 184 119/775
180 185 185 105/212
180 185 184 182/915
181 185 185 482/971
181 185 184 119/824
182 185 185 474/953
182 185 184 87/403
183 185 185 422/847
183 185 184 38/309
184 185 185 238/477
184 185 184 248/981
185 185 185 499/999
185 185 184 30/473
133 186 186 317/992
133 186 185 4/19
134 186 186 235/728
134 186 185 101/468
135 186 186 288/887
135 186 185 53/239
136 186 186 302/921
136 186 185 191/842
137 186 186 239/725
137 186 185 221/950
138 186 186 227/682
138 186 185 195/821
139 186 186 199/595
139 186 185 222/913
140 186 186 288/853
140 186 185 86/347
141 186 186 216/637
141 186 185 19/75
142 186 186 115/336
142 186 185 206/799
143 186 186 291/847
143 186 185 5/19
144 186 186 112/323
144 186 185 199/744
145 186 186 255/733
145 186 185 3/11
146 186 186 112/319
146 186 185 111/401
147 186 186 257/730
147 186 185 53/188
148 186 186 97/273
148 186 185 285/997
149 186 186 287/806
149 186 185 73/251
150 186 186 170/473
150 186 185 147/499
151 186 186 356/989
151 186 185 59/197
152 186 186 278/765
152 186 185 177/584
153 186 186 335/921
153 186 185 214/695
154 186 186 328/893
154 186 185 85/273
155 186 186 356/969
155 186 185 49/155
156 186 186 337/908
156 186 185 307/961
157 186 186 355/957
157 186 185 71/219
158 186 186 3/8
158 186 185 37/113
159 186 186 337/900
159 186 185 97/292
160 186 186 364/961
160 186 185 109/325
161 186 186 342/905
161 186 185 281/826
162 186 186 137/358
162 186 185 193/562
163 186 186 172/451
163 186 185 325/933
164 186 186 181/468
164 186 185 300/853
165 186 186 286/743
165 186 185 309/866
166 186 186 185/473
166 186 185 270/749
167 186 186 281/723
167 186 185 221/604
168 186 186 375/947
168 186 185 57/154
169 186 186 313/797
169 186 185 47/125
170 186 186 337/839
170 186 185 61/160
171 186 186 271/682
171 186 185 235/606
172 186 186 367/898
172 186 185 229/580
173 186 186 380/943
173 186 185 68/169
174 186 186 349/835
174 186 185 203/492
175 186 186 16/39
175 186 185 393/932
176 186 186 395/916
176 186 185 289/660
177 186 186 45/107
177 186 185 395/879
178 186 186 33/73
178 186 185 181/379
179 186 186 424/971
179 186 185 143/290
180 186 186 419/857
180 186 185 347/633
181 186 186 408/877
181 186 185 390/683
182 186 186 409/781
182 186 185 386/639
183 186 186 203/422
183 186 185 479/752
184 186 186 665/998
184 186 185 681/782
185 186 186 267/452
185 186 185 577/600
186 186 186 74/137
186 186 185 210/481
99 187 187 125/959
99 187 186 33/713
100 187 187 121/910
100 187 186 15/319
101 187 187 100/737
101 187 186 29/607
102 187 187 137/991
102 187 186 21/433
103 187 187 134/951
103 187 186 29/589
104 187 187 75/523
104 187 186 42/841
105 187 187 139/952
105 187 186 42/829
106 187 187 148/997
106 187 186 19/370
107 187 187 114/755
107 187 186 24/461
108 187 187 123/802
108 187 186 28/531
109 187 187 149/956
109 187 186 39/730
110 187 187 152/961
110 187 186 53/980
111 187 187 53/330
111 187 186 19/347
112 187 187 121/743
112 187 186 19/343
113 187 187 96/581
113 187 186 56/999
114 187 187 149/890
114 187 186 14/247
115 187 187 46/271
115 187 186 9/157
116 187 187 171/995
116 187 186 42/725
117 187 187 136/781
117 187 186 53/905
118 187 187 37/210
118 187 186 53/896
119 187 187 157/880
119 187 186 26/435
120 187 187 81/449
120 187 186 7/116
121 187 187 111/608
121 187 186 22/361
122 187 187 119/645
122 187 186 50/813
123 187 187 170/911
123 187 186 47/757
124 187 187 85/451
124 187 186 61/974
125 187 187 177/929
125 187 186 62/981
126 187 187 5/26
126 187 186 13/204
127 187 187 48/247
127 187 186 9/140
128 187 187 189/964
128 187 186 30/463
129 187 187 20/101
129 187 186 59/903
130 187 187 128/641
130 187 186 58/881
131 187 187 101/501
131 187 186 44/663
132 187 187 89/438
132 187 186 25/374
133 187 187 138/673
133 187 186 58/861
134 187 187 69/334
134 187 186 39/575
135 187 187 134/643
135 187 186 63/922
136 187 187 183/872
136 187 186 13/189
137 187 187 91/430
137 187 186 39/563
138 187 187 193/906
138 187 186 55/789
139 187 187 67/312
139 187 186 69/983
140 187 187 121/560
140 187 186 68/963
141 187 187 211/969
141 187 186 29/408
142 187 187 189/863
142 187 186 71/993
143 187 187 171/775
143 187 186 69/959
144 187 187 63/284
144 187 186 28/387
145 187 187 185/828
145 187 186 19/261
146 187 187 86/383
146 187 186 71/970
147 187 187 168/743
147 187 186 67/910
148 187 187 169/744
148 187 186 43/581
149 187 187 110/481
149 187 186 53/712
150 187 187 206/897
150 187 186 71/949
151 187 187 224/969
151 187 186 24/319
152 187 187 139/599
152 187 186 40/529
153 187 187 181/775
153 187 186 72/947
154 187 187 221/943
154 187 186 23/301
155 187 187 229/971
155 187 186 59/768
156 187 187 185/782
156 187 186 62/803
157 187 187 234/983
157 187 186 77/992
158 187 187 206/863
158 187 186 38/487
159 187 187 202/841
159 187 186 4/51
160 187 187 215/893
160 187 186 28/355
161 187 187 196/809
161 187 186 67/845
162 187 187 151/622
162 187 186 69/865
163 187 187 43/176
163 187 186 32/399
164 187 187 151/617
164 187 186 13/161
165 187 187 169/686
165 187 186 79/973
166 187 187 243/985
166 187 186 73/892
167 187 187 79/318
167 187 186 27/328
168 187 187 145/583
168 187 186 65/782
169 187 187 105/419
169 187 186 68/813
170 187 187 220/877
170 187 186 73/862
171 187 187 64/253
171 187 186 11/129
172 187 187 214/845
172 187 186 47/542
173 187 187 213/833
173 187 186 52/595
174 187 187 198/773
174 187 186 81/905
175 187 187 64/247
175 187 186 85/941
176 187 187 176/677
176 187 186 22/235
177 187 187 24/91
177 187 186 71/750
178 187 187 123/463
178 187 186 40/399
179 187 187 88/325
179 187 186 67/659
180 187 187 203/737
180 187 186 56/499
181 187 187 221/781
181 187 186 103/901
182 187 187 205/693
182 187 186 23/167
183 187 187 267/866
183 187 186 73/517
184 187 187 65/197
184 187 186 65/591
185 187 187 177/397
185 187 186 334/841
186 187 187 436/935
186 187 186 111/254
187 187 187 341/580
187 187 186 75/917
