# UNIF(n=87,lo,hi): D_ren + dipoles; lines "lo hi level amplitude" for the corrected intervals
71 71 71 59/783
71 71 70 -8/883
72 72 72 12/127
72 72 71 51/751
73 73 73 41/389
73 73 72 1/608
74 74 74 68/541
74 74 73 27/251
75 75 75 107/766
75 75 74 11/905
76 76 76 122/777
76 76 75 80/563
75 77 77 14/149
75 77 76 -19/845
77 77 77 2/11
77 77 76 15/656
76 78 78 163/894
76 78 77 47/257
78 78 78 188/957
78 78 77 181/995
75 79 79 125/697
75 79 78 17/720
77 79 79 116/547
77 79 78 4/113
79 79 79 75/896
79 79 78 -19/272
76 80 80 235/962
76 80 79 240/853
78 80 80 81/992
78 80 79 -37/732
79 80 80 23/843
79 80 79 -7/883
80 80 80 76/861
80 80 79 -31/391
75 81 81 76/281
75 81 80 17/273
76 81 81 13/46
76 81 80 6/53
77 81 81 42/143
77 81 80 41/582
78 81 81 154/507
78 81 80 118/847
79 81 81 86/275
79 81 80 55/799
80 81 81 59/184
80 81 80 90/521
81 81 81 263/803
81 81 80 47/986
72 82 82 241/704
72 82 81 440/997
73 82 82 158/451
73 82 81 488/985
74 82 82 200/559
74 82 81 156/335
75 82 82 349/957
75 82 81 491/925
76 82 82 292/787
76 82 81 177/367
77 82 82 361/958
77 82 81 451/796
78 82 82 311/814
78 82 81 424/869
79 82 82 292/755
79 82 81 265/436
80 82 82 249/637
80 82 81 453/955
81 82 82 144/371
81 82 81 627/956
82 82 82 27/211
82 82 81 -35/283
69 83 83 248/617
69 83 82 73/748
70 83 83 45/109
70 83 82 5/42
71 83 83 421/995
71 83 82 104/929
72 83 83 177/409
72 83 82 63/463
73 83 83 148/335
73 83 82 93/752
74 83 83 348/773
74 83 82 7/46
75 83 83 267/583
75 83 82 73/552
76 83 83 447/961
76 83 82 39/232
77 83 83 358/759
77 83 82 28/205
78 83 83 277/580
78 83 82 23/124
79 83 83 409/847
79 83 82 86/641
80 83 83 372/763
80 83 82 94/451
81 83 83 117/238
81 83 82 117/992
82 83 83 348/703
82 83 82 249/997
83 83 83 457/918
83 83 82 51/821
62 84 84 199/598
62 84 83 37/156
63 84 84 119/355
63 84 83 237/943
64 84 84 180/521
64 84 83 193/732
65 84 84 17/49
65 84 83 38/137
66 84 84 208/581
66 84 83 227/784
67 84 84 110/307
67 84 83 296/977
68 84 84 255/688
68 84 83 311/986
69 84 84 364/985
69 84 83 313/952
70 84 84 339/883
70 84 83 166/485
71 84 84 157/412
71 84 83 163/458
72 84 84 321/805
72 84 83 280/753
73 84 84 355/902
73 84 83 90/233
74 84 84 321/770
74 84 83 361/886
75 84 84 292/715
75 84 83 374/883
76 84 84 422/955
76 84 83 57/125
77 84 84 242/565
77 84 83 454/955
78 84 84 217/450
78 84 83 55/103
79 84 84 23/50
79 84 83 411/734
80 84 84 332/639
80 84 83 253/425
81 84 84 404/845
81 84 83 234/371
82 84 84 316/475
82 84 83 337/388
83 84 84 338/573
83 84 83 503/524
84 84 84 217/402
84 84 83 350/803
46 85 85 89/666
46 85 84 39/812
47 85 85 113/809
47 85 84 43/865
48 85 85 19/131
48 85 84 43/838
49 85 85 143/948
49 85 84 19/359
50 85 85 99/635
50 85 84 36/661
51 85 85 150/929
51 85 84 55/982
52 85 85 125/752
52 85 84 48/835
53 85 85 41/239
53 85 84 25/424
54 85 85 157/892
54 85 84 59/977
55 85 85 23/127
55 85 84 61/987
56 85 85 88/475
56 85 84 52/823
57 85 85 166/873
57 85 84 63/976
58 85 85 110/567
58 85 84 45/683
59 85 85 121/609
59 85 84 26/387
60 85 85 199/984
60 85 84 52/759
61 85 85 141/682
61 85 84 3/43
62 85 85 21/100
62 85 84 61/858
63 85 85 212/989
63 85 84 65/899
64 85 85 113/520
64 85 84 68/923
65 85 85 72/325
65 85 84 25/334
66 85 85 187/834
66 85 84 29/380
67 85 85 140/613
67 85 84 76/981
68 85 85 229/992
68 85 84 36/455
69 85 85 223/949
69 85 84 46/573
70 85 85 181/763
70 85 84 32/389
71 85 85 64/265
71 85 84 58/695
72 85 85 106/435
72 85 84 53/616
73 85 85 71/286
73 85 84 75/859
74 85 85 101/403
74 85 84 74/813
75 85 85 177/692
75 85 84 87/941
76 85 85 137/529
76 85 84 49/498
77 85 85 113/426
77 85 84 73/729
78 85 85 184/679
78 85 84 101/910
79 85 85 230/823
79 85 84 79/697
80 85 85 124/423
80 85 84 10/73
81 85 85 231/754
81 85 84 137/974
82 85 85 283/861
82 85 84 55/502
83 85 85 332/745
83 85 84 356/893
84 85 85 305/653
84 85 84 24/55
85 85 85 527/896
85 85 84 65/797
