# UNIF(n=43,lo,hi): D_ren + dipoles; lines "lo hi level amplitude" for the corrected intervals
33 33 33 34/273
33 33 32 -15/896
34 34 34 87/511
34 34 33 127/934
35 35 35 59/534
35 35 34 -53/998
36 36 36 91/934
36 36 35 -41/681
35 37 37 214/863
35 37 36 19/890
37 37 37 304/983
37 37 36 28/817
36 38 38 121/334
36 38 37 321/764
37 38 38 52/139
37 38 37 17/27
38 38 38 129/976
38 38 37 -104/909
33 39 39 269/703
33 39 38 23/344
34 39 39 353/867
34 39 38 49/376
35 39 39 245/571
35 39 38 15/163
36 39 39 439/979
36 39 38 8/45
37 39 39 167/359
37 39 38 39/401
38 39 39 151/315
38 39 38 191/804
39 39 39 136/277
39 39 38 21/370
31 40 40 19/53
31 40 39 220/683
32 40 40 399/997
32 40 39 49/132
33 40 40 387/982
33 40 39 153/377
34 40 40 364/803
34 40 39 180/379
35 40 40 393/896
35 40 39 345/668
36 40 40 477/949
36 40 39 337/601
37 40 40 261/560
37 40 39 414/683
38 40 40 341/516
38 40 39 123/143
39 40 40 146/249
39 40 39 182/191
40 40 40 309/574
40 40 39 71/164
23 41 41 136/963
23 41 40 49/920
24 41 41 7/46
24 41 40 37/646
25 41 41 159/967
25 41 40 25/412
26 41 41 19/109
26 41 40 23/355
27 41 41 89/479
27 41 40 38/559
28 41 41 126/647
28 41 40 66/911
29 41 41 80/389
29 41 40 4/53
30 41 41 209/977
30 41 40 43/532
31 41 41 86/383
31 41 40 63/752
32 41 41 206/885
32 41 40 41/450
33 41 41 220/903
33 41 40 85/903
34 41 41 253/998
34 41 40 64/603
35 41 41 55/207
35 41 40 107/977
36 41 41 251/888
36 41 40 109/813
37 41 41 210/703
37 41 40 119/859
38 41 41 191/590
38 41 40 101/936
39 41 41 383/861
39 41 40 248/613
40 41 41 417/887
40 41 40 409/943
41 41 41 575/976
41 41 40 39/484
