# UNIF(n=42,lo,hi): D_ren + dipoles; lines "lo hi level amplitude" for the corrected intervals
33 33 33 59/346
33 33 32 89/683
34 34 34 87/788
34 34 33 -45/896
35 35 35 31/312
35 35 34 -50/829
34 36 36 187/767
34 36 35 24/983
36 36 36 61/198
36 36 35 28/797
35 37 37 297/824
35 37 36 275/672
36 37 37 259/689
36 37 36 327/520
37 37 37 82/241
37 37 36 3/10
34 38 38 226/531
34 38 37 49/513
35 38 38 375/841
35 38 37 174/965
36 38 38 165/356
36 38 37 77/778
37 38 38 210/439
37 38 37 47/197
38 38 38 285/581
38 38 37 56/979
30 39 39 331/914
30 39 38 103/333
31 39 39 398/987
31 39 38 305/846
32 39 39 374/943
32 39 38 27/68
33 39 39 426/935
33 39 38 380/811
34 39 39 379/861
34 39 38 442/865
35 39 39 65/129
35 39 38 461/828
36 39 39 325/696
36 39 38 254/421
37 39 39 325/492
37 39 38 799/933
38 39 39 431/734
38 39 38 547/574
39 39 39 188/349
39 39 38 352/813
23 40 40 75/529
23 40 39 44/809
24 40 40 143/922
24 40 39 51/878
25 40 40 41/247
25 40 39 1/16
26 40 40 48/269
26 40 39 6/91
27 40 40 167/887
27 40 39 13/184
28 40 40 1/5
28 40 39 17/230
29 40 40 83/397
29 40 39 55/692
30 40 40 203/921
30 40 39 49/593
31 40 40 36/157
31 40 39 54/599
32 40 40 137/569
32 40 39 7/75
33 40 40 157/625
33 40 39 73/692
34 40 40 19/72
34 40 39 52/477
35 40 40 281/999
35 40 39 127/950
36 40 40 39/131
36 40 39 133/962
37 40 40 21/65
37 40 39 7/65
38 40 40 177/398
38 40 39 197/486
39 40 40 246/523
39 40 39 56/129
40 40 40 509/864
40 40 39 44/545
