# UNIF(n=248,lo,hi): D_ren + dipoles; lines "lo hi level amplitude" for the corrected intervals
217 217 217 13/311
217 217 216 19/733
218 218 218 43/970
218 218 217 -1/1000
219 219 219 18/695
219 219 218 -4/853
220 220 220 14/269
220 220 219 1/564
221 221 221 8/305
221 221 220 -3/380
222 222 222 56/929
222 222 221 1/225
223 223 223 24/893
223 223 222 -4/357
224 224 224 65/939
224 224 223 6/839
225 225 225 19/681
225 225 224 -10/681
226 226 226 47/594
226 226 225 7/705
225 227 227 33/916
225 227 226 -1/661
227 227 227 29/987
227 227 226 -18/977
226 228 228 31/446
226 228 227 1/291
228 228 228 71/786
228 228 227 9/701
227 229 229 34/941
227 229 228 -7/887
229 229 229 69/718
229 229 228 90/991
228 230 230 57/659
228 230 229 3/307
230 230 230 71/687
230 230 229 13/815
227 231 231 38/923
227 231 230 -1/742
229 231 231 43/440
229 231 230 92/993
231 231 231 51/470
231 231 230 23/222
228 232 232 58/639
228 232 231 11/998
230 232 232 15/142
230 232 231 10/607
232 232 232 76/639
232 232 231 18/929
229 233 233 38/919
229 233 232 -9/887
231 233 233 118/999
231 233 232 85/713
233 233 233 82/663
233 233 232 41/345
228 234 234 95/916
228 234 233 16/961
230 234 234 26/223
230 234 233 9/421
232 234 234 36/281
232 234 233 21/880
234 234 234 95/687
234 234 233 22/945
229 235 235 108/871
229 235 234 64/483
231 235 235 126/941
231 235 234 18/125
233 235 235 133/932
233 235 234 111/736
234 235 235 71/484
234 235 234 197/799
235 235 235 1/7
235 235 234 91/661
228 236 236 75/592
228 236 235 1/37
230 236 236 108/785
230 236 235 21/677
232 236 236 33/224
232 236 235 13/393
233 236 236 129/850
233 236 235 25/316
234 236 236 48/977
234 236 235 -17/462
235 236 236 151/945
235 236 235 28/305
236 236 236 157/961
236 236 235 23/824
227 237 237 22/153
227 237 236 95/578
229 237 237 135/884
229 237 236 50/283
231 237 237 104/647
231 237 236 137/737
232 237 237 110/669
232 237 236 183/728
233 237 237 23/137
233 237 236 147/769
234 237 237 109/637
234 237 236 77/282
235 237 237 144/827
235 237 236 161/843
236 237 237 118/667
236 237 236 285/956
237 237 237 55/327
237 237 236 17/105
226 238 238 57/373
226 238 237 32/831
228 238 238 27/166
228 238 237 38/883
229 238 238 152/909
229 238 237 24/347
230 238 238 41/239
230 238 237 43/929
231 238 238 163/928
231 238 237 63/811
232 238 238 177/986
232 238 237 38/793
233 238 238 63/344
233 238 237 76/875
234 238 238 169/906
234 238 237 15/317
235 238 238 81/427
235 238 237 47/482
236 238 238 1/18
236 238 237 -32/683
237 238 238 5/363
237 238 237 -2/243
238 238 238 160/809
238 238 237 24/713
225 239 239 179/981
225 239 238 40/179
227 239 239 186/979
227 239 238 133/566
228 239 239 119/615
228 239 238 161/589
229 239 239 149/757
229 239 238 109/446
230 239 239 1/5
230 239 238 239/826
231 239 239 68/335
231 239 238 97/386
232 239 239 163/792
232 239 238 169/553
233 239 239 69/331
233 239 238 217/851
234 239 239 27/128
234 239 238 178/551
235 239 239 161/755
235 239 238 15/59
236 239 239 14/65
236 239 238 284/827
237 239 239 213/980
237 239 238 18/73
238 239 239 87/397
238 239 238 361/975
239 239 239 196/963
239 239 238 183/940
222 240 240 61/316
222 240 239 48/895
224 240 240 19/94
224 240 239 58/987
225 240 240 155/751
225 240 239 18/241
226 240 240 209/993
226 240 239 6/95
227 240 240 152/709
227 240 239 45/553
228 240 240 171/784
228 240 239 1/15
229 240 240 217/979
229 240 239 36/409
230 240 240 223/991
230 240 239 42/607
231 240 240 191/837
231 240 239 81/854
232 240 240 209/904
232 240 239 53/753
233 240 240 161/688
233 240 239 87/851
234 240 240 31/131
234 240 239 3/43
235 240 240 159/665
235 240 239 93/839
236 240 240 7/29
236 240 239 17/256
237 240 240 214/879
237 240 239 46/377
238 240 240 225/917
238 240 239 38/651
239 240 240 85/344
239 240 239 61/440
240 240 240 69/904
240 240 239 -73/978
219 241 241 48/643
219 241 240 -2/299
220 241 241 57/833
220 241 240 -2/379
221 241 241 55/767
221 241 240 -4/303
222 241 241 56/863
222 241 240 -9/829
223 241 241 61/883
223 241 240 -3/155
224 241 241 19/309
224 241 240 -10/629
225 241 241 65/973
225 241 240 -24/953
226 241 241 43/739
226 241 240 -19/933
227 241 241 57/878
227 241 240 -11/358
228 241 241 39/710
228 241 240 -22/909
229 241 241 4/63
229 241 240 -26/721
230 241 241 19/368
230 241 240 -23/842
231 241 241 51/814
231 241 240 -23/557
232 241 241 22/457
232 241 240 -28/947
233 241 241 53/847
233 241 240 -31/665
234 241 241 29/656
234 241 240 -7/228
235 241 241 5/18
235 241 240 47/132
236 241 241 31/111
236 241 240 191/447
237 241 241 103/367
237 241 240 139/398
238 241 241 148/525
238 241 240 433/966
239 241 241 52/717
239 241 240 -49/713
240 241 241 7/324
240 241 240 -19/987
241 241 241 31/362
241 241 240 -41/485
214 242 242 239/918
214 242 241 65/883
215 242 242 230/869
215 242 241 79/968
216 242 242 57/212
216 242 241 19/240
217 242 242 241/883
217 242 241 22/251
218 242 242 237/856
218 242 241 51/605
219 242 242 183/652
219 242 241 75/803
220 242 242 209/735
220 242 241 59/663
221 242 242 169/587
221 242 241 89/900
222 242 242 141/484
222 242 241 11/118
223 242 242 279/947
223 242 241 103/989
224 242 242 67/225
224 242 241 19/196
225 242 242 37/123
225 242 241 71/650
226 242 242 229/754
226 242 241 99/989
227 242 242 137/447
227 242 241 37/324
228 242 242 132/427
228 242 241 47/458
229 242 242 206/661
229 242 241 79/663
230 242 242 217/691
230 242 241 79/757
231 242 242 229/724
231 242 241 108/869
232 242 242 178/559
232 242 241 33/314
233 242 242 240/749
233 242 241 127/978
234 242 242 185/574
234 242 241 47/450
235 242 242 93/287
235 242 241 106/777
236 242 242 311/955
236 242 241 85/836
237 242 242 88/269
237 242 241 135/931
238 242 242 181/551
238 242 241 95/997
239 242 242 152/461
239 242 241 155/982
240 242 242 219/662
240 242 241 43/526
241 242 242 214/645
241 242 241 131/725
242 242 242 156/469
242 242 241 51/994
207 243 243 239/695
207 243 242 377/826
208 243 243 87/251
208 243 242 148/317
209 243 243 314/899
209 243 242 418/895
210 243 243 329/935
210 243 242 247/517
211 243 243 286/807
211 243 242 385/807
212 243 243 268/751
212 243 242 144/295
213 243 243 231/643
213 243 242 433/890
214 243 243 303/838
214 243 242 380/763
215 243 243 330/907
215 243 242 213/430
216 243 243 362/989
216 243 242 34/67
217 243 243 215/584
217 243 242 425/844
218 243 243 251/678
218 243 242 110/213
219 243 243 83/223
219 243 242 23/45
220 243 243 370/989
220 243 242 515/981
221 243 243 97/258
221 243 242 72/139
222 243 243 377/998
222 243 242 394/739
223 243 243 159/419
223 243 242 76/145
224 243 243 210/551
224 243 242 33/61
225 243 243 31/81
225 243 242 413/780
226 243 243 380/989
226 243 242 96/175
227 243 243 140/363
227 243 242 464/869
228 243 243 317/819
228 243 242 129/232
229 243 243 167/430
229 243 242 489/910
230 243 243 383/983
230 243 242 133/236
231 243 243 34/87
231 243 242 526/975
232 243 243 281/717
232 243 242 4/7
233 243 243 279/710
233 243 242 521/965
234 243 243 13/33
234 243 242 177/305
235 243 243 291/737
235 243 242 462/859
236 243 243 55/139
236 243 242 496/839
237 243 243 381/961
237 243 242 326/613
238 243 243 365/919
238 243 242 528/871
239 243 243 109/274
239 243 242 349/673
240 243 243 394/989
240 243 242 29/46
241 243 243 215/539
241 243 242 437/892
242 243 243 368/939
242 243 242 250/377
243 243 243 320/921
243 243 242 47/149
195 244 244 329/836
195 244 243 83/821
196 244 244 161/405
196 244 243 81/790
197 244 244 277/690
197 244 243 17/159
198 244 244 383/945
198 244 243 4/37
199 244 244 407/995
199 244 243 71/631
200 244 244 149/361
200 244 243 101/890
201 244 244 331/795
201 244 243 79/670
202 244 244 76/181
202 244 243 109/919
203 244 244 359/848
203 244 243 121/983
204 244 244 265/621
204 244 243 31/251
205 244 244 209/486
205 244 243 68/531
206 244 244 237/547
206 244 243 86/671
207 244 244 357/818
207 244 243 104/783
208 244 244 287/653
208 244 243 107/807
209 244 244 331/748
209 244 243 43/313
210 244 244 249/559
210 244 243 106/775
211 244 244 13/29
211 244 243 127/896
212 244 244 401/889
212 244 243 75/533
213 244 244 265/584
213 244 243 89/610
214 244 244 225/493
214 244 243 107/741
215 244 244 95/207
215 244 243 119/794
216 244 244 275/596
216 244 243 140/947
217 244 244 378/815
217 244 243 132/859
218 244 244 399/856
218 244 243 114/755
219 244 244 459/980
219 244 243 137/871
220 244 244 463/984
220 244 243 2/13
221 244 244 423/895
221 244 243 59/367
222 244 244 131/276
222 244 243 97/620
223 244 244 234/491
223 244 243 32/195
224 244 244 344/719
224 244 243 93/586
225 244 244 85/177
225 244 243 41/245
226 244 244 467/969
226 244 243 22/137
227 244 244 368/761
227 244 243 22/129
228 244 244 310/639
228 244 243 35/216
229 244 244 200/411
229 244 243 163/938
230 244 244 163/334
230 244 243 22/135
231 244 244 23/47
231 244 243 107/604
232 244 244 444/905
232 244 243 55/337
233 244 244 479/974
233 244 243 89/492
234 244 244 104/211
234 244 243 97/597
235 244 244 203/411
235 244 243 71/383
236 244 244 241/487
236 244 243 146/911
237 244 244 291/587
237 244 243 115/601
238 244 244 287/578
238 244 243 81/521
239 244 244 454/913
239 244 243 187/933
240 244 244 119/239
240 244 243 107/735
241 244 244 164/329
241 244 243 184/849
242 244 244 243/487
242 244 243 117/947
243 244 244 410/821
243 244 243 141/557
244 244 244 499/999
244 244 243 63/991
174 245 245 298/933
174 245 244 173/843
175 245 245 175/544
175 245 244 202/965
176 245 245 32/99
176 245 244 133/622
177 245 245 263/808
177 245 244 208/955
178 245 245 154/471
178 245 244 2/9
179 245 245 239/726
179 245 244 196/867
180 245 245 282/853
180 245 244 229/994
181 245 245 213/640
181 245 244 70/299
182 245 245 139/416
182 245 244 143/600
183 245 245 262/779
183 245 244 15/62
184 245 245 292/865
184 245 244 47/191
185 245 245 300/883
185 245 244 141/565
186 245 245 15/44
186 245 244 194/765
187 245 245 176/513
187 245 244 203/790
188 245 245 286/831
188 245 244 257/985
189 245 245 80/231
189 245 244 14/53
190 245 245 207/596
190 245 244 264/985
191 245 245 296/847
191 245 244 109/402
192 245 245 233/665
192 245 244 91/331
193 245 245 251/712
193 245 244 102/367
194 245 245 206/583
194 245 244 69/245
195 245 245 155/436
195 245 244 68/239
196 245 245 83/233
196 245 244 287/996
197 245 245 224/625
197 245 244 16/55
198 245 245 233/649
198 245 244 48/163
199 245 245 95/263
199 245 244 238/801
200 245 245 361/998
200 245 244 144/479
201 245 245 305/838
201 245 244 278/917
202 245 245 325/892
202 245 244 65/212
203 245 245 356/971
203 245 244 284/919
204 245 245 266/725
204 245 244 264/845
205 245 245 281/761
205 245 244 254/807
206 245 245 41/111
206 245 244 181/569
207 245 245 248/667
207 245 244 238/743
208 245 245 361/971
208 245 244 301/930
209 245 245 353/943
209 245 244 302/927
210 245 245 272/727
210 245 244 311/945
211 245 245 283/751
211 245 244 253/764
212 245 245 195/518
212 245 244 292/873
213 245 245 11/29
213 245 244 215/639
214 245 245 89/235
214 245 244 262/771
215 245 245 21/55
215 245 244 338/989
216 245 245 381/1000
216 245 244 68/197
217 245 245 241/627
217 245 244 319/919
218 245 245 87/227
218 245 244 257/733
219 245 245 310/801
219 245 244 299/848
220 245 245 123/319
220 245 244 223/626
221 245 245 375/962
221 245 244 282/787
222 245 245 239/616
222 245 244 289/798
223 245 245 11/28
223 245 244 199/546
224 245 245 339/868
224 245 244 251/681
225 245 245 128/323
225 245 244 349/940
226 245 245 107/272
226 245 244 369/982
227 245 245 279/697
227 245 244 69/182
228 245 245 305/769
228 245 244 373/971
229 245 245 391/965
229 245 244 293/754
230 245 245 157/392
230 245 244 28/71
231 245 245 179/435
231 245 244 349/871
232 245 245 238/587
232 245 244 313/768
233 245 245 121/288
233 245 244 73/175
234 245 245 190/461
234 245 244 392/921
235 245 245 419/968
235 245 244 139/315
236 245 245 327/775
236 245 244 341/754
237 245 245 431/951
237 245 244 479/998
238 245 245 256/585
238 245 244 352/711
239 245 245 403/823
239 245 244 116/211
240 245 245 109/234
240 245 244 301/526
241 245 245 217/414
241 245 244 599/990
242 245 245 168/349
242 245 244 535/839
243 245 245 665/998
243 245 244 223/256
244 245 245 501/848
244 245 244 227/236
245 245 245 410/759
245 245 244 231/529
131 246 246 94/715
131 246 245 2/43
132 246 246 125/936
132 246 245 17/361
133 246 246 82/605
133 246 245 47/986
134 246 246 41/298
134 246 245 23/477
135 246 246 6/43
135 246 245 47/964
136 246 246 31/219
136 246 245 40/811
137 246 246 67/467
137 246 245 18/361
138 246 246 8/55
138 246 245 43/853
139 246 246 80/543
139 246 245 19/373
140 246 246 93/623
140 246 245 47/913
141 246 246 128/847
141 246 245 43/827
142 246 246 58/379
142 246 245 27/514
143 246 246 24/155
143 246 245 48/905
144 246 246 155/989
144 246 245 52/971
145 246 246 139/877
145 246 245 2/37
146 246 246 131/817
146 246 245 43/788
147 246 246 100/617
147 246 245 43/781
148 246 246 59/360
148 246 245 1/18
149 246 246 128/773
149 246 245 45/803
150 246 246 159/950
150 246 245 45/796
151 246 246 155/917
151 246 245 35/614
152 246 246 90/527
152 246 245 38/661
153 246 246 5/29
153 246 245 35/604
154 246 246 74/425
154 246 245 43/736
155 246 246 81/461
155 246 245 58/985
156 246 246 91/513
156 246 245 27/455
157 246 246 175/978
157 246 245 11/184
158 246 246 147/814
158 246 245 5/83
159 246 246 175/961
159 246 245 29/478
160 246 246 79/430
160 246 245 47/769
161 246 246 5/27
161 246 245 4/65
162 246 246 147/787
162 246 245 52/839
163 246 246 147/781
163 246 245 35/561
164 246 246 167/880
164 246 245 61/971
165 246 246 13/68
165 246 245 60/949
166 246 246 132/685
166 246 245 59/927
167 246 246 85/438
167 246 245 13/203
168 246 246 44/225
168 246 245 64/993
169 246 246 101/513
169 246 245 33/509
170 246 246 191/963
170 246 245 64/981
171 246 246 107/536
171 246 245 29/442
172 246 246 38/189
172 246 245 20/303
173 246 246 193/954
173 246 245 15/226
174 246 246 11/54
174 246 245 48/719
175 246 246 25/122
175 246 245 10/149
176 246 246 164/795
176 246 245 49/726
177 246 246 89/429
177 246 245 58/855
178 246 246 204/977
178 246 245 53/777
179 246 246 93/443
179 246 245 56/817
180 246 246 139/658
180 246 245 43/624
181 246 246 179/843
181 246 245 61/881
182 246 246 69/323
182 246 245 65/934
183 246 246 79/368
183 246 245 23/329
184 246 246 103/477
184 246 245 30/427
185 246 246 105/484
185 246 245 35/496
186 246 246 12/55
186 246 245 68/959
187 246 246 87/397
187 246 245 23/323
188 246 246 210/953
188 246 245 45/629
189 246 246 52/235
189 246 245 51/710
190 246 246 208/935
190 246 245 7/97
191 246 246 199/891
191 246 245 46/635
192 246 246 218/971
192 246 245 35/481
193 246 246 16/71
193 246 245 68/931
194 246 246 65/287
194 246 245 49/668
195 246 246 5/22
195 246 245 12/163
196 246 246 37/162
196 246 245 19/257
197 246 246 228/995
197 246 245 71/957
198 246 246 102/443
198 246 245 59/792
199 246 246 94/407
199 246 245 37/495
200 246 246 197/849
200 246 245 40/533
201 246 246 37/159
201 246 245 57/757
202 246 246 18/77
202 246 245 35/463
203 246 246 229/977
203 246 245 43/567
204 246 246 97/412
204 246 245 59/775
205 246 246 97/411
205 246 245 32/419
206 246 246 151/637
206 246 245 45/587
207 246 246 196/825
207 246 245 1/13
208 246 246 199/834
208 246 245 22/285
209 246 246 219/916
209 246 245 58/749
210 246 246 164/683
210 246 245 67/862
211 246 246 89/370
211 246 245 40/513
212 246 246 165/683
212 246 245 9/115
213 246 246 233/963
213 246 245 53/675
214 246 246 165/679
214 246 245 77/977
215 246 246 82/337
215 246 245 45/569
216 246 246 229/937
216 246 245 62/781
217 246 246 229/936
217 246 245 20/251
218 246 246 29/118
218 246 245 2/25
219 246 246 168/683
219 246 245 20/249
220 246 246 237/959
220 246 245 5/62
221 246 246 91/368
221 246 245 38/469
222 246 246 208/837
222 246 245 31/381
223 246 246 89/358
223 246 245 9/110
224 246 246 1/4
224 246 245 77/937
225 246 246 1/4
225 246 245 47/568
226 246 246 221/879
226 246 245 75/902
227 246 246 218/867
227 246 245 77/918
228 246 246 103/407
228 246 245 78/925
229 246 246 41/162
229 246 245 18/211
230 246 246 77/302
230 246 245 63/734
231 246 246 215/843
231 246 245 15/172
232 246 246 256/995
232 246 245 13/148
233 246 246 94/365
233 246 245 8/89
234 246 246 82/315
234 246 245 67/739
235 246 246 237/908
235 246 245 37/394
236 246 246 199/752
236 246 245 69/727
237 246 246 203/762
237 246 245 22/219
238 246 246 257/947
238 246 245 72/707
239 246 246 258/935
239 246 245 10/89
240 246 246 155/547
240 246 245 23/201
241 246 246 61/206
241 246 245 39/283
242 246 246 170/551
242 246 245 101/715
243 246 246 305/924
243 246 245 34/309
244 246 246 383/859
244 246 245 368/927
245 246 246 421/903
245 246 245 389/890
246 246 246 418/711
246 246 245 9/110
