# UNIF(n=39,lo,hi): D_ren + dipoles; lines "lo hi level amplitude" for the corrected intervals
30 30 30 161/993
30 30 29 121/992
31 31 31 11/93
31 31 30 -22/455
32 32 32 1/10
32 32 31 -47/860
31 33 33 169/737
31 33 32 7/946
33 33 33 297/977
33 33 32 27/890
32 34 34 268/757
32 34 33 100/247
33 34 34 64/173
33 34 33 367/590
34 34 34 2/15
34 34 33 -62/555
31 35 35 311/752
31 35 34 66/829
32 35 35 226/517
32 35 34 27/160
33 35 35 399/872
33 35 34 65/713
34 35 35 406/855
34 35 34 164/701
35 35 35 489/1000
35 35 34 49/888
28 36 36 154/397
28 36 35 313/902
29 36 36 101/263
29 36 35 22/57
30 36 36 353/795
30 36 35 277/607
31 36 36 329/761
31 36 35 311/617
32 36 36 425/854
32 36 35 65/118
33 36 36 179/387
33 36 35 136/227
34 36 36 31/47
34 36 35 519/605
35 36 36 501/856
35 36 35 58/61
36 36 36 504/937
36 36 35 423/979
21 37 37 143/991
21 37 36 46/835
22 37 37 43/275
22 37 36 18/301
23 37 37 157/924
23 37 36 41/645
24 37 37 175/968
24 37 36 12/175
25 37 37 137/708
25 37 36 61/846
26 37 37 165/811
26 37 36 6/77
27 37 37 149/691
27 37 36 10/123
28 37 37 98/435
28 37 36 82/921
29 37 37 161/678
29 37 36 39/422
30 37 37 211/849
30 37 36 75/716
31 37 37 239/913
31 37 36 9/83
32 37 37 271/969
32 37 36 97/728
33 37 37 180/607
33 37 36 4/29
34 37 37 39/121
34 37 36 13/121
35 37 37 313/704
35 37 36 13/32
36 37 37 471/1000
36 37 36 255/589
37 37 37 379/643
37 37 36 11/137
