# UNIF(n=70,lo,hi): D_ren + dipoles; lines "lo hi level amplitude" for the corrected intervals
57 57 57 14/127
57 57 56 39/502
58 58 58 121/969
58 58 57 3/827
59 59 59 125/827
59 59 58 116/893
60 60 60 151/879
60 60 59 16/939
59 61 61 77/480
59 61 60 49/353
61 61 61 16/83
61 61 60 161/925
60 62 62 179/936
60 62 61 23/997
62 62 62 19/216
62 62 61 -55/827
61 63 63 58/657
61 63 62 -33/823
63 63 63 34/377
63 63 62 -71/931
60 64 64 223/820
60 64 63 43/751
61 64 64 23/80
61 64 63 105/811
62 64 64 277/919
62 64 63 52/839
63 64 64 181/577
63 64 63 121/718
64 64 64 12/37
64 64 63 15/328
59 65 65 163/459
59 65 64 347/777
60 65 65 288/791
60 65 64 283/526
61 65 65 351/943
61 65 64 293/629
62 65 65 307/809
62 65 64 236/399
63 65 65 93/241
63 65 64 157/339
64 65 65 226/585
64 65 64 372/571
65 65 65 109/316
65 65 64 295/951
56 66 66 25/61
56 66 65 23/222
57 66 66 285/674
57 66 65 27/200
58 66 66 157/361
58 66 65 63/535
59 66 66 128/287
59 66 65 59/378
60 66 66 395/866
60 66 65 61/481
61 66 66 449/965
61 66 65 171/962
62 66 66 366/773
62 66 65 59/460
63 66 66 162/337
63 66 65 168/823
64 66 66 187/384
64 66 65 13/113
65 66 66 319/648
65 66 65 229/923
66 66 66 368/741
66 66 65 61/994
49 67 67 179/533
49 67 66 183/797
50 67 67 254/751
50 67 66 139/559
51 67 67 251/712
51 67 66 251/942
52 67 67 112/317
52 67 66 247/867
53 67 67 75/203
53 67 66 181/597
54 67 67 281/763
54 67 66 125/389
55 67 67 112/289
55 67 66 236/691
56 67 67 375/977
56 67 66 230/639
57 67 67 96/235
57 67 66 289/751
58 67 67 311/775
58 67 66 260/643
59 67 67 211/484
59 67 66 359/816
60 67 67 307/725
60 67 66 153/331
61 67 67 375/784
61 67 66 257/491
62 67 67 361/790
62 67 66 16/29
63 67 67 407/787
63 67 66 285/484
64 67 67 111/233
64 67 66 206/329
65 67 67 509/766
65 67 66 687/793
66 67 67 461/782
66 67 66 163/170
67 67 67 245/454
67 67 66 91/209
38 68 68 68/491
38 68 67 49/981
39 68 68 103/709
39 68 67 49/941
40 68 68 82/537
40 68 67 53/979
41 68 68 142/893
41 68 67 41/730
42 68 68 93/560
42 68 67 49/843
43 68 68 131/762
43 68 67 14/233
44 68 68 117/655
44 68 67 57/920
45 68 68 168/913
45 68 67 61/955
46 68 68 115/604
46 68 67 43/655
47 68 68 25/128
47 68 67 5/74
48 68 68 85/422
48 68 67 57/823
49 68 68 7/34
49 68 67 25/351
50 68 68 18/85
50 68 67 62/851
51 68 68 191/885
51 68 67 44/587
52 68 68 107/483
52 68 67 31/405
53 68 68 25/111
53 68 67 76/963
54 68 68 151/654
54 68 67 64/795
55 68 68 131/559
55 68 67 61/731
56 68 68 73/304
56 68 67 70/823
57 68 68 191/784
57 68 67 84/943
58 68 68 249/997
58 68 67 76/837
59 68 68 239/941
59 68 67 81/835
60 68 68 129/494
60 68 67 59/596
61 68 68 235/878
61 68 67 35/318
62 68 68 263/950
62 68 67 25/222
63 68 68 23/79
63 68 67 94/689
64 68 68 118/387
64 68 67 100/713
65 68 68 254/775
65 68 67 13/119
66 68 68 143/321
66 68 67 367/918
67 68 68 426/911
67 68 67 392/899
68 68 68 403/685
68 68 67 68/835
