# UNIF(n=61,lo,hi): D_ren + dipoles; lines "lo hi level amplitude" for the corrected intervals
49 49 49 31/278
49 49 48 -4/585
50 50 50 88/617
50 50 49 85/727
51 51 51 160/983
51 51 50 9/914
52 52 52 99/527
52 52 51 1/6
51 53 53 149/864
51 53 52 4/521
53 53 53 41/443
53 53 52 -44/685
52 54 54 65/704
52 54 53 -24/835
54 54 54 56/613
54 54 53 -67/918
51 55 55 244/967
51 55 54 7/173
53 55 55 53/182
53 55 54 32/601
54 55 55 253/823
54 55 54 85/521
55 55 55 316/983
55 55 54 9/208
50 56 56 168/493
50 56 55 353/832
52 56 56 109/300
52 56 55 259/573
53 56 56 292/783
53 56 55 118/203
54 56 56 336/881
54 56 55 317/695
55 56 56 28/73
55 56 55 343/530
56 56 56 48/371
56 56 55 -86/713
48 57 57 307/771
48 57 56 85/759
49 57 57 335/809
49 57 56 77/783
50 57 57 388/905
50 57 56 118/843
51 57 57 355/803
51 57 56 82/721
52 57 57 114/251
52 57 56 151/902
53 57 57 93/200
53 57 56 55/457
54 57 57 261/550
54 57 56 49/247
55 57 57 281/582
55 57 56 1/9
56 57 57 433/884
56 57 56 205/834
57 57 57 445/898
57 57 56 30/497
44 58 58 210/599
44 58 57 232/849
45 58 58 276/785
45 58 57 294/997
46 58 58 245/657
46 58 57 191/600
47 58 58 203/547
47 58 57 123/362
48 58 58 33/83
48 58 57 251/683
49 58 58 383/977
49 58 57 309/793
50 58 58 331/773
50 58 57 405/947
51 58 58 410/983
51 58 57 430/951
52 58 58 53/112
52 58 57 84/163
53 58 58 53/117
53 58 57 6/11
54 58 58 422/821
54 58 57 115/197
55 58 58 211/445
55 58 57 597/959
56 58 58 618/931
56 58 57 857/990
57 58 58 554/941
57 58 57 926/967
58 58 58 48/89
58 58 57 167/384
32 59 59 13/98
32 59 58 19/389
33 59 59 134/947
33 59 58 51/994
34 59 59 24/161
34 59 58 28/521
35 59 59 37/235
35 59 58 55/981
36 59 59 110/669
36 59 58 53/907
37 59 59 96/557
37 59 58 59/973
38 59 59 37/207
38 59 58 17/270
39 59 59 179/961
39 59 58 59/907
40 59 59 165/859
40 59 58 56/831
41 59 59 158/793
41 59 58 29/418
42 59 59 199/973
42 59 58 66/919
43 59 59 141/667
43 59 58 55/746
44 59 59 211/976
44 59 58 35/458
45 59 59 187/839
45 59 58 71/907
46 59 59 223/981
46 59 58 48/589
47 59 59 161/688
47 59 58 1/12
48 59 59 179/751
48 59 58 29/331
49 59 59 171/697
49 59 58 6/67
50 59 59 250/999
50 59 58 19/198
51 59 59 233/903
51 59 58 21/214
52 59 59 232/875
52 59 58 104/951
53 59 59 152/553
53 59 58 13/116
54 59 59 232/801
54 59 58 105/772
55 59 59 295/971
55 59 58 103/736
56 59 59 294/899
56 59 58 98/899
57 59 59 375/842
57 59 58 127/317
58 59 59 22/47
58 59 58 260/597
59 59 59 542/921
59 59 58 42/517
