# UNIF(n=55,lo,hi): D_ren + dipoles; lines "lo hi level amplitude" for the corrected intervals
44 44 44 47/352
44 44 43 100/991
45 45 45 88/571
45 45 44 1/258
46 46 46 16/87
46 46 45 23/144
47 47 47 17/176
47 47 46 -24/389
46 48 48 61/628
46 48 47 -15/799
48 48 48 23/248
48 48 47 -53/756
47 49 49 150/533
47 49 48 10/217
48 49 49 195/647
48 49 48 157/989
49 49 49 312/979
49 49 48 41/994
46 50 50 347/978
46 50 49 377/865
47 50 50 356/971
47 50 49 78/137
48 50 50 365/968
48 50 49 417/931
49 50 50 37/97
49 50 49 521/810
50 50 50 68/523
50 50 49 -116/973
43 51 51 121/307
43 51 50 59/713
44 51 51 298/723
44 51 50 70/551
45 51 51 3/7
45 51 50 93/901
46 51 51 381/859
46 51 50 7/44
47 51 51 143/313
47 51 50 57/500
48 51 51 127/271
48 51 50 149/769
49 51 51 147/307
49 51 50 47/435
50 51 51 136/279
50 51 50 111/455
51 51 51 45/91
51 51 50 24/403
39 52 52 215/636
39 52 51 182/681
40 52 52 126/349
40 52 51 5/17
41 52 52 127/352
41 52 51 211/662
42 52 52 379/975
42 52 51 326/933
43 52 52 243/632
43 52 51 204/545
44 52 52 181/429
44 52 51 341/822
45 52 52 145/352
45 52 51 314/711
46 52 52 402/857
46 52 51 147/290
47 52 52 385/856
47 52 51 437/811
48 52 52 491/960
48 52 51 291/503
49 52 52 427/904
49 52 51 487/787
50 52 52 250/377
50 52 51 580/671
51 52 52 587/998
51 52 51 22/23
52 52 52 517/959
52 52 51 401/923
29 53 53 5/37
29 53 52 39/782
30 53 53 87/605
30 53 52 37/702
31 53 53 119/776
31 53 52 31/560
32 53 53 5/31
32 53 52 53/912
33 53 53 164/963
33 53 52 2/33
34 53 53 68/383
34 53 52 14/221
35 53 53 8/43
35 53 52 23/350
36 53 53 47/244
36 53 52 47/686
37 53 53 167/832
37 53 52 53/749
38 53 53 192/929
38 53 52 65/881
39 53 53 89/415
39 53 52 71/935
40 53 53 201/914
40 53 52 17/214
41 53 53 175/769
41 53 52 73/895
42 53 53 159/683
42 53 52 76/883
43 53 53 205/852
43 53 52 3/34
44 53 53 197/800
44 53 52 83/875
45 53 53 241/946
45 53 52 7/72
46 53 53 21/80
46 53 52 73/672
47 53 53 272/997
47 53 52 33/296
48 53 53 176/611
48 53 52 101/745
49 53 53 194/641
49 53 52 105/752
50 53 53 185/567
50 53 52 36/331
51 53 53 370/831
51 53 52 263/655
52 53 53 365/779
52 53 52 57/131
53 53 53 259/440
53 53 52 3/37
