# UNIF(n=118,lo,hi): D_ren + dipoles; lines "lo hi level amplitude" for the corrected intervals
99 99 99 20/467
99 99 98 -3/938
100 100 100 47/613
100 100 99 -1/1000
101 101 101 63/701
101 101 100 30/427
102 102 102 36/367
102 102 101 6/947
103 103 103 32/285
103 103 102 94/957
104 104 104 94/767
104 104 103 6/449
105 105 105 50/369
105 105 104 113/910
104 106 106 49/657
104 106 105 -8/403
106 106 106 26/171
106 106 105 3/145
105 107 107 35/237
105 107 106 135/949
107 107 107 23/141
107 107 106 77/505
104 108 108 131/934
104 108 107 17/976
106 108 108 61/830
106 108 107 -13/374
108 108 108 131/689
108 108 107 11/383
105 109 109 29/159
105 109 108 179/912
107 109 109 67/334
107 109 108 94/437
108 109 109 112/537
108 109 108 322/919
109 109 109 124/619
109 109 108 96/509
104 110 110 169/886
104 110 109 16/405
106 110 110 170/803
106 110 109 29/619
107 110 110 217/982
107 110 109 73/681
108 110 110 173/754
108 110 109 9/188
109 110 110 193/814
109 110 109 96/727
110 110 110 28/351
110 110 109 -68/941
103 111 111 77/941
103 111 110 -10/907
105 111 111 108/431
105 111 110 27/89
106 111 111 179/696
106 111 110 273/710
107 111 111 139/528
107 111 110 77/244
108 111 111 268/997
108 111 110 85/201
109 111 111 32/415
109 111 110 -57/946
110 111 111 9/368
110 111 110 -12/859
111 111 111 2/23
111 111 110 -11/134
102 112 112 237/887
102 112 111 55/783
103 112 112 233/844
103 112 111 63/632
104 112 112 242/851
104 112 111 74/941
105 112 112 111/380
105 112 111 32/279
106 112 112 243/812
106 112 111 18/215
107 112 112 204/667
107 112 111 68/521
108 112 112 213/683
108 112 111 78/929
109 112 112 310/977
109 112 111 101/676
110 112 112 125/388
110 112 111 11/145
111 112 112 95/291
111 112 111 139/785
112 112 112 35/106
112 112 111 7/141
99 113 113 208/597
99 113 112 191/419
100 113 113 229/647
100 113 112 213/434
101 113 113 227/632
101 113 112 465/979
102 113 113 209/574
102 113 112 401/779
103 113 113 361/979
103 113 112 181/369
104 113 113 219/587
104 113 112 249/463
105 113 113 89/236
105 113 112 149/297
106 113 113 195/512
106 113 112 359/640
107 113 113 93/242
107 113 112 507/1000
108 113 113 327/844
108 113 112 421/718
109 113 113 265/679
109 113 112 313/622
110 113 113 383/975
110 113 112 616/995
111 113 113 32/81
111 113 112 283/587
112 113 113 16/41
112 113 112 347/526
113 113 113 320/923
113 113 112 183/583
93 114 114 364/919
93 114 113 22/207
94 114 114 93/230
94 114 113 52/493
95 114 114 47/114
95 114 113 55/464
96 114 114 317/755
96 114 113 95/819
97 114 114 337/789
97 114 113 127/977
98 114 114 431/993
98 114 113 47/375
99 114 114 256/581
99 114 113 85/604
100 114 114 185/414
100 114 113 133/997
101 114 114 393/868
101 114 113 113/749
102 114 114 11/24
102 114 113 134/957
103 114 114 388/837
103 114 113 146/909
104 114 114 297/634
104 114 113 10/69
105 114 114 184/389
105 114 113 100/587
106 114 114 461/966
106 114 113 49/332
107 114 114 331/688
107 114 113 117/647
108 114 114 221/456
108 114 113 98/667
109 114 114 241/494
109 114 113 153/790
110 114 114 238/485
110 114 113 115/819
111 114 114 402/815
111 114 113 197/925
112 114 114 435/878
112 114 113 110/909
113 114 114 461/927
113 114 113 115/457
114 114 114 211/423
114 114 113 19/302
83 115 115 241/740
83 115 114 136/635
84 115 115 314/957
84 115 114 90/401
85 115 115 136/407
85 115 114 162/695
86 115 115 276/821
86 115 114 87/358
87 115 115 203/593
87 115 114 199/792
88 115 115 293/852
88 115 114 6/23
89 115 115 145/414
89 115 114 265/986
90 115 115 228/649
90 115 114 277/996
91 115 115 218/609
91 115 114 2/7
92 115 115 252/703
92 115 114 189/641
93 115 115 325/889
93 115 114 133/440
94 115 115 167/457
94 115 114 80/257
95 115 115 315/844
95 115 114 283/888
96 115 115 86/231
96 115 114 271/827
97 115 115 133/349
97 115 114 277/826
98 115 115 303/799
98 115 114 340/987
99 115 115 178/457
99 115 114 199/564
100 115 115 97/251
100 115 114 25/69
101 115 115 233/584
101 115 114 342/919
102 115 115 379/961
102 115 114 268/701
103 115 115 181/441
103 115 114 190/481
104 115 115 174/431
104 115 114 89/219
105 115 115 266/625
105 115 114 333/784
106 115 115 79/190
106 115 114 337/769
107 115 115 220/491
107 115 114 450/961
108 115 115 257/593
108 115 114 167/344
109 115 115 266/547
109 115 114 58/107
110 115 115 283/611
110 115 114 218/385
111 115 115 414/793
111 115 114 401/668
112 115 115 179/373
112 115 114 111/175
113 115 115 584/877
113 115 114 701/806
114 115 115 431/730
114 115 114 320/333
115 115 115 506/937
115 115 114 363/832
63 116 116 109/815
63 116 115 47/988
64 116 116 135/977
64 116 115 27/553
65 116 116 32/225
65 116 115 1/20
66 116 116 143/976
66 116 115 41/801
67 116 116 134/891
67 116 115 43/822
68 116 116 17/110
68 116 115 27/505
69 116 116 69/436
69 116 115 3/55
70 116 116 117/721
70 116 115 27/485
71 116 116 163/983
71 116 115 19/335
72 116 116 28/165
72 116 115 43/744
73 116 116 9/52
73 116 115 1/17
74 116 116 119/673
74 116 115 55/919
75 116 116 128/711
75 116 115 34/559
76 116 116 128/697
76 116 115 23/372
77 116 116 157/841
77 116 115 44/701
78 116 116 89/468
78 116 115 29/455
79 116 116 61/316
79 116 115 32/495
80 116 116 153/779
80 116 115 4/61
81 116 116 133/668
81 116 115 65/978
82 116 116 86/425
82 116 115 45/668
83 116 116 185/903
83 116 115 41/601
84 116 116 192/923
84 116 115 55/796
85 116 116 203/965
85 116 115 10/143
86 116 116 191/895
86 116 115 31/438
87 116 116 155/719
87 116 115 29/405
88 116 116 158/723
88 116 115 26/359
89 116 116 159/721
89 116 115 66/901
90 116 116 208/931
90 116 115 73/986
91 116 116 25/111
91 116 115 54/721
92 116 116 226/991
92 116 115 61/806
93 116 116 215/936
93 116 115 33/431
94 116 116 196/843
94 116 115 14/181
95 116 116 157/671
95 116 115 61/779
96 116 116 121/511
96 116 115 45/569
97 116 116 5/21
97 116 115 55/686
98 116 116 147/610
98 116 115 20/247
99 116 116 240/991
99 116 115 13/158
100 116 116 140/571
100 116 115 63/758
101 116 116 117/475
101 116 115 34/401
102 116 116 142/569
102 116 115 85/992
103 116 116 167/666
103 116 115 80/909
104 116 116 173/680
104 116 115 30/337
105 116 116 54/211
105 116 115 53/573
106 116 116 158/607
106 116 115 70/747
107 116 116 247/940
107 116 115 18/181
108 116 116 208/775
108 116 115 10/99
109 116 116 253/925
109 116 115 107/958
110 116 116 217/771
110 116 115 50/439
111 116 116 160/543
111 116 115 18/131
112 116 116 107/348
112 116 115 117/830
113 116 116 307/932
113 116 115 93/847
114 116 116 189/424
114 116 115 253/636
115 116 116 7/15
115 116 115 373/854
116 116 116 167/284
116 116 115 25/306
