# UNIF(n=62,lo,hi): D_ren + dipoles; lines "lo hi level amplitude" for the corrected intervals
50 50 50 52/459
50 50 49 -1/280
51 51 51 139/966
51 51 50 78/671
52 52 52 81/494
52 52 51 11/908
53 53 53 142/749
53 53 52 117/697
52 54 54 102/583
52 54 53 7/555
54 54 54 16/175
54 54 53 -55/859
53 55 55 31/333
53 55 54 -16/507
55 55 55 25/273
55 55 54 -69/935
52 56 56 245/961
52 56 55 34/739
54 56 56 256/875
54 56 55 49/873
55 56 56 213/691
55 56 55 142/861
56 56 56 28/87
56 56 55 35/794
51 57 57 281/820
51 57 56 278/661
52 57 57 346/977
52 57 56 511/988
53 57 57 113/310
53 57 56 237/527
54 57 57 311/832
54 57 56 477/823
55 57 57 123/322
55 57 56 409/899
56 57 57 382/993
56 57 56 81/125
57 57 57 95/276
57 57 56 304/985
49 58 58 328/817
49 58 57 105/874
50 58 58 351/842
50 58 57 105/998
51 58 58 25/58
51 58 57 59/405
52 58 58 408/919
52 58 57 107/904
53 58 58 334/733
53 58 57 123/719
54 58 58 289/620
54 58 57 25/203
55 58 58 357/751
55 58 57 193/963
56 58 58 407/842
56 58 57 35/311
57 58 58 199/406
57 58 57 237/961
58 58 58 115/232
58 58 57 49/807
44 59 59 75/221
44 59 58 73/290
45 59 59 246/689
45 59 58 81/296
46 59 59 323/904
46 59 58 173/586
47 59 59 373/987
47 59 58 289/907
48 59 59 101/269
48 59 58 169/497
49 59 59 364/907
49 59 58 360/979
50 59 59 115/291
50 59 58 384/985
51 59 59 81/188
51 59 58 246/575
52 59 59 148/353
52 59 58 346/765
53 59 59 294/619
53 59 58 484/939
54 59 59 209/460
54 59 58 6/11
55 59 59 461/895
55 59 58 80/137
56 59 59 464/977
56 59 58 599/962
57 59 59 638/961
57 59 58 851/984
58 59 59 575/976
58 59 58 569/594
59 59 59 362/671
59 59 58 77/177
33 60 60 13/98
33 60 59 19/389
34 60 60 134/947
34 60 59 51/994
35 60 60 24/161
35 60 59 28/521
36 60 60 37/235
36 60 59 55/981
37 60 60 110/669
37 60 59 53/907
38 60 60 96/557
38 60 59 59/973
39 60 60 37/207
39 60 59 17/270
40 60 60 179/961
40 60 59 59/907
41 60 60 165/859
41 60 59 56/831
42 60 60 158/793
42 60 59 29/418
43 60 60 199/973
43 60 59 66/919
44 60 60 141/667
44 60 59 55/746
45 60 60 211/976
45 60 59 35/458
46 60 60 187/839
46 60 59 71/907
47 60 60 223/981
47 60 59 48/589
48 60 60 161/688
48 60 59 1/12
49 60 60 179/751
49 60 59 29/331
50 60 60 171/697
50 60 59 6/67
51 60 60 250/999
51 60 59 19/198
52 60 60 233/903
52 60 59 21/214
53 60 60 232/875
53 60 59 104/951
54 60 60 152/553
54 60 59 13/116
55 60 60 232/801
55 60 59 105/772
56 60 60 295/971
56 60 59 103/736
57 60 60 294/899
57 60 59 98/899
58 60 60 375/842
58 60 59 127/317
59 60 60 432/923
59 60 59 139/319
60 60 60 499/848
60 60 59 27/332
