# UNIF(n=58,lo,hi): D_ren + dipoles; lines "lo hi level amplitude" for the corrected intervals
46 46 46 49/464
46 46 45 -8/961
47 47 47 67/484
47 47 46 85/802
48 48 48 151/951
48 48 47 6/677
49 49 49 3/16
49 49 48 75/458
50 50 50 91/971
50 50 49 -33/529
49 51 51 13/135
49 51 50 -5/193
51 51 51 58/627
51 51 50 -7/97
48 52 52 48/197
48 52 51 38/985
50 52 52 166/579
50 52 51 15/287
51 52 52 46/151
51 52 51 46/283
52 52 52 284/887
52 52 51 23/535
47 53 53 305/912
47 53 52 398/987
49 53 53 170/473
49 53 52 259/590
50 53 53 279/754
50 53 52 351/614
51 53 53 162/427
51 53 52 316/703
52 53 53 206/537
52 53 52 277/429
53 53 53 320/931
53 53 52 231/751
46 54 54 364/899
46 54 53 19/196
47 54 54 419/995
47 54 53 103/742
48 54 54 17/39
48 54 53 15/133
49 54 54 31/69
49 54 53 1/6
50 54 54 125/271
50 54 53 109/910
51 54 54 293/621
51 54 53 175/884
52 54 54 177/368
52 54 53 54/487
53 54 54 477/976
53 54 53 183/745
54 54 54 251/507
54 54 53 46/763
41 55 55 15/43
41 55 54 206/811
42 55 55 335/957
42 55 54 197/709
43 55 55 337/907
43 55 54 98/323
44 55 55 64/173
44 55 54 217/664
45 55 55 301/759
45 55 54 289/811
46 55 55 354/905
46 55 54 265/697
47 55 55 56/131
47 55 54 395/941
48 55 55 212/509
48 55 54 283/635
49 55 55 451/954
49 55 54 151/296
50 55 55 449/992
50 55 54 373/689
51 55 55 206/401
51 55 54 493/849
52 55 55 373/787
52 55 54 183/295
53 55 55 209/315
53 55 54 184/213
54 55 55 573/973
54 55 54 157/164
55 55 55 89/165
55 55 54 10/23
31 56 56 49/366
31 56 55 26/525
32 56 56 122/851
32 56 55 52/997
33 56 56 81/535
33 56 55 33/602
34 56 56 127/792
34 56 55 51/890
35 56 56 79/471
35 56 55 36/601
36 56 56 145/823
36 56 55 47/755
37 56 56 92/503
37 56 55 26/401
38 56 56 185/969
38 56 55 45/671
39 56 56 145/736
39 56 55 44/631
40 56 56 167/816
40 56 55 12/167
41 56 56 128/609
41 56 55 45/602
42 56 56 109/501
42 56 55 49/638
43 56 56 59/265
43 56 55 49/611
44 56 56 192/835
44 56 55 68/827
45 56 56 213/907
45 56 55 83/958
46 56 56 103/425
46 56 55 48/541
47 56 56 244/985
47 56 55 95/997
48 56 56 161/629
48 56 55 4/41
49 56 56 44/167
49 56 55 104/955
50 56 56 212/775
50 56 55 21/188
51 56 56 127/440
51 56 55 117/862
52 56 56 187/617
52 56 55 109/780
53 56 56 273/836
53 56 55 91/836
54 56 56 175/393
54 56 55 67/167
55 56 56 170/363
55 56 55 277/636
56 56 56 359/610
56 56 55 13/160
