# UNIF(n=160,lo,hi): D_ren + dipoles; lines "lo hi level amplitude" for the corrected intervals
137 137 137 4/115
137 137 136 -2/675
138 138 138 62/991
138 138 137 0
139 139 139 2/57
139 139 138 -6/691
140 140 140 29/378
140 140 139 1/228
141 141 141 16/443
141 141 140 -9/616
142 142 142 50/541
142 142 141 2/219
143 143 143 4/39
143 143 142 49/527
144 144 144 86/779
144 144 143 14/999
143 145 145 79/817
143 145 144 73/904
145 145 145 41/343
145 145 144 103/925
144 146 146 89/829
144 146 145 4/373
146 146 146 53/402
146 146 145 14/729
145 147 147 118/929
145 147 146 93/760
147 147 147 86/615
147 147 146 118/893
144 148 148 107/891
144 148 147 6/383
146 148 148 51/856
146 148 147 -17/569
148 148 148 10/63
148 148 147 11/441
145 149 149 51/344
145 149 148 125/806
147 149 149 129/790
147 149 148 110/643
149 149 149 148/891
149 149 148 58/367
144 150 150 91/604
144 150 149 17/582
146 150 150 92/549
146 150 149 20/571
148 150 150 9/143
148 150 149 -7/167
149 150 150 9/488
149 150 149 -4/785
150 150 150 109/560
150 150 149 13/411
143 151 151 73/415
143 151 150 73/364
145 151 151 187/989
145 151 150 199/910
147 151 151 66/329
147 151 150 83/360
148 151 151 93/452
148 151 150 245/753
149 151 151 209/993
149 151 150 61/261
150 151 151 29/135
150 151 150 88/243
151 151 151 128/633
151 151 150 187/973
142 152 152 157/827
142 152 151 41/893
144 152 152 191/933
144 152 151 12/227
145 152 152 103/487
145 152 151 71/813
146 152 152 105/482
146 152 151 9/157
147 152 152 179/800
147 152 151 44/437
148 152 152 91/397
148 152 151 15/257
149 152 152 145/619
149 152 151 83/716
150 152 152 91/381
150 152 151 2/37
151 152 152 243/1000
151 152 151 129/949
152 152 152 73/939
152 152 151 -47/638
141 153 153 72/935
141 153 152 -7/640
142 153 153 47/739
142 153 152 -1/198
143 153 153 3/41
143 153 152 -1/46
144 153 153 35/611
144 153 152 -8/637
145 153 153 5/71
145 153 152 -29/906
146 153 153 50/983
146 153 152 -9/491
147 153 153 4/15
147 153 152 185/553
148 153 153 187/692
148 153 152 384/937
149 153 153 93/340
149 153 152 207/617
150 153 153 211/763
150 153 152 356/813
151 153 153 43/578
151 153 152 -46/705
152 153 153 12/527
152 153 152 -9/527
153 153 153 43/499
153 153 152 -35/419
138 154 154 229/874
138 154 153 27/377
139 154 154 212/789
139 154 153 54/611
140 154 154 107/389
140 154 153 73/920
141 154 154 70/249
141 154 153 29/295
142 154 154 212/739
142 154 153 55/641
143 154 154 19/65
143 154 153 41/380
144 154 154 279/938
144 154 153 56/617
145 154 154 201/665
145 154 153 103/877
146 154 154 127/414
146 154 153 35/373
147 154 154 227/730
147 154 153 109/855
148 154 154 210/667
148 154 153 71/753
149 154 154 185/581
149 154 153 99/712
150 154 154 46/143
150 154 153 29/320
151 154 154 286/881
151 154 153 111/719
152 154 154 18/55
152 154 153 71/895
153 154 154 324/983
153 154 153 112/625
154 154 154 194/585
154 154 153 49/968
133 155 155 272/795
133 155 154 177/394
134 155 155 326/941
134 155 154 77/164
135 155 155 332/947
135 155 154 397/853
136 155 155 323/911
136 155 154 468/961
137 155 155 167/466
137 155 154 469/977
138 155 155 265/732
138 155 154 73/145
139 155 155 337/922
139 155 154 491/996
140 155 155 187/507
140 155 154 314/605
141 155 155 93/250
141 155 154 123/244
142 155 155 3/8
142 155 154 473/886
143 155 155 249/659
143 155 154 39/76
144 155 155 379/996
144 155 154 312/569
145 155 155 131/342
145 155 154 487/937
146 155 155 343/890
146 155 154 523/929
147 155 155 231/596
147 155 154 34/65
148 155 155 30/77
148 155 154 279/482
149 155 155 294/751
149 155 154 421/807
150 155 155 173/440
150 155 154 189/316
151 155 155 15/38
151 155 154 333/650
152 155 155 61/154
152 155 154 97/155
153 155 155 89/224
153 155 154 55/113
154 155 155 196/501
154 155 154 223/337
155 155 155 285/821
155 155 154 17/54
126 156 156 284/719
126 156 155 100/999
127 156 156 357/890
127 156 155 73/675
128 156 156 46/113
128 156 155 29/267
129 156 156 45/109
129 156 155 9/77
130 156 156 277/662
130 156 155 102/875
131 156 156 281/663
131 156 155 107/855
132 156 156 257/599
132 156 155 29/234
133 156 156 135/311
133 156 155 113/850
134 156 156 363/827
134 156 155 23/176
135 156 156 59/133
135 156 155 102/727
136 156 156 423/944
136 156 155 129/943
137 156 156 442/977
137 156 155 110/747
138 156 156 21/46
138 156 155 98/689
139 156 156 163/354
139 156 155 2/13
140 156 156 201/433
140 156 155 103/701
141 156 156 225/481
141 156 155 37/231
142 156 156 433/919
142 156 155 19/126
143 156 156 472/995
143 156 155 83/499
144 156 156 95/199
144 156 155 128/833
145 156 156 85/177
145 156 155 44/255
146 156 156 409/847
146 156 155 34/219
147 156 156 381/785
147 156 155 174/971
148 156 156 217/445
148 156 155 149/961
149 156 156 406/829
149 156 155 49/262
150 156 156 59/120
150 156 155 105/691
151 156 156 262/531
151 156 155 84/425
152 156 156 344/695
152 156 155 103/718
153 156 156 271/546
153 156 155 207/962
154 156 156 302/607
154 156 155 92/751
155 156 156 170/341
155 156 155 25/99
156 156 156 390/781
156 156 155 59/932
112 157 157 259/809
112 157 156 199/964
113 157 157 199/614
113 157 156 149/700
114 157 157 167/512
114 157 156 81/368
115 157 157 307/930
115 157 156 112/495
116 157 157 244/735
116 157 156 227/973
117 157 157 218/649
117 157 156 94/393
118 157 157 213/631
118 157 156 232/943
119 157 157 223/653
119 157 156 115/457
120 157 157 250/729
120 157 156 257/995
121 157 157 298/859
121 157 156 251/952
122 157 157 212/609
122 157 156 104/385
123 157 157 343/974
123 157 156 139/505
124 157 157 268/759
124 157 156 223/792
125 157 157 249/697
125 157 156 55/192
126 157 157 335/936
126 157 156 163/557
127 157 157 46/127
127 157 156 267/898
128 157 157 91/251
128 157 156 223/735
129 157 157 272/741
129 157 156 105/341
130 157 157 185/504
130 157 156 221/704
131 157 157 209/562
131 157 156 219/688
132 157 157 211/568
132 157 156 239/737
133 157 157 55/146
133 157 156 233/709
134 157 157 56/149
134 157 156 257/768
135 157 157 345/904
135 157 156 218/643
136 157 157 246/647
136 157 156 185/536
137 157 157 41/106
137 157 156 78/223
138 157 157 327/850
138 157 156 245/688
139 157 157 299/762
139 157 156 272/753
140 157 157 377/968
140 157 156 39/106
141 157 157 376/943
141 157 156 273/730
142 157 157 15/38
142 157 156 175/459
143 157 157 141/347
143 157 156 170/437
144 157 157 358/893
144 157 156 373/939
145 157 157 397/954
145 157 156 242/593
146 157 157 405/991
146 157 156 414/991
147 157 157 95/221
147 157 156 282/649
148 157 157 255/608
148 157 156 263/589
149 157 157 392/869
149 157 156 316/665
150 157 157 435/998
150 157 156 416/847
151 157 157 125/256
151 157 156 129/236
152 157 157 415/893
152 157 156 347/609
153 157 157 146/279
153 157 156 272/451
154 157 157 25/52
154 157 156 635/998
155 157 157 539/809
155 157 156 854/981
156 157 157 101/171
156 157 156 799/831
157 157 157 276/511
157 157 156 306/701
85 158 158 13/98
85 158 157 15/319
86 158 158 67/493
86 158 157 37/772
87 158 158 91/655
87 158 157 2/41
88 158 158 134/943
88 158 157 37/745
89 158 158 19/131
89 158 157 46/911
90 158 158 4/27
90 158 157 17/331
91 158 158 146/967
91 158 157 6/115
92 158 158 81/526
92 158 157 52/981
93 158 158 29/185
93 158 157 17/316
94 158 158 103/645
94 158 157 45/824
95 158 158 44/271
95 158 157 52/939
96 158 158 19/115
96 158 157 56/997
97 158 158 74/441
97 158 157 7/123
98 158 158 138/809
98 158 157 3/52
99 158 158 9/52
99 158 157 58/993
100 158 158 164/933
100 158 157 31/524
101 158 158 178/999
101 158 157 17/284
102 158 158 49/271
102 158 157 59/974
103 158 158 115/628
103 158 157 28/457
104 158 158 70/377
104 158 157 52/839
105 158 158 149/793
105 158 157 29/463
106 158 158 95/499
106 158 157 24/379
107 158 158 149/774
107 158 157 52/813
108 158 158 192/985
108 158 157 36/557
109 158 158 181/919
109 158 157 49/751
110 158 158 170/853
110 158 157 40/607
111 158 158 65/323
111 158 157 51/767
112 158 158 139/683
112 158 157 39/581
113 158 158 23/112
113 158 157 48/709
114 158 158 159/766
114 158 157 58/849
115 158 158 202/965
115 158 157 52/755
116 158 158 188/889
116 158 157 33/475
117 158 158 13/61
117 158 157 46/657
118 158 158 215/999
118 158 157 67/949
119 158 158 181/835
119 158 157 67/942
120 158 158 121/553
120 158 157 39/544
121 158 158 187/849
121 158 157 53/734
122 158 158 2/9
122 158 157 43/591
123 158 158 36/161
123 158 157 37/505
124 158 158 83/368
124 158 157 51/691
125 158 158 215/948
125 158 157 35/471
126 158 158 51/223
126 158 157 58/775
127 158 158 211/918
127 158 157 11/146
128 158 158 130/561
128 158 157 72/949
129 158 158 179/769
129 158 157 54/707
130 158 158 229/976
130 158 157 1/13
131 158 158 151/641
131 158 157 47/607
132 158 158 222/935
132 158 157 76/975
133 158 158 203/852
133 158 157 53/675
134 158 158 195/812
134 158 157 66/835
135 158 158 33/137
135 158 157 29/364
136 158 158 59/243
136 158 157 47/586
137 158 158 241/990
137 158 157 73/902
138 158 158 175/713
138 158 157 81/994
139 158 158 215/874
139 158 157 78/947
140 158 158 199/802
140 158 157 55/663
141 158 158 136/547
141 158 157 19/226
142 158 158 194/773
142 158 157 56/661
143 158 158 128/509
143 158 157 82/951
144 158 158 77/303
144 158 157 2/23
145 158 158 107/420
145 158 157 86/965
146 158 158 155/601
146 158 157 89/989
147 158 158 29/112
147 158 157 7/75
148 158 158 46/175
148 158 157 22/233
149 158 158 111/419
149 158 157 1/10
150 158 158 258/955
150 158 157 88/867
151 158 158 259/942
151 158 157 51/455
152 158 158 232/821
152 158 157 86/753
153 158 158 211/714
153 158 157 132/959
154 158 158 175/568
154 158 157 129/914
155 158 158 156/473
155 158 157 52/473
156 158 158 144/323
156 158 157 296/745
157 158 158 451/967
157 158 157 149/341
158 158 158 371/631
158 158 157 74/905
