# UNIF(n=141,lo,hi): D_ren + dipoles; lines "lo hi level amplitude" for the corrected intervals
120 120 120 22/585
120 120 119 -3/841
121 121 121 7/100
121 121 120 0
122 122 122 19/498
122 122 121 -6/575
123 123 123 55/632
123 123 122 2/371
124 124 124 94/957
124 124 123 41/478
125 125 125 67/631
125 125 124 10/903
126 126 126 49/418
126 126 125 89/827
125 127 127 47/484
125 127 126 1/285
127 127 127 123/956
127 127 126 16/943
126 128 128 112/939
126 128 127 7/64
128 128 128 67/485
128 128 127 48/371
127 129 129 19/292
127 129 128 -3/112
129 129 129 51/326
129 129 128 10/429
126 130 130 83/599
126 130 129 123/887
128 130 130 157/994
128 130 129 29/179
130 130 130 111/673
130 130 129 101/647
127 131 131 78/493
127 131 130 5/177
129 131 131 34/509
129 131 130 -38/957
131 131 131 179/927
131 131 130 9/295
126 132 132 177/986
126 132 131 18/89
128 132 132 69/355
128 132 131 195/887
129 132 132 161/801
129 132 131 308/971
130 132 132 35/169
130 132 131 116/509
131 132 132 47/221
131 132 131 252/703
132 132 132 55/273
132 132 131 156/817
125 133 133 133/694
125 133 132 6/139
127 133 133 39/187
127 133 132 23/456
128 133 133 123/569
128 133 132 79/831
129 133 133 25/112
129 133 132 42/779
130 133 133 215/936
130 133 132 87/773
131 133 133 127/539
131 133 132 45/871
132 133 133 207/859
132 133 132 98/729
133 133 133 58/739
133 133 132 -55/751
124 134 134 61/785
124 134 133 -11/963
125 134 134 3/49
125 134 133 -3/835
126 134 134 64/867
126 134 133 -7/288
127 134 134 49/912
127 134 133 -3/254
128 134 134 252/965
128 134 133 90/277
129 134 134 215/809
129 134 133 322/801
130 134 134 253/937
130 134 133 55/167
131 134 134 235/858
131 134 133 357/824
132 134 134 37/492
132 134 133 -13/205
133 134 134 23/988
133 134 133 -4/251
134 134 134 82/949
134 134 133 -83/1000
121 135 135 47/182
121 135 134 31/467
122 135 135 257/966
122 135 134 28/323
123 135 135 102/373
123 135 134 4/53
124 135 135 168/599
124 135 134 8/81
125 135 135 271/944
125 135 134 37/447
126 135 135 227/774
126 135 134 106/959
127 135 135 230/769
127 135 134 83/944
128 135 135 88/289
128 135 134 43/351
129 135 135 303/979
129 135 134 67/743
130 135 135 305/971
130 135 134 87/641
131 135 135 219/688
131 135 134 64/727
132 135 135 316/981
132 135 134 134/879
133 135 135 264/811
133 135 134 17/218
134 135 135 319/971
134 135 134 127/712
135 135 135 301/909
135 135 134 41/816
118 136 136 275/794
118 136 135 116/253
119 136 136 350/997
119 136 135 269/556
120 136 136 16/45
120 136 135 86/181
121 136 136 267/742
121 136 135 434/863
122 136 136 353/970
122 136 135 401/819
123 136 136 153/416
123 136 135 311/597
124 136 136 367/988
124 136 135 440/877
125 136 136 373/995
125 136 135 204/379
126 136 136 346/915
126 136 135 419/820
127 136 136 247/648
127 136 135 451/812
128 136 136 48/125
128 136 135 31/60
129 136 136 283/732
129 136 135 281/490
130 136 136 333/856
130 136 135 464/897
131 136 136 383/979
131 136 135 591/994
132 136 136 81/206
132 136 135 133/261
133 136 136 299/757
133 136 135 194/311
134 136 136 23/58
134 136 135 149/307
135 136 136 34/87
135 136 135 661/1000
136 136 136 68/535
136 136 135 -98/781
111 137 137 370/937
111 137 136 23/237
112 137 137 350/871
112 137 136 17/159
113 137 137 105/257
113 137 136 20/187
114 137 137 364/877
114 137 136 101/862
115 137 137 265/629
115 137 136 13/112
116 137 137 244/571
116 137 136 114/899
117 137 137 314/725
117 137 136 124/997
118 137 137 311/709
118 137 136 111/817
119 137 137 202/455
119 137 136 70/531
120 137 137 185/412
120 137 136 121/838
121 137 137 305/672
121 137 136 22/159
122 137 137 425/927
122 137 136 127/833
123 137 137 330/713
123 137 136 139/966
124 137 137 417/893
124 137 136 128/799
125 137 137 412/875
125 137 136 55/371
126 137 137 391/824
126 137 136 73/435
127 137 137 444/929
127 137 136 151/999
128 137 137 446/927
128 137 136 159/905
129 137 137 471/973
129 137 136 113/743
130 137 137 221/454
130 137 136 177/959
131 137 137 319/652
131 137 136 148/987
132 137 137 405/824
132 137 136 10/51
133 137 137 38/77
133 137 136 100/703
134 137 137 105/212
134 137 136 3/14
135 137 137 78/157
135 137 136 79/648
136 137 137 132/265
136 137 136 29/115
137 137 137 302/605
137 137 136 61/966
99 138 138 281/879
99 138 137 113/532
100 138 138 61/188
100 138 137 56/255
101 138 138 313/958
101 138 137 136/597
102 138 138 302/911
102 138 137 157/669
103 138 138 1/3
103 138 137 74/305
104 138 138 91/269
104 138 137 151/606
105 138 138 239/703
105 138 137 233/907
106 138 138 10/29
106 138 137 5/19
107 138 138 287/829
107 138 137 200/739
108 138 138 341/971
108 138 137 13/47
109 138 138 193/548
109 138 137 113/398
110 138 138 124/347
110 138 137 137/473
111 138 138 218/609
111 138 137 65/219
112 138 138 262/721
112 138 137 13/43
113 138 138 361/993
113 138 137 267/863
114 138 138 147/398
114 138 137 181/575
115 138 138 131/355
115 138 137 93/289
116 138 138 143/381
116 138 137 301/920
117 138 138 79/211
117 138 137 125/374
118 138 138 214/561
118 138 137 53/156
119 138 138 177/466
119 138 137 17/49
120 138 138 367/946
120 138 137 313/887
121 138 138 180/467
121 138 137 40/111
122 138 138 371/939
122 138 137 351/956
123 138 138 101/258
123 138 137 311/829
124 138 138 117/290
124 138 137 369/962
125 138 138 335/841
125 138 137 383/976
126 138 138 399/964
126 138 137 292/723
127 138 138 133/327
127 138 137 335/809
128 138 138 319/745
128 138 137 421/976
129 138 138 344/823
129 138 137 411/926
130 138 138 229/509
130 138 137 306/647
131 138 138 167/384
131 138 137 435/889
132 138 138 39/80
132 138 137 157/288
133 138 138 401/864
133 138 137 555/976
134 138 138 275/526
134 138 137 165/274
135 138 138 319/664
135 138 137 553/870
136 138 138 417/626
136 138 137 678/779
137 138 138 499/845
137 138 137 919/956
138 138 138 438/811
138 138 137 436/999
74 139 139 63/481
74 139 138 9/193
75 139 139 134/995
75 139 138 47/986
76 139 139 112/811
76 139 138 25/514
77 139 139 122/861
77 139 138 41/826
78 139 139 77/531
78 139 138 13/257
79 139 139 139/936
79 139 138 48/931
80 139 139 120/791
80 139 138 35/667
81 139 139 123/793
81 139 138 25/468
82 139 139 28/177
82 139 138 29/534
83 139 139 26/161
83 139 138 37/670
84 139 139 112/681
84 139 138 47/838
85 139 139 167/996
85 139 138 49/860
86 139 139 81/475
86 139 138 57/986
87 139 139 137/789
87 139 138 23/392
88 139 139 112/635
88 139 138 16/269
89 139 139 148/825
89 139 138 19/315
90 139 139 83/456
90 139 138 49/802
91 139 139 113/611
91 139 138 59/953
92 139 139 185/987
92 139 138 24/383
93 139 139 145/762
93 139 138 25/394
94 139 139 121/628
94 139 138 43/670
95 139 139 111/568
95 139 138 63/970
96 139 139 120/607
96 139 138 30/457
97 139 139 112/559
97 139 138 63/949
98 139 139 97/479
98 139 138 67/999
99 139 139 129/629
99 139 138 65/959
100 139 139 163/787
100 139 138 59/862
101 139 139 61/291
101 139 138 41/593
102 139 139 202/955
102 139 138 67/960
103 139 139 187/874
103 139 138 57/809
104 139 139 159/737
104 139 138 59/830
105 139 139 53/243
105 139 138 33/460
106 139 139 149/678
106 139 138 39/539
107 139 139 159/716
107 139 138 73/1000
108 139 139 199/890
108 139 138 70/951
109 139 139 159/704
109 139 138 70/943
110 139 139 5/22
110 139 138 61/815
111 139 139 95/414
111 139 138 4/53
112 139 139 3/13
112 139 138 7/92
113 139 139 215/923
113 139 138 53/691
114 139 139 125/534
114 139 138 55/711
115 139 139 228/965
115 139 138 75/962
116 139 139 14/59
116 139 138 38/483
117 139 139 57/238
117 139 138 49/618
118 139 139 119/495
118 139 138 72/899
119 139 139 91/375
119 139 138 18/223
120 139 139 177/727
120 139 138 57/698
121 139 139 192/781
121 139 138 61/741
122 139 139 233/945
122 139 138 43/515
123 139 139 211/847
123 139 138 81/962
124 139 139 249/997
124 139 138 50/583
125 139 139 166/657
125 139 138 65/751
126 139 139 237/935
126 139 138 79/890
127 139 139 142/553
127 139 138 73/814
128 139 139 170/659
128 139 138 55/591
129 139 139 49/187
129 139 138 60/637
130 139 139 65/246
130 139 138 67/671
131 139 139 203/753
131 139 138 68/671
132 139 139 227/827
132 139 138 44/393
133 139 139 127/450
133 139 138 55/482
134 139 139 292/989
134 139 138 26/189
135 139 139 230/747
135 139 138 125/886
136 139 139 301/913
136 139 138 10/91
137 139 139 329/738
137 139 138 283/712
138 139 139 160/343
138 139 138 218/499
139 139 139 137/233
139 139 138 47/575
