# UNIF(n=194,lo,hi): D_ren + dipoles; lines "lo hi level amplitude" for the corrected intervals
167 167 167 11/360
167 167 166 -1/1000
168 168 168 49/986
168 168 167 -2/967
169 169 169 7/229
169 169 168 -1/203
170 170 170 57/946
170 170 169 1/620
171 171 171 4/129
171 171 170 -9/959
172 172 172 51/712
172 172 171 1/189
173 173 173 7/219
173 173 172 -3/214
174 174 174 58/689
174 174 173 9/998
175 175 175 13/141
175 175 174 47/560
176 176 176 31/315
176 176 175 11/855
175 177 177 78/917
175 177 176 49/699
177 177 177 100/943
177 177 176 99/998
176 178 178 74/793
176 178 177 5/573
178 178 178 29/252
178 178 177 1/59
177 179 179 9/83
177 179 178 93/913
179 179 179 81/665
179 179 178 62/537
176 180 180 87/871
176 180 179 10/927
178 180 180 109/918
178 180 179 16/893
180 180 180 31/229
180 180 179 20/933
177 181 181 4/33
177 181 180 19/157
179 181 181 91/671
179 181 180 101/732
181 181 181 104/735
181 181 180 103/762
176 182 182 88/739
176 182 181 6/313
178 182 182 32/237
178 182 181 19/754
180 182 182 51/947
180 182 181 -33/980
182 182 182 5/31
182 182 181 25/941
177 183 183 108/733
177 183 182 5/31
179 183 183 142/893
179 183 182 110/629
181 183 183 11/65
181 183 182 91/500
182 183 183 126/725
182 183 182 169/578
183 183 183 143/855
183 183 182 41/256
176 184 184 60/391
176 184 183 25/724
178 184 184 147/883
178 184 183 23/583
180 184 184 160/899
180 184 183 39/934
181 184 184 176/961
181 184 183 47/504
182 184 184 41/696
182 184 183 -22/493
183 184 184 15/944
183 184 183 -3/440
184 184 184 151/769
184 184 183 24/733
175 185 185 101/559
175 185 184 130/607
177 185 185 33/173
177 185 184 37/162
178 185 185 194/993
178 185 184 232/811
179 185 185 134/671
179 185 184 110/461
180 185 185 141/692
180 185 184 235/759
181 185 185 204/983
181 185 184 85/349
182 185 185 88/417
182 185 184 289/862
183 185 185 214/999
183 185 184 150/623
184 185 185 139/640
184 185 184 169/461
185 185 185 83/409
185 185 184 6/31
174 186 186 164/829
174 186 185 23/432
175 186 186 146/717
175 186 185 41/539
176 186 186 55/263
176 186 185 41/699
177 186 186 212/989
177 186 185 40/467
178 186 186 212/967
178 186 185 62/993
179 186 186 169/755
179 186 185 91/953
180 186 186 201/881
180 186 185 49/764
181 186 186 192/827
181 186 185 17/160
182 186 186 71/301
182 186 185 44/701
183 186 186 218/911
183 186 185 109/914
184 186 186 8/33
184 186 185 40/709
185 186 186 116/473
185 186 185 137/997
186 186 186 77/1000
186 186 185 -65/876
171 187 187 73/960
171 187 186 -5/629
172 187 187 53/796
172 187 186 -3/638
173 187 187 67/924
173 187 186 -14/845
174 187 187 31/502
174 187 186 -7/610
175 187 187 27/388
175 187 186 -23/931
176 187 187 28/491
176 187 186 -1/58
177 187 187 37/549
177 187 186 -11/339
178 187 187 15/287
178 187 186 -7/320
179 187 187 8/121
179 187 186 -1/25
180 187 187 38/805
180 187 186 -6/239
181 187 187 3/11
181 187 186 204/589
182 187 187 71/258
182 187 186 255/608
183 187 187 225/811
183 187 186 106/309
184 187 187 237/848
184 187 186 169/381
185 187 187 27/368
185 187 186 -46/685
186 187 187 16/723
186 187 186 -4/219
187 187 187 45/524
187 187 186 -75/892
168 188 188 77/291
168 188 187 55/734
169 188 188 233/863
169 188 187 79/905
170 188 188 257/934
170 188 187 29/356
171 188 188 272/971
171 188 187 83/873
172 188 188 194/681
172 188 187 15/172
173 188 188 257/888
173 188 187 49/478
174 188 188 277/943
174 188 187 64/695
175 188 188 291/977
175 188 187 35/319
176 188 188 188/623
176 188 187 19/198
177 188 188 179/586
177 188 187 79/676
178 188 188 38/123
178 188 187 85/862
179 188 188 69/221
179 188 187 41/330
180 188 188 163/517
180 188 187 28/281
181 188 188 279/877
181 188 187 83/627
182 188 188 315/982
182 188 187 59/600
183 188 188 287/888
183 188 187 37/260
184 188 188 137/421
184 188 187 86/923
185 188 188 240/733
185 188 187 143/915
186 188 188 80/243
186 188 187 78/967
187 188 188 87/263
187 188 187 173/961
188 188 188 286/861
188 188 187 23/451
161 189 189 106/311
161 189 188 223/497
162 189 189 321/932
162 189 188 427/921
163 189 189 223/641
163 189 188 154/333
164 189 189 307/874
164 189 188 391/818
165 189 189 279/787
165 189 188 451/949
166 189 189 250/699
166 189 188 380/773
167 189 189 189/524
167 189 188 318/653
168 189 189 4/11
168 189 188 453/898
169 189 189 347/947
169 189 188 106/213
170 189 189 361/978
170 189 188 295/571
171 189 189 297/799
171 189 188 459/905
172 189 189 58/155
172 189 188 131/248
173 189 189 331/879
173 189 188 50/97
174 189 189 297/784
174 189 188 521/966
175 189 189 381/1000
175 189 188 292/559
176 189 189 221/577
176 189 188 499/907
177 189 189 179/465
177 189 188 449/851
178 189 189 152/393
178 189 188 239/426
179 189 189 209/538
179 189 188 112/211
180 189 189 346/887
180 189 188 229/400
181 189 189 65/166
181 189 188 477/898
182 189 189 167/425
182 189 188 171/292
183 189 189 177/449
183 189 188 329/624
184 189 189 393/994
184 189 188 426/707
185 189 189 354/893
185 189 188 131/254
186 189 189 60/151
186 189 188 563/896
187 189 189 350/879
187 189 188 445/911
188 189 189 177/452
188 189 188 53/80
189 189 189 58/167
189 189 188 52/165
153 190 190 356/899
153 190 189 84/811
154 190 190 310/773
154 190 189 11/105
155 190 190 382/941
155 190 189 69/622
156 190 190 306/745
156 190 189 111/994
157 190 190 356/857
157 190 189 23/195
158 190 190 299/712
158 190 189 63/533
159 190 190 216/509
159 190 189 42/337
160 190 190 427/996
160 190 189 117/941
161 190 190 422/975
161 190 189 52/397
162 190 190 429/982
162 190 189 125/961
163 190 190 361/819
163 190 189 67/489
164 190 190 373/839
164 190 189 135/997
165 190 190 446/995
165 190 189 142/995
166 190 190 164/363
166 190 189 71/506
167 190 190 310/681
167 190 189 147/992
168 190 190 431/940
168 190 189 118/815
169 190 190 247/535
169 190 189 136/887
170 190 190 112/241
170 190 189 147/988
171 190 190 347/742
171 190 189 116/733
172 190 190 406/863
172 190 189 97/637
173 190 190 449/949
173 190 189 96/589
174 190 190 88/185
174 190 189 106/683
175 190 190 131/274
175 190 189 59/352
176 190 190 331/689
176 190 189 94/597
177 190 190 471/976
177 190 189 149/865
178 190 190 347/716
178 190 189 143/900
179 190 190 344/707
179 190 189 113/638
180 190 190 21/43
180 190 189 153/961
181 190 190 320/653
181 190 189 109/597
182 190 190 322/655
182 190 189 3/19
183 190 190 460/933
183 190 189 182/961
184 190 190 131/265
184 190 189 2/13
185 190 190 166/335
185 190 189 48/241
186 190 190 363/731
186 190 189 47/325
187 190 190 100/201
187 190 189 213/986
188 190 190 445/893
188 190 189 8/65
189 190 190 251/503
189 190 189 243/961
190 190 190 499/999
190 190 189 46/725
136 191 191 292/913
136 191 190 202/981
137 191 191 31/96
137 191 190 53/251
138 191 191 290/893
138 191 190 181/834
139 191 191 178/543
139 191 190 177/797
140 191 191 259/786
140 191 190 195/856
141 191 191 142/427
141 191 190 151/649
142 191 191 140/419
142 191 190 81/340
143 191 191 265/786
143 191 190 214/881
144 191 191 322/951
144 191 190 149/600
145 191 191 179/524
145 191 190 247/977
146 191 191 227/662
146 191 190 199/771
147 191 191 339/980
147 191 190 164/625
148 191 191 337/971
148 191 190 259/968
149 191 191 174/497
149 191 190 210/773
150 191 191 323/920
150 191 190 259/936
151 191 191 346/977
151 191 190 229/816
152 191 191 257/724
152 191 190 277/970
153 191 191 323/902
153 191 190 149/515
154 191 191 259/722
154 191 190 293/996
155 191 191 211/583
155 191 190 237/796
156 191 191 283/781
156 191 190 134/443
157 191 191 279/763
157 191 190 212/693
158 191 191 356/973
158 191 190 214/689
159 191 191 301/815
159 191 190 296/943
160 191 191 332/899
160 191 190 43/135
161 191 191 317/850
161 191 190 83/258
162 191 191 79/212
162 191 190 31/95
163 191 191 337/895
163 191 190 309/938
164 191 191 253/673
164 191 190 155/464
165 191 191 46/121
165 191 190 89/264
166 191 191 113/298
166 191 190 215/629
167 191 191 362/943
167 191 190 129/374
168 191 191 83/217
168 191 190 327/935
169 191 191 311/802
169 191 190 353/1000
170 191 191 377/977
170 191 190 179/500
171 191 191 323/824
171 191 190 175/484
172 191 191 229/588
172 191 190 164/447
173 191 191 386/973
173 191 190 82/221
174 191 191 107/272
174 191 190 26/69
175 191 191 356/885
175 191 190 157/411
176 191 191 302/759
176 191 190 148/381
177 191 191 268/655
177 191 190 259/655
178 191 191 119/295
178 191 190 195/484
179 191 191 356/851
179 191 190 411/995
180 191 191 163/397
180 191 190 65/154
181 191 191 337/781
181 191 190 266/607
182 191 191 85/202
182 191 190 67/149
183 191 191 161/356
183 191 190 140/293
184 191 191 121/277
184 191 190 221/448
185 191 191 424/867
185 191 190 397/724
186 191 191 369/793
186 191 190 558/977
187 191 191 518/989
187 191 190 29/48
188 191 191 140/291
188 191 190 86/135
189 191 191 665/998
189 191 190 681/782
190 191 191 446/755
190 191 190 703/731
191 191 191 491/909
191 191 190 396/907
102 192 192 16/123
102 192 191 45/974
103 192 192 13/98
103 192 191 45/959
104 192 192 100/739
104 192 191 47/986
105 192 192 47/341
105 192 191 46/951
106 192 192 83/591
106 192 191 19/387
107 192 192 1/7
107 192 191 47/944
108 192 192 8/55
108 192 191 46/911
109 192 192 89/602
109 192 191 24/469
110 192 192 66/439
110 192 191 25/482
111 192 192 20/131
111 192 191 27/514
112 192 192 103/664
112 192 191 39/733
113 192 192 99/629
113 192 191 51/947
114 192 192 120/751
114 192 191 32/587
115 192 192 81/500
115 192 191 52/943
116 192 192 153/931
116 192 191 13/233
117 192 192 158/949
117 192 191 48/851
118 192 192 40/237
118 192 191 32/561
119 192 192 61/357
119 192 191 20/347
120 192 192 121/699
120 192 191 55/944
121 192 192 162/925
121 192 191 1/17
122 192 192 111/626
122 192 191 45/757
123 192 192 161/898
123 192 191 59/983
124 192 192 41/226
124 192 191 2/33
125 192 192 178/971
125 192 191 54/883
126 192 192 94/507
126 192 191 5/81
127 192 192 47/251
127 192 191 50/803
128 192 192 113/597
128 192 191 59/939
129 192 192 171/895
129 192 191 14/221
130 192 192 172/891
130 192 191 57/892
131 192 192 119/611
131 192 191 55/854
132 192 192 119/605
132 192 191 5/77
133 192 192 24/121
133 192 191 60/917
134 192 192 172/859
134 192 191 37/561
135 192 192 199/986
135 192 191 37/557
136 192 192 89/437
136 192 191 33/493
137 192 192 87/424
137 192 191 43/638
138 192 192 172/831
138 192 191 59/869
139 192 192 79/379
139 192 191 68/995
140 192 192 194/923
140 192 191 17/247
141 192 192 84/397
141 192 191 57/823
142 192 192 61/286
142 192 191 47/674
143 192 192 138/643
143 192 191 55/784
144 192 192 93/430
144 192 191 31/439
145 192 192 62/285
145 192 191 25/352
146 192 192 199/908
146 192 191 71/993
147 192 192 171/776
147 192 191 35/487
148 192 192 176/793
148 192 191 47/650
149 192 192 205/919
149 192 191 41/564
150 192 192 177/788
150 192 191 40/547
151 192 192 225/997
151 192 191 43/585
152 192 192 132/581
152 192 191 55/744
153 192 192 217/951
153 192 191 50/673
154 192 192 209/910
154 192 191 70/937
155 192 192 193/837
155 192 191 25/333
156 192 192 181/780
156 192 191 73/967
157 192 192 177/760
157 192 191 38/501
158 192 192 116/495
158 192 191 61/800
159 192 192 75/319
159 192 191 39/509
160 192 192 233/985
160 192 191 62/805
161 192 192 172/725
161 192 191 63/814
162 192 192 195/817
162 192 191 48/617
163 192 192 162/677
163 192 191 19/243
164 192 192 13/54
164 192 191 76/967
165 192 192 83/344
165 192 191 61/772
166 192 192 67/276
166 192 191 61/768
167 192 192 206/847
167 192 191 60/751
168 192 192 151/617
168 192 191 51/635
169 192 192 138/563
169 192 191 19/235
170 192 192 206/835
170 192 191 73/898
171 192 192 83/336
171 192 191 34/415
172 192 192 146/587
172 192 191 81/983
173 192 192 245/984
173 192 191 50/601
174 192 192 224/893
174 192 191 37/442
175 192 192 175/697
175 192 191 5/59
176 192 192 20/79
176 192 191 57/668
177 192 192 240/947
177 192 191 59/680
178 192 192 131/512
178 192 191 55/629
179 192 192 51/199
179 192 191 89/994
180 192 192 253/976
180 192 191 15/166
181 192 192 71/273
181 192 191 87/929
182 192 192 62/235
182 192 191 66/697
183 192 192 38/143
183 192 191 37/369
184 192 192 13/48
184 192 191 97/954
185 192 192 127/461
185 192 191 111/989
186 192 192 15/53
186 192 191 75/656
187 192 192 292/987
187 192 191 73/530
188 192 192 37/120
188 192 191 61/432
189 192 192 98/297
189 192 191 98/891
190 192 192 424/951
190 192 191 83/209
191 192 192 422/905
191 192 191 229/524
192 192 192 224/381
192 192 191 31/379
