# UNIF(n=99,lo,hi): D_ren + dipoles; lines "lo hi level amplitude" for the corrected intervals
82 82 82 25/524
82 82 81 -1/350
83 83 83 77/888
83 83 82 -1/619
84 84 84 49/474
84 84 83 83/995
85 85 85 31/272
85 85 84 5/684
86 86 86 47/359
86 86 85 97/831
87 87 87 118/809
87 87 86 12/737
86 88 88 95/713
86 88 87 80/679
88 88 88 115/719
88 88 87 43/292
87 89 89 35/417
87 89 88 -24/833
89 89 89 143/769
89 89 88 13/506
88 90 90 112/585
88 90 89 137/687
90 90 90 70/353
90 90 89 148/799
87 91 91 148/757
87 91 90 32/919
89 91 91 183/829
89 91 90 41/990
90 91 91 224/967
90 91 90 16/125
91 91 91 57/697
91 91 90 -61/858
86 92 92 33/140
86 92 91 210/757
88 92 92 253/997
88 92 91 235/786
89 92 92 174/665
89 92 91 300/731
90 92 92 31/391
90 92 91 -12/217
91 92 92 23/891
91 92 91 -7/643
92 92 92 79/902
92 92 91 -78/967
85 93 93 193/732
85 93 92 49/782
86 93 93 245/892
86 93 92 41/405
87 93 93 47/165
87 93 92 40/551
88 93 93 168/571
88 93 92 22/181
89 93 93 251/829
89 93 92 1/13
90 93 93 186/599
90 93 92 125/867
91 93 93 293/923
91 93 92 13/180
92 93 93 320/989
92 93 92 25/143
93 93 93 318/967
93 93 92 44/905
82 94 94 319/933
82 94 93 151/340
83 94 94 261/748
83 94 93 335/687
84 94 94 267/751
84 94 93 430/921
85 94 94 17/47
85 94 93 430/831
86 94 94 79/215
86 94 93 481/993
87 94 94 271/727
87 94 93 541/990
88 94 94 71/188
88 94 93 305/616
89 94 94 248/649
89 94 93 319/553
90 94 94 134/347
90 94 93 60/121
91 94 94 145/372
91 94 93 440/717
92 94 94 347/883
92 94 93 343/717
93 94 94 179/460
93 94 93 123/187
94 94 94 127/995
94 94 93 -118/949
78 95 95 107/270
78 95 94 102/977
79 95 95 225/554
79 95 94 80/783
80 95 95 386/929
80 95 94 117/976
81 95 95 275/648
81 95 94 88/767
82 95 95 367/848
82 95 94 123/916
83 95 95 275/624
83 95 94 122/973
84 95 95 121/270
84 95 94 17/115
85 95 95 147/323
85 95 94 87/650
86 95 95 457/990
86 95 94 139/864
87 95 95 101/216
87 95 94 116/831
88 95 95 44/93
88 95 94 158/907
89 95 95 197/412
89 95 94 46/325
90 95 95 391/810
90 95 94 143/755
91 95 95 424/871
91 95 94 55/401
92 95 95 383/781
92 95 94 147/698
93 95 95 457/926
93 95 94 115/963
94 95 95 323/651
94 95 94 181/722
95 95 95 445/893
95 95 94 1/16
70 96 96 323/987
70 96 95 44/195
71 96 96 319/967
71 96 95 197/828
72 96 96 191/565
72 96 95 189/761
73 96 96 17/50
73 96 95 159/611
74 96 96 130/373
74 96 95 10/37
75 96 96 185/529
75 96 95 31/110
76 96 96 108/301
76 96 95 289/991
77 96 96 339/944
77 96 95 256/845
78 96 96 117/317
78 96 95 117/374
79 96 96 263/714
79 96 95 35/108
80 96 96 273/719
80 96 95 301/900
81 96 96 372/985
81 96 95 83/240
82 96 96 106/271
82 96 95 242/677
83 96 96 241/622
83 96 95 236/639
84 96 96 241/596
84 96 95 328/855
85 96 96 51/128
85 96 95 136/343
86 96 96 8/19
86 96 95 82/197
87 96 96 407/988
87 96 95 428/993
88 96 96 121/272
88 96 95 410/887
89 96 96 423/982
89 96 95 37/77
90 96 96 413/853
90 96 95 332/617
91 96 96 6/13
91 96 95 437/776
92 96 96 464/891
92 96 95 55/92
93 96 96 148/309
93 96 95 105/166
94 96 96 205/308
94 96 95 319/367
95 96 96 442/749
95 96 95 267/278
96 96 96 433/802
96 96 95 249/571
52 97 97 107/813
52 97 96 39/826
53 97 97 33/241
53 97 96 41/842
54 97 97 71/501
54 97 96 26/519
55 97 97 100/681
55 97 96 39/757
56 97 97 119/786
56 97 96 35/662
57 97 97 121/774
57 97 96 39/719
58 97 97 49/305
58 97 96 1/18
59 97 97 87/526
59 97 96 17/299
60 97 97 10/59
60 97 96 19/327
61 97 97 55/316
61 97 96 51/859
62 97 97 153/860
62 97 96 59/974
63 97 97 35/192
63 97 96 60/971
64 97 97 161/866
64 97 96 26/413
65 97 97 77/405
65 97 96 37/577
66 97 97 155/801
66 97 96 46/705
67 97 97 178/901
67 97 96 61/919
68 97 97 57/284
68 97 96 67/993
69 97 97 151/738
69 97 96 46/671
70 97 97 116/559
70 97 96 25/359
71 97 97 206/975
71 97 96 61/863
72 97 97 181/846
72 97 96 61/850
73 97 97 136/625
73 97 96 50/687
74 97 97 134/609
74 97 96 71/961
75 97 97 199/890
75 97 96 73/975
76 97 97 7/31
76 97 96 46/605
77 97 97 169/737
77 97 96 71/922
78 97 97 201/869
78 97 96 71/907
79 97 97 197/839
79 97 96 34/429
80 97 97 53/224
80 97 96 31/384
81 97 97 214/891
81 97 96 55/673
82 97 97 193/798
82 97 96 32/383
83 97 97 14/57
83 97 96 28/331
84 97 97 159/643
84 97 96 45/517
85 97 97 181/720
85 97 96 50/567
86 97 97 248/979
86 97 96 29/316
87 97 97 8/31
87 97 96 31/333
88 97 97 257/985
88 97 96 37/374
89 97 97 194/727
89 97 96 52/517
90 97 97 272/999
90 97 96 105/943
91 97 97 260/927
91 97 96 5/44
92 97 97 256/871
92 97 96 97/707
93 97 97 31/101
93 97 96 128/909
94 97 97 205/623
94 97 96 94/857
95 97 97 435/976
95 97 96 313/786
96 97 97 331/709
96 97 96 203/465
97 97 97 257/437
97 97 96 4/49
