# UNIF(n=153,lo,hi): D_ren + dipoles; lines "lo hi level amplitude" for the corrected intervals
130 130 130 11/309
130 130 129 -1/1000
131 131 131 27/451
131 131 130 -2/827
132 132 132 24/671
132 132 131 -2/291
133 133 133 12/161
133 133 132 2/751
134 134 134 18/491
134 134 133 -7/533
135 135 135 34/375
135 135 134 5/646
136 136 136 96/949
136 136 135 1/11
137 137 137 93/853
137 137 136 5/387
136 138 138 47/504
136 138 137 75/991
138 138 138 117/986
138 138 137 99/899
137 139 139 75/721
137 139 138 2/249
139 139 139 107/818
139 139 138 9/490
138 140 140 31/249
138 140 139 7/59
140 140 140 38/273
140 140 139 79/602
137 141 141 67/579
137 141 140 4/331
139 141 141 51/829
139 141 140 -29/999
141 141 141 91/576
141 141 140 21/863
138 142 142 83/572
138 142 141 128/851
140 142 142 100/619
140 142 141 123/730
142 142 142 82/495
142 142 141 150/953
137 143 143 125/856
137 143 142 24/947
139 143 143 90/547
139 143 142 23/708
141 143 143 29/451
141 143 142 -24/581
142 143 143 14/725
142 143 142 -3/637
143 143 143 53/273
143 143 142 24/769
138 144 144 53/285
138 144 143 198/925
140 144 144 195/982
140 144 143 195/857
141 144 144 165/808
141 144 143 304/941
142 144 144 58/277
142 144 143 123/530
143 144 144 179/836
143 144 143 13/36
144 144 144 21/104
144 144 143 14/73
137 145 145 86/429
137 145 144 25/508
138 145 145 58/279
138 145 144 47/558
139 145 145 171/796
139 145 144 37/676
140 145 145 131/592
140 145 144 69/700
141 145 145 5/22
141 145 144 25/441
142 145 145 179/769
142 145 144 18/157
143 145 145 151/635
143 145 144 16/301
144 145 145 182/751
144 145 144 80/591
145 145 145 61/782
145 145 144 -57/775
134 146 146 65/828
134 146 145 -2/321
136 146 146 53/713
136 146 145 -3/166
137 146 146 13/223
137 146 145 -3/320
138 146 146 39/547
138 146 145 -6/205
139 146 146 34/659
139 146 145 -9/562
140 146 146 156/589
140 146 145 305/919
141 146 146 68/253
141 146 145 298/731
142 146 146 216/793
142 146 145 241/722
143 146 146 51/185
143 146 145 427/978
144 146 146 47/630
144 146 145 -52/805
145 146 146 3/131
145 146 145 -1/60
146 146 146 57/661
146 146 145 -1/12
131 147 147 12/47
131 147 146 45/686
133 147 147 86/319
133 147 146 62/833
134 147 147 266/963
134 147 146 20/213
135 147 147 63/223
135 147 146 47/574
136 147 147 15/52
136 147 146 73/699
137 147 147 292/993
137 147 146 83/946
138 147 147 226/755
138 147 146 79/688
139 147 147 164/539
139 147 146 61/666
140 147 147 265/858
140 147 146 105/836
141 147 147 129/412
141 147 146 88/949
142 147 147 136/429
142 147 146 66/479
143 147 147 285/889
143 147 146 45/502
144 147 147 295/911
144 147 146 120/781
145 147 147 115/352
145 147 146 16/203
146 147 147 269/817
146 147 146 61/341
147 147 147 59/178
147 147 146 21/416
128 148 148 183/529
128 148 147 328/715
129 148 148 303/865
129 148 147 314/653
130 148 148 151/426
130 148 147 139/293
131 148 148 176/491
131 148 147 297/596
132 148 148 217/599
132 148 147 397/813
133 148 148 307/839
133 148 147 400/777
134 148 148 41/111
134 148 147 500/999
135 148 148 338/907
135 148 147 87/164
136 148 148 307/817
136 148 147 326/639
137 148 148 359/948
137 148 147 203/372
138 148 148 37/97
138 148 147 252/487
139 148 148 149/388
139 148 147 561/1000
140 148 148 165/427
140 148 147 475/911
141 148 148 171/440
141 148 147 302/523
142 148 148 352/901
142 148 147 507/974
143 148 148 179/456
143 148 147 593/993
144 148 148 41/104
144 148 147 353/690
145 148 148 260/657
145 148 147 277/443
146 148 148 380/957
146 148 147 446/917
147 148 148 201/514
147 148 147 170/257
148 148 148 102/803
148 148 147 -122/971
120 149 149 317/809
120 149 148 89/899
121 149 149 386/969
121 149 148 1/10
122 149 149 191/472
122 149 148 95/873
123 149 149 267/650
123 149 148 29/266
124 149 149 5/12
124 149 148 77/652
125 149 149 400/947
125 149 148 98/835
126 149 149 270/631
126 149 148 43/339
127 149 149 334/771
127 149 148 1/8
128 149 149 373/851
128 149 148 72/533
129 149 149 441/995
129 149 148 92/697
130 149 149 443/989
130 149 148 1/7
131 149 149 447/988
131 149 148 17/123
132 149 149 417/913
132 149 148 38/253
133 149 149 153/332
133 149 148 27/188
134 149 149 323/695
134 149 148 47/299
135 149 149 297/634
135 149 148 145/979
136 149 149 446/945
136 149 148 101/616
137 149 149 317/667
137 149 148 87/574
138 149 149 387/809
138 149 148 169/990
139 149 149 257/534
139 149 148 67/436
140 149 149 438/905
140 149 148 61/343
141 149 149 18/37
141 149 148 153/994
142 149 149 414/847
142 149 148 171/919
143 149 149 404/823
143 149 148 83/549
144 149 149 205/416
144 149 148 133/675
145 149 149 404/817
145 149 148 143/1000
146 149 149 495/998
146 149 148 194/903
147 149 149 92/185
147 149 148 101/826
148 149 149 311/624
148 149 148 185/733
149 149 149 356/713
149 149 148 16/253
108 150 150 155/481
108 150 149 61/284
109 150 150 195/601
109 150 149 221/994
110 150 150 214/651
110 150 149 94/411
111 150 150 295/892
111 150 149 207/877
112 150 150 271/809
112 150 149 169/698
113 150 150 331/983
113 150 149 81/325
114 150 150 74/217
114 150 149 215/843
115 150 150 311/908
115 150 149 126/481
116 150 150 77/222
116 150 149 107/400
117 150 150 307/882
117 150 149 249/908
118 150 150 233/661
118 150 149 71/254
119 150 150 346/979
119 150 149 212/741
120 150 150 121/338
120 150 149 267/917
121 150 150 71/198
121 150 149 286/961
122 150 150 230/633
122 150 149 219/724
123 150 150 361/993
123 150 149 290/939
124 150 150 94/255
124 150 149 37/118
125 150 150 7/19
125 150 149 182/569
126 150 150 295/789
126 150 149 184/567
127 150 150 184/493
127 150 149 307/928
128 150 150 146/385
128 150 149 257/766
129 150 150 79/209
129 150 149 133/389
130 150 150 212/551
130 150 149 146/421
131 150 150 116/303
131 150 149 47/133
132 150 150 193/494
132 150 149 353/984
133 150 150 379/977
133 150 149 49/134
134 150 150 269/677
134 150 149 350/941
135 150 150 338/859
135 150 149 96/253
136 150 150 387/955
136 150 149 332/857
137 150 150 2/5
137 150 149 245/619
138 150 150 326/785
138 150 149 345/848
139 150 150 144/353
139 150 149 5/12
140 150 150 94/219
140 150 149 297/685
141 150 150 302/721
141 150 149 271/608
142 150 150 283/628
142 150 149 149/314
143 150 150 422/969
143 150 149 261/532
144 150 150 203/416
144 150 149 207/379
145 150 150 399/859
145 150 149 41/72
146 150 150 464/887
146 150 149 554/919
147 150 150 273/568
147 150 149 208/327
148 150 150 491/737
148 150 149 558/641
149 150 150 339/574
149 150 149 947/985
150 150 150 330/611
150 150 149 189/433
81 151 151 2/15
81 151 150 23/487
82 151 151 40/293
82 151 150 40/831
83 151 151 126/901
83 151 150 13/265
84 151 151 143/1000
84 151 150 38/761
85 151 151 107/732
85 151 150 49/964
86 151 151 125/838
86 151 150 49/948
87 151 151 131/860
87 151 150 41/780
88 151 151 61/393
88 151 150 48/899
89 151 151 63/398
89 151 150 53/977
90 151 151 130/807
90 151 150 55/999
91 151 151 127/774
91 151 150 19/340
92 151 151 166/995
92 151 150 37/653
93 151 151 159/937
93 151 150 5/87
94 151 151 148/859
94 151 150 40/687
95 151 151 107/611
95 151 150 37/627
96 151 151 154/867
96 151 150 42/703
97 151 151 125/693
97 151 150 55/909
98 151 151 138/755
98 151 150 3/49
99 151 151 181/976
99 151 150 57/920
100 151 151 181/964
100 151 150 55/878
101 151 151 71/373
101 151 150 23/363
102 151 151 119/618
102 151 150 21/328
103 151 151 95/487
103 151 150 20/309
104 151 151 14/71
104 151 150 57/872
105 151 151 105/526
105 151 150 64/969
106 151 151 149/739
106 151 150 1/15
107 151 151 194/951
107 151 150 41/609
108 151 151 7/34
108 151 150 18/265
109 151 151 193/927
109 151 150 53/773
110 151 151 21/100
110 151 150 13/188
111 151 151 170/801
111 151 150 3/43
112 151 151 212/991
112 151 150 23/327
113 151 151 51/236
113 151 150 31/437
114 151 151 32/147
114 151 150 71/993
115 151 151 91/414
115 151 150 71/985
116 151 151 210/949
116 151 150 13/179
117 151 151 197/882
117 151 150 65/888
118 151 151 20/89
118 151 150 16/217
119 151 151 217/957
119 151 150 37/498
120 151 151 127/557
120 151 150 11/147
121 151 151 23/100
121 151 150 49/650
122 151 151 141/610
122 151 150 47/619
123 151 151 176/755
123 151 150 66/863
124 151 151 229/978
124 151 150 52/675
125 151 151 17/72
125 151 150 73/941
126 151 151 32/135
126 151 150 24/307
127 151 151 163/682
127 151 150 37/470
128 151 151 53/221
128 151 150 77/970
129 151 151 37/153
129 151 150 49/613
130 151 151 187/771
130 151 150 71/880
131 151 151 91/372
131 151 150 49/603
132 151 151 142/579
132 151 150 64/779
133 151 151 243/982
133 151 150 61/737
134 151 151 94/379
134 151 150 37/441
135 151 151 148/591
135 151 150 40/473
136 151 151 127/506
136 151 150 86/999
137 151 151 223/879
137 151 150 64/737
138 151 151 29/114
138 151 150 64/719
139 151 151 17/66
139 151 150 81/901
140 151 151 157/607
140 151 150 76/815
141 151 151 229/872
141 151 150 92/975
142 151 151 9/34
142 151 150 1/10
143 151 151 260/963
143 151 150 7/69
144 151 151 36/131
144 151 150 53/473
145 151 151 187/662
145 151 150 62/543
146 151 151 291/985
146 151 150 124/901
147 151 151 272/883
147 151 150 93/659
148 151 151 216/655
148 151 150 72/655
149 151 151 181/406
149 151 150 271/682
150 151 151 125/268
150 151 150 329/753
151 151 151 127/216
151 151 150 69/844
