# UNIF(n=76,lo,hi): D_ren + dipoles; lines "lo hi level amplitude" for the corrected intervals
62 62 62 46/491
62 62 61 -2/433
63 63 63 110/941
63 63 62 77/856
64 64 64 21/160
64 64 63 5/657
65 65 65 129/838
65 65 64 121/895
66 66 66 137/778
66 66 65 17/860
65 67 67 80/471
65 67 66 143/912
67 67 67 135/694
67 67 66 115/648
66 68 68 193/964
66 68 67 26/901
68 68 68 82/953
68 68 67 -53/781
65 69 69 96/415
65 69 68 203/802
67 69 69 65/759
67 69 68 -19/424
68 69 69 27/907
68 69 68 -4/917
69 69 69 82/917
69 69 68 -17/219
64 70 70 233/929
64 70 69 23/449
66 70 70 247/878
66 70 69 4/63
67 70 70 91/309
67 70 69 57/425
68 70 70 151/493
68 70 69 3/46
69 70 70 241/761
69 70 69 155/909
70 70 70 185/568
70 70 69 41/879
63 71 71 245/711
63 71 70 169/389
64 71 71 209/591
64 71 70 323/640
65 71 71 316/873
65 71 70 365/792
66 71 71 17/46
66 71 70 489/890
67 71 71 323/858
67 71 70 440/927
68 71 71 339/886
68 71 70 479/801
69 71 71 383/987
69 71 70 231/494
70 71 71 91/235
70 71 70 115/176
71 71 71 115/333
71 71 70 149/479
60 72 72 259/649
60 72 71 53/540
61 72 72 7/17
61 72 71 109/879
62 72 72 158/373
62 72 71 113/998
63 72 72 359/826
63 72 71 54/377
64 72 72 125/281
64 72 71 53/425
65 72 72 134/295
65 72 71 28/173
66 72 72 417/901
66 72 71 91/692
67 72 72 8/17
67 72 71 47/259
68 72 72 85/178
68 72 71 78/595
69 72 72 429/887
69 72 71 20/97
70 72 72 421/861
70 72 71 17/146
71 72 72 151/306
71 72 71 58/233
72 72 72 87/175
72 72 71 5/81
53 73 73 61/184
53 73 72 113/510
54 73 73 133/398
54 73 72 43/180
55 73 73 177/511
55 73 72 113/444
56 73 73 281/808
56 73 72 147/542
57 73 73 303/839
57 73 72 76/265
58 73 73 265/734
58 73 72 204/673
59 73 73 353/938
59 73 72 176/551
60 73 73 295/788
60 73 72 332/989
61 73 73 387/985
61 73 72 176/497
62 73 73 357/919
62 73 72 191/515
63 73 73 33/80
63 73 72 382/969
64 73 73 104/257
64 73 72 214/519
65 73 73 43/98
65 73 72 297/665
66 73 73 195/458
66 73 72 391/836
67 73 73 109/227
67 73 72 484/917
68 73 73 248/541
68 73 72 146/263
69 73 73 439/847
69 73 72 559/945
70 73 73 335/702
70 73 72 385/613
71 73 73 361/543
71 73 72 855/986
72 73 73 585/992
72 73 72 283/295
73 73 73 163/302
73 73 72 433/994
41 74 74 3/22
41 74 73 3/61
42 74 74 41/286
42 74 73 43/841
43 74 74 123/823
43 74 73 22/415
44 74 74 42/269
44 74 73 31/565
45 74 74 106/655
45 74 73 45/794
46 74 74 73/434
46 74 73 9/154
47 74 74 55/317
47 74 73 57/947
48 74 74 160/891
48 74 73 31/501
49 74 74 19/103
49 74 73 48/755
50 74 74 43/226
50 74 73 44/675
51 74 74 67/344
51 74 73 45/673
52 74 74 128/639
52 74 73 21/307
53 74 74 37/181
53 74 73 15/214
54 74 74 185/882
54 74 73 35/489
55 74 74 19/89
55 74 73 11/150
56 74 74 197/901
56 74 73 8/107
57 74 74 127/572
57 74 73 73/952
58 74 74 181/797
58 74 73 36/461
59 74 74 215/934
59 74 73 31/386
60 74 74 4/17
60 74 73 72/881
61 74 74 197/827
61 74 73 83/982
62 74 74 131/538
62 74 73 27/314
63 74 74 177/718
63 74 73 8/89
64 74 74 248/983
64 74 73 72/787
65 74 74 201/785
65 74 73 97/994
66 74 74 220/837
66 74 73 56/563
67 74 74 53/197
67 74 73 37/335
68 74 74 209/752
68 74 73 111/983
69 74 74 40/137
69 74 73 63/461
70 74 74 194/635
70 74 73 107/762
71 74 74 21/64
71 74 73 7/64
72 74 74 45/101
72 74 73 349/874
73 74 74 43/92
73 74 73 359/823
74 74 74 10/17
74 74 73 37/454
