# UNIF(n=124,lo,hi): D_ren + dipoles; lines "lo hi level amplitude" for the corrected intervals
104 104 104 43/703
104 104 103 -5/958
105 105 105 37/893
105 105 104 -5/899
106 106 106 51/638
106 106 105 1/724
107 107 107 79/854
107 107 106 74/987
108 108 108 78/775
108 108 107 5/631
109 109 109 4/35
109 109 108 67/658
110 110 110 30/241
110 110 109 8/549
109 111 111 6/55
109 111 110 85/947
111 111 111 136/997
111 111 110 19/151
110 112 112 71/993
110 112 111 -17/775
112 112 112 85/554
112 112 111 14/649
111 113 113 107/709
111 113 112 122/823
113 113 113 149/910
113 113 112 108/703
110 114 114 34/233
110 114 113 21/997
112 114 114 42/589
112 114 113 -22/607
114 114 114 77/403
114 114 113 19/648
111 115 115 35/188
111 115 114 12/59
113 115 115 153/755
113 115 114 157/717
114 115 115 166/791
114 115 114 175/496
115 115 115 169/842
115 115 114 32/169
110 116 116 54/275
110 116 115 33/764
112 116 116 205/952
112 116 115 16/325
113 116 116 66/295
113 116 115 109/1000
114 116 116 143/618
114 116 115 26/529
115 116 116 199/835
115 116 115 55/414
116 116 116 78/983
116 116 115 -23/317
109 117 117 70/881
109 117 116 -15/976
110 117 117 53/906
110 117 116 -2/471
111 117 117 211/831
111 117 116 299/965
112 117 117 46/177
112 117 116 99/254
113 117 117 263/991
113 117 116 133/416
114 117 117 53/196
114 117 116 308/723
115 117 117 31/405
115 117 116 -60/979
116 117 117 23/954
116 117 116 -7/479
117 117 117 71/818
117 117 116 -29/352
106 118 118 230/899
106 118 117 47/726
108 118 118 236/863
108 118 117 47/631
109 118 118 248/881
109 118 117 77/745
110 118 118 50/173
110 118 117 22/269
111 118 118 193/652
111 118 117 90/767
112 118 118 85/281
112 118 117 64/745
113 118 118 281/911
113 118 117 109/824
114 118 118 253/806
114 118 117 85/996
115 118 118 227/712
115 118 117 139/924
116 118 118 309/956
116 118 117 69/901
117 118 118 298/911
117 118 117 161/907
118 118 118 309/935
118 118 117 33/662
103 119 119 25/73
103 119 118 379/850
104 119 119 308/885
104 119 118 334/701
105 119 119 289/818
105 119 118 157/337
106 119 119 263/734
106 119 118 499/999
107 119 119 224/617
107 119 118 212/439
108 119 119 362/985
108 119 118 12/23
109 119 119 113/304
109 119 118 291/586
110 119 119 74/197
110 119 118 183/337
111 119 119 377/994
111 119 118 289/571
112 119 119 349/912
112 119 118 131/232
113 119 119 76/197
113 119 118 482/945
114 119 119 335/862
114 119 118 557/946
115 119 119 329/841
115 119 118 445/881
116 119 119 109/277
116 119 118 430/693
117 119 119 301/761
117 119 118 371/768
118 119 119 98/251
118 119 118 571/865
119 119 119 232/669
119 119 118 310/987
98 120 120 43/108
98 120 119 7/69
99 120 120 397/978
99 120 119 63/556
100 120 120 265/641
100 120 119 89/795
101 120 120 241/573
101 120 119 88/707
102 120 120 221/517
102 120 119 89/733
103 120 120 352/811
103 120 119 17/126
104 120 120 424/963
104 120 119 115/886
105 120 120 220/493
105 120 119 142/981
106 120 120 357/790
106 120 119 10/73
107 120 120 262/573
107 120 119 108/701
108 120 120 239/517
108 120 119 1/7
109 120 120 446/955
109 120 119 91/558
110 120 120 421/893
110 120 119 5/34
111 120 120 399/839
111 120 119 26/151
112 120 120 407/849
112 120 119 146/979
113 120 120 240/497
113 120 119 169/928
114 120 120 35/72
114 120 119 91/615
115 120 120 467/955
115 120 119 113/581
116 120 120 439/893
116 120 119 100/709
117 120 120 283/573
117 120 119 213/998
118 120 120 421/849
118 120 119 33/272
119 120 120 407/818
119 120 119 242/961
120 120 120 467/936
120 120 119 8/127
87 121 121 106/327
87 121 120 211/999
88 121 121 210/643
88 121 120 116/525
89 121 121 293/882
89 121 120 11/48
90 121 121 237/709
90 121 120 68/285
91 121 121 137/403
91 121 120 224/909
92 121 121 151/442
92 121 120 242/947
93 121 121 197/567
93 121 120 101/384
94 121 121 53/152
94 121 120 264/971
95 121 121 94/265
95 121 120 269/964
96 121 121 305/858
96 121 120 166/577
97 121 121 55/152
97 121 120 104/353
98 121 121 353/975
98 121 120 117/386
99 121 121 325/881
99 121 120 97/313
100 121 121 311/844
100 121 120 219/688
101 121 121 229/609
101 121 120 225/692
102 121 121 334/891
102 121 120 333/998
103 121 121 347/905
103 121 120 123/361
104 121 121 188/493
104 121 120 80/229
105 121 121 337/861
105 121 120 314/879
106 121 121 387/997
106 121 120 293/800
107 121 121 161/402
107 121 120 364/969
108 121 121 389/983
108 121 120 375/973
109 121 121 319/775
109 121 120 35/88
110 121 121 393/971
110 121 120 383/937
111 121 121 409/959
111 121 120 373/874
112 121 121 267/641
112 121 120 370/841
113 121 121 411/916
113 121 120 31/66
114 121 121 407/938
114 121 120 419/861
115 121 121 183/376
115 121 120 543/1000
116 121 121 273/589
116 121 120 309/545
117 121 121 117/224
117 121 120 545/907
118 121 121 265/552
118 121 120 139/219
119 121 121 644/967
119 121 120 341/392
120 121 121 297/503
120 121 120 395/411
121 121 121 263/487
121 121 120 401/919
66 122 122 72/541
66 122 121 47/993
67 122 122 131/956
67 122 121 30/619
68 122 122 121/857
68 122 121 46/927
69 122 122 39/269
69 122 121 39/769
70 122 122 121/812
70 122 121 24/463
71 122 122 89/583
71 122 121 32/605
72 122 122 31/198
72 122 121 19/352
73 122 122 109/681
73 122 121 49/891
74 122 122 135/824
74 122 121 19/339
75 122 122 163/975
75 122 121 15/263
76 122 122 41/240
76 122 121 22/379
77 122 122 67/385
77 122 121 20/339
78 122 122 163/918
78 122 121 58/967
79 122 122 175/969
79 122 121 19/312
80 122 122 122/663
80 122 121 59/954
81 122 122 97/519
81 122 121 17/271
82 122 122 163/857
82 122 121 52/817
83 122 122 60/311
83 122 121 2/31
84 122 122 101/515
84 122 121 58/887
85 122 122 91/458
85 122 121 49/740
86 122 122 114/565
86 122 121 11/164
87 122 122 39/191
87 122 121 15/221
88 122 122 185/893
88 122 121 9/131
89 122 122 40/191
89 122 121 23/331
90 122 122 169/796
90 122 121 22/313
91 122 122 125/583
91 122 121 68/957
92 122 122 207/953
92 122 121 38/529
93 122 122 190/867
93 122 121 40/551
94 122 122 71/320
94 122 121 49/668
95 122 122 87/389
95 122 121 61/823
96 122 122 184/813
96 122 121 67/895
97 122 122 204/895
97 122 121 73/965
98 122 122 175/759
98 122 121 65/851
99 122 122 171/737
99 122 121 62/803
100 122 122 233/993
100 122 121 59/757
101 122 122 214/907
101 122 121 63/799
102 122 122 162/679
102 122 121 23/289
103 122 122 193/805
103 122 121 77/955
104 122 122 169/697
104 122 121 80/983
105 122 122 47/193
105 122 121 81/980
106 122 122 239/970
106 122 121 61/731
107 122 122 71/287
107 122 121 85/999
108 122 122 123/491
108 122 121 41/477
109 122 122 159/632
109 122 121 3/34
110 122 122 236/925
110 122 121 77/863
111 122 122 235/916
111 122 121 91/982
112 122 122 259/993
112 122 121 55/586
113 122 122 244/927
113 122 121 93/934
114 122 122 43/160
114 122 121 73/722
115 122 122 23/84
115 122 121 75/671
116 122 122 20/71
116 122 121 40/351
117 122 122 217/736
117 122 121 40/291
118 122 122 259/842
118 122 121 141/1000
119 122 122 257/780
119 122 121 19/173
120 122 122 374/839
120 122 121 311/782
121 122 122 370/793
121 122 121 432/989
122 122 122 461/784
122 122 121 80/979
