# UNIF(n=164,lo,hi): D_ren + dipoles; lines "lo hi level amplitude" for the corrected intervals
140 140 140 28/549
140 140 139 -1/245
141 141 141 22/643
141 141 140 -3/763
142 142 142 54/845
142 142 141 1/1000
143 143 143 17/491
143 143 142 -5/527
144 144 144 13/167
144 144 143 4/787
145 145 145 35/979
145 145 144 -2/131
146 146 146 88/943
146 146 145 6/619
147 147 147 97/939
147 147 146 28/297
146 148 148 57/707
146 148 147 1/1000
148 148 148 1/9
148 148 147 6/415
147 149 149 77/782
147 149 148 58/691
149 149 149 38/317
149 149 148 29/259
148 150 150 107/981
148 150 149 10/847
150 150 150 101/763
150 150 149 17/870
149 151 151 121/943
149 151 150 113/906
151 151 151 94/671
151 151 150 24/181
148 152 152 23/188
148 152 151 17/994
150 152 152 32/545
150 152 151 -19/624
152 152 152 151/949
152 152 151 10/397
149 153 153 61/407
149 153 152 141/892
151 153 153 155/944
151 153 152 19/110
153 153 153 143/860
153 153 152 54/341
148 154 154 103/673
148 154 153 27/878
150 154 154 91/538
150 154 153 4/111
152 154 154 45/722
152 154 153 -35/827
153 154 154 8/443
153 154 153 -4/747
154 154 154 130/667
154 154 153 20/629
147 155 155 163/915
147 155 154 181/884
149 155 155 176/923
149 155 154 139/627
150 155 155 54/275
150 155 154 139/470
151 155 155 171/848
151 155 154 133/572
152 155 155 82/397
152 155 154 101/309
153 155 155 42/199
153 155 154 27/115
154 155 155 139/646
154 155 154 279/769
155 155 155 122/603
155 155 154 167/868
146 156 156 117/607
146 156 155 43/899
148 156 156 6/29
148 156 155 29/534
149 156 156 99/464
149 156 155 24/271
150 156 156 138/629
150 156 155 29/497
151 156 156 223/991
151 156 155 20/197
152 156 156 227/986
152 156 155 17/288
153 156 156 98/417
153 156 155 56/481
154 156 156 62/259
154 156 155 29/533
155 156 156 137/563
155 156 155 29/213
156 156 156 17/219
156 156 155 -59/800
145 157 157 45/593
145 157 156 -7/538
146 157 157 37/591
146 157 156 -6/871
147 157 157 6/83
147 157 156 -23/985
148 157 157 55/973
148 157 156 -13/931
149 157 157 3/43
149 157 156 -9/271
150 157 157 33/656
150 157 156 -3/155
151 157 157 99/370
151 157 156 75/223
152 157 157 155/572
152 157 156 387/941
153 157 157 233/850
153 157 156 34/101
154 157 157 213/769
154 157 156 419/955
155 157 157 66/889
155 157 156 -27/412
156 157 157 19/838
156 157 156 -17/985
157 157 157 77/894
157 157 156 -74/885
142 158 158 176/663
142 158 157 25/338
143 158 158 190/699
143 158 157 41/453
144 158 158 147/529
144 158 157 59/726
145 158 158 255/899
145 158 157 1/10
146 158 158 279/965
146 158 157 71/813
147 158 158 98/333
147 158 157 13/119
148 158 158 254/849
148 158 157 89/968
149 158 158 202/665
149 158 157 93/785
150 158 158 134/435
150 158 157 34/359
151 158 158 127/407
151 158 157 124/967
152 158 158 311/985
152 158 157 93/980
153 158 158 307/962
153 158 157 6/43
154 158 158 184/571
154 158 157 83/912
155 158 158 157/483
155 158 157 58/375
156 158 158 284/867
156 158 157 54/679
157 158 158 31/94
157 158 157 85/474
158 158 158 68/205
158 158 157 41/809
137 159 159 337/977
137 159 158 106/233
138 159 159 341/977
138 159 158 113/238
139 159 159 6/17
139 159 158 269/572
140 159 159 325/911
140 159 158 144/293
141 159 159 151/419
141 159 158 61/126
142 159 159 151/415
142 159 158 388/765
143 159 159 264/719
143 159 158 478/963
144 159 159 367/991
144 159 158 473/906
145 159 159 227/608
145 159 158 37/73
146 159 159 155/412
146 159 158 347/647
147 159 159 133/351
147 159 158 403/782
148 159 159 177/464
148 159 158 334/607
149 159 159 195/508
149 159 158 487/934
150 159 159 100/259
150 159 158 425/753
151 159 159 92/237
151 159 158 151/288
152 159 159 371/951
152 159 158 167/288
153 159 159 29/74
153 159 158 58/111
154 159 159 279/709
154 159 158 585/977
155 159 159 299/757
155 159 158 20/39
156 159 159 342/863
156 159 158 459/733
157 159 159 343/863
157 159 158 468/961
158 159 159 385/984
158 159 158 640/967
159 159 159 251/723
159 159 158 267/848
129 160 160 305/774
129 160 159 70/681
130 160 160 2/5
130 160 159 25/241
131 160 160 110/271
131 160 159 105/941
132 160 160 370/899
132 160 159 17/152
133 160 160 357/856
133 160 159 56/467
134 160 160 253/599
134 160 159 8/67
135 160 160 404/945
135 160 159 103/806
136 160 160 253/585
136 160 159 113/894
137 160 160 237/542
137 160 159 109/806
138 160 160 384/869
138 160 159 117/881
139 160 160 420/941
139 160 159 137/963
140 160 160 301/668
140 160 159 107/772
141 160 160 276/607
141 160 159 137/920
142 160 160 338/737
142 160 159 139/967
143 160 160 43/93
143 160 159 138/889
144 160 160 212/455
144 160 159 147/992
145 160 160 176/375
145 160 159 5/31
146 160 160 353/747
146 160 159 131/863
147 160 160 39/82
147 160 159 50/299
148 160 160 189/395
148 160 159 99/641
149 160 160 473/983
149 160 159 167/964
150 160 160 475/982
150 160 159 12/77
151 160 160 401/825
151 160 159 147/818
152 160 160 83/170
152 160 159 44/283
153 160 160 427/871
153 160 159 95/507
154 160 160 31/63
154 160 159 95/624
155 160 160 433/877
155 160 159 149/753
156 160 160 155/313
156 160 159 133/926
157 160 160 285/574
157 160 159 211/980
158 160 160 423/850
158 160 159 89/726
159 160 160 179/359
159 160 159 49/194
160 160 160 409/819
160 160 159 24/379
115 161 161 316/983
115 161 160 76/367
116 161 161 221/683
116 161 160 214/999
117 161 161 257/785
117 161 160 13/59
118 161 161 82/249
118 161 160 5/22
119 161 161 333/1000
119 161 160 176/755
120 161 161 147/439
120 161 160 65/271
121 161 161 276/815
121 161 160 148/603
122 161 161 149/438
122 161 160 95/377
123 161 161 43/125
123 161 160 202/785
124 161 161 221/640
124 161 160 255/967
125 161 161 169/484
125 161 160 143/532
126 161 161 69/197
126 161 160 11/40
127 161 161 317/895
127 161 160 89/318
128 161 161 191/538
128 161 160 177/619
129 161 161 307/855
129 161 160 34/117
130 161 161 301/837
130 161 160 266/897
131 161 161 354/973
131 161 160 239/794
132 161 161 229/629
132 161 160 85/277
133 161 161 255/692
133 161 160 131/421
134 161 161 7/19
134 161 160 200/631
135 161 161 25/67
135 161 160 290/903
136 161 161 79/212
136 161 160 17/52
137 161 161 371/982
137 161 160 295/891
138 161 161 179/475
138 161 160 251/745
139 161 161 215/562
139 161 160 335/982
140 161 161 157/412
140 161 160 143/412
141 161 161 312/805
141 161 160 328/933
142 161 161 37/96
142 161 160 347/970
143 161 161 384/977
143 161 160 247/681
144 161 161 149/382
144 161 160 346/937
145 161 161 216/541
145 161 160 257/685
146 161 161 313/792
146 161 160 13/34
147 161 161 397/976
147 161 160 218/559
148 161 161 63/157
148 161 160 291/731
149 161 161 359/862
149 161 160 379/927
150 161 161 146/357
150 161 160 100/239
151 161 161 40/93
151 161 160 325/747
152 161 161 415/989
152 161 160 409/915
153 161 161 125/277
153 161 160 224/471
154 161 161 385/883
154 161 160 317/645
155 161 161 484/991
155 161 160 35/64
156 161 161 218/469
156 161 160 566/993
157 161 161 56/107
157 161 160 517/857
158 161 161 401/834
158 161 160 7/11
159 161 161 565/848
159 161 160 74/85
160 161 161 316/535
160 161 160 25/26
161 161 161 175/324
161 161 160 141/323
87 162 162 93/703
87 162 161 25/533
88 162 162 34/251
88 162 161 41/858
89 162 162 107/773
89 162 161 23/473
90 162 162 136/961
90 162 161 24/485
91 162 162 94/651
91 162 161 25/497
92 162 162 134/909
92 162 161 47/919
93 162 162 108/719
93 162 161 51/982
94 162 162 17/111
94 162 161 23/436
95 162 162 113/725
95 162 161 41/766
96 162 162 10/63
96 162 161 49/902
97 162 162 157/973
97 162 161 19/345
98 162 162 98/597
98 162 161 21/376
99 162 162 1/6
99 162 161 46/813
100 162 162 113/667
100 162 161 34/593
101 162 162 11/64
101 162 161 57/982
102 162 162 100/573
102 162 161 58/987
103 162 162 75/424
103 162 161 38/639
104 162 162 173/964
104 162 161 13/216
105 162 162 181/996
105 162 161 30/493
106 162 162 103/559
106 162 161 61/991
107 162 162 179/960
107 162 161 38/611
108 162 162 17/90
108 162 161 53/843
109 162 162 140/733
109 162 161 4/63
110 162 162 35/181
110 162 161 63/982
111 162 162 127/650
111 162 161 43/664
112 162 162 137/693
112 162 161 31/474
113 162 162 105/526
113 162 161 58/879
114 162 162 152/753
114 162 161 66/991
115 162 162 11/54
115 162 161 44/655
116 162 162 7/34
116 162 161 65/959
117 162 162 158/761
117 162 161 63/922
118 162 162 155/739
118 162 161 51/740
119 162 162 141/667
119 162 161 5/72
120 162 162 165/773
120 162 161 57/814
121 162 162 63/293
121 162 161 17/241
122 162 162 51/235
122 162 161 46/647
123 162 162 26/119
123 162 161 59/824
124 162 162 179/812
124 162 161 43/596
125 162 162 61/275
125 162 161 30/413
126 162 162 215/961
126 162 161 3/41
127 162 162 9/40
127 162 161 26/353
128 162 162 103/454
128 162 161 27/364
129 162 162 187/820
129 162 161 71/951
130 162 162 20/87
130 162 161 56/745
131 162 162 91/394
131 162 161 55/727
132 162 162 223/958
132 162 161 23/302
133 162 162 223/954
133 162 161 65/848
134 162 162 53/225
134 162 161 77/998
135 162 162 196/829
135 162 161 8/103
136 162 162 81/340
136 162 161 53/678
137 162 162 87/364
137 162 161 47/597
138 162 162 46/191
138 162 161 66/833
139 162 162 185/766
139 162 161 21/263
140 162 162 221/908
140 162 161 61/759
141 162 162 81/332
141 162 161 3/37
142 162 162 121/492
142 162 161 4/49
143 162 162 52/211
143 162 161 57/691
144 162 162 85/342
144 162 161 79/951
145 162 162 249/1000
145 162 161 67/796
146 162 162 145/577
146 162 161 43/507
147 162 162 249/989
147 162 161 46/533
148 162 162 29/114
148 162 161 51/586
149 162 162 166/651
149 162 161 47/527
150 162 162 223/864
150 162 161 19/211
151 162 162 249/961
151 162 161 55/589
152 162 162 177/673
152 162 161 29/307
153 162 162 163/615
153 162 161 100/999
154 162 162 10/37
154 162 161 93/916
155 162 162 250/909
155 162 161 112/999
156 162 162 158/559
156 162 161 110/963
157 162 162 60/203
157 162 161 87/632
158 162 162 269/873
158 162 161 59/418
159 162 162 157/476
159 162 161 94/855
160 162 162 395/886
160 162 161 205/516
161 162 162 215/461
161 162 161 305/698
162 162 162 244/415
162 162 161 48/587
