# UNIF(n=66,lo,hi): D_ren + dipoles; lines "lo hi level amplitude" for the corrected intervals
53 53 53 53/506
53 53 52 66/977
54 54 54 86/719
54 54 53 0
55 55 55 142/957
55 55 54 47/377
56 56 56 161/957
56 56 55 9/608
57 57 57 119/622
57 57 56 156/911
56 58 58 157/854
56 58 57 18/983
58 58 58 89/994
58 58 57 -61/933
57 59 59 55/608
57 59 58 -31/856
59 59 59 88/969
59 59 58 -13/173
56 60 60 65/246
56 60 59 50/959
58 60 60 80/269
58 60 59 57/961
59 60 60 258/829
59 60 59 127/761
60 60 60 287/888
60 60 59 43/956
55 61 61 231/661
55 61 60 10/23
56 61 61 306/851
56 61 60 527/997
57 61 61 323/876
57 61 60 105/229
58 61 61 124/329
58 61 60 497/848
59 61 61 179/466
59 61 60 300/653
60 61 61 123/319
60 61 60 336/517
61 61 61 316/917
61 61 60 199/643
52 62 62 157/394
52 62 61 20/209
53 62 62 195/472
53 62 61 104/811
54 62 62 131/307
54 62 61 93/830
55 62 62 437/995
55 62 61 28/185
56 62 62 415/921
56 62 61 53/431
57 62 62 283/614
57 62 61 123/704
58 62 62 433/921
58 62 61 101/802
59 62 62 474/991
59 62 61 199/983
60 62 62 149/307
60 62 61 77/676
61 62 62 198/403
61 62 61 24/97
62 62 62 457/921
62 62 61 8/131
47 63 63 19/55
47 63 62 184/737
48 63 63 246/709
48 63 62 17/63
49 63 63 195/536
49 63 62 51/176
50 63 63 283/779
50 63 62 173/559
51 63 63 223/582
51 63 62 151/456
52 63 63 331/871
52 63 62 233/664
53 63 63 263/649
53 63 62 365/968
54 63 63 375/941
54 63 62 107/269
55 63 63 49/113
55 63 62 169/389
56 63 63 180/427
56 63 62 341/745
57 63 63 380/797
57 63 62 512/985
58 63 63 304/667
58 63 62 174/317
59 63 63 207/401
59 63 62 491/837
60 63 63 49/103
60 63 62 529/847
61 63 63 633/953
61 63 62 857/990
62 63 63 531/901
62 63 62 530/553
63 63 63 409/758
63 63 62 84/193
36 64 64 27/193
36 64 63 48/949
37 64 64 5/34
37 64 63 40/757
38 64 64 145/936
38 64 63 29/527
39 64 64 142/879
39 64 63 25/437
40 64 64 12/71
40 64 63 38/641
41 64 64 38/217
41 64 63 7/114
42 64 64 170/933
42 64 63 59/931
43 64 64 40/213
43 64 63 11/168
44 64 64 57/293
44 64 63 46/683
45 64 64 107/536
45 64 63 51/734
46 64 64 61/296
46 64 63 67/940
47 64 64 67/318
47 64 63 5/68
48 64 64 41/189
48 64 63 7/93
49 64 64 67/303
49 64 63 62/797
50 64 64 5/22
50 64 63 69/868
51 64 64 46/199
51 64 63 80/969
52 64 64 61/257
52 64 63 37/439
53 64 64 55/228
53 64 63 74/837
54 64 64 28/113
54 64 63 85/942
55 64 64 111/440
55 64 63 64/663
56 64 64 227/874
56 64 63 92/933
57 64 64 117/439
57 64 63 107/975
58 64 64 117/424
58 64 63 10/89
59 64 64 271/933
59 64 63 50/367
60 64 64 214/703
60 64 63 124/885
61 64 64 203/620
61 64 63 80/733
62 64 64 351/788
62 64 63 399/997
63 64 64 109/233
63 64 63 17/39
64 64 64 243/413
64 64 63 80/983
