# UNIF(n=74,lo,hi): D_ren + dipoles; lines "lo hi level amplitude" for the corrected intervals
60 60 60 91/1000
60 60 59 -6/953
61 61 61 58/505
61 61 60 5/58
62 62 62 79/611
62 62 61 2/313
63 63 63 139/908
63 63 62 37/277
64 64 64 97/555
64 64 63 17/898
63 65 65 94/563
63 65 64 41/271
65 65 65 129/665
65 65 64 175/992
64 66 66 140/709
64 66 65 27/997
66 66 66 81/935
66 66 65 -23/341
63 67 67 187/819
63 67 66 200/809
65 67 67 37/428
65 67 66 -17/392
66 67 67 27/892
66 67 66 -3/866
67 67 67 13/145
67 67 66 -62/803
64 68 68 252/905
64 68 67 54/877
65 68 68 283/968
65 68 67 69/520
66 68 68 89/292
66 68 67 7/109
67 68 68 6/19
67 68 67 35/206
68 68 68 229/704
68 68 67 44/949
61 69 69 264/773
61 69 68 378/883
62 69 69 211/601
62 69 68 394/789
63 69 69 113/314
63 69 68 341/747
64 69 69 259/704
64 69 68 101/185
65 69 69 296/789
65 69 68 387/820
66 69 69 129/338
66 69 68 388/651
67 69 69 43/111
67 69 68 145/311
68 69 69 344/889
68 69 68 613/939
69 69 69 242/701
69 69 68 308/991
58 70 70 303/770
58 70 69 59/626
59 70 70 367/902
59 70 69 65/539
60 70 70 411/980
60 70 69 44/399
61 70 70 428/993
61 70 69 103/732
62 70 70 315/713
62 70 69 120/979
63 70 70 145/321
63 70 69 158/987
64 70 70 229/497
64 70 69 77/592
65 70 70 423/902
65 70 69 11/61
66 70 70 472/991
66 70 69 81/622
67 70 70 14/29
67 70 69 170/827
68 70 70 482/987
68 70 69 50/431
69 70 70 143/290
69 70 69 47/189
70 70 70 247/497
70 70 69 48/779
52 71 71 203/614
52 71 70 71/308
53 71 71 338/985
53 71 70 218/883
54 71 71 10/29
54 71 70 217/821
55 71 71 356/993
55 71 70 257/916
56 71 71 269/750
56 71 70 133/447
57 71 71 363/970
57 71 70 111/353
58 71 71 149/400
58 71 70 217/655
59 71 71 277/708
59 71 70 193/551
60 71 71 233/602
60 71 70 43/117
61 71 71 197/479
61 71 70 389/994
62 71 71 289/716
62 71 70 373/910
63 71 71 67/153
63 71 70 377/848
64 71 71 397/934
64 71 70 439/942
65 71 71 388/809
65 71 70 368/699
66 71 71 365/797
66 71 70 210/379
67 71 71 101/195
67 71 70 547/926
68 71 71 207/434
68 71 70 603/961
69 71 71 228/343
69 71 70 775/894
70 71 71 171/290
70 71 70 916/955
71 71 71 333/617
71 71 70 419/962
40 72 72 7/51
40 72 71 22/445
41 72 72 121/842
41 72 71 49/953
42 72 72 41/272
42 72 71 42/787
43 72 72 95/606
43 72 71 53/959
44 72 72 17/104
44 72 71 57/998
45 72 72 47/278
45 72 71 26/441
46 72 72 10/57
46 72 71 15/247
47 72 72 69/382
47 72 71 1/16
48 72 72 132/707
48 72 71 26/405
49 72 72 184/961
49 72 71 55/834
50 72 72 29/147
50 72 71 66/977
51 72 72 173/858
51 72 71 54/779
52 72 72 190/917
52 72 71 9/127
53 72 72 193/914
53 72 71 33/454
54 72 72 199/919
54 72 71 52/701
55 72 72 35/159
55 72 71 38/499
56 72 72 71/315
56 72 71 69/889
57 72 72 193/844
57 72 71 29/363
58 72 72 193/825
58 72 71 65/799
59 72 72 169/713
59 72 71 49/582
60 72 72 185/763
60 72 71 3/35
61 72 72 239/973
61 72 71 32/357
62 72 72 41/163
62 72 71 68/745
63 72 72 165/646
63 72 71 15/154
64 72 72 181/690
64 72 71 44/443
65 72 72 267/994
65 72 71 47/426
66 72 72 254/915
66 72 71 95/842
67 72 72 229/785
67 72 71 109/798
68 72 72 149/488
68 72 71 137/976
69 72 72 185/564
69 72 71 89/814
70 72 72 274/615
70 72 71 147/368
71 72 72 79/169
71 72 71 345/791
72 72 72 583/991
72 72 71 11/135
