# UNIF(n=95,lo,hi): D_ren + dipoles; lines "lo hi level amplitude" for the corrected intervals
79 79 79 83/995
79 79 78 -3/793
80 80 80 77/764
80 80 79 37/469
81 81 81 103/924
81 81 80 5/883
82 82 82 128/987
82 82 81 114/995
83 83 83 137/951
83 83 82 13/862
82 84 84 4/31
82 84 83 63/571
84 84 84 7/44
84 84 83 79/542
83 85 85 37/426
83 85 84 -12/445
85 85 85 46/249
85 85 84 24/965
84 86 86 155/821
84 86 85 36/185
86 86 86 194/981
86 86 85 96/521
83 87 87 170/891
83 87 86 16/507
85 87 87 218/999
85 87 86 33/832
86 87 87 199/865
86 87 86 117/922
87 87 87 69/838
87 87 86 -51/721
82 88 88 171/739
82 88 87 153/568
84 88 88 251/1000
84 88 87 253/861
85 88 88 61/235
85 88 87 324/797
86 88 88 79/988
86 88 87 -31/575
87 88 88 19/724
87 88 87 -4/399
88 88 88 23/262
88 88 87 -50/623
81 89 89 253/982
81 89 88 43/737
83 89 89 222/791
83 89 88 65/934
84 89 89 73/251
84 89 88 38/319
85 89 89 223/743
85 89 88 31/413
86 89 89 195/632
86 89 88 142/995
87 89 89 238/753
87 89 88 53/744
88 89 89 81/251
88 89 88 123/706
89 89 89 45/137
89 89 88 35/724
80 90 90 115/327
80 90 89 368/801
81 90 90 329/918
81 90 89 255/499
82 90 90 167/458
82 90 89 409/854
83 90 90 363/980
83 90 89 97/179
84 90 90 65/173
84 90 89 57/116
85 90 90 341/896
85 90 89 439/765
86 90 90 333/865
86 90 89 153/310
87 90 90 7/18
87 90 89 604/987
88 90 90 144/367
88 90 89 157/329
89 90 90 383/985
89 90 89 625/951
90 90 90 35/274
90 90 89 -91/733
75 91 91 322/809
75 91 90 43/448
76 91 91 269/659
76 91 90 111/971
77 91 91 384/919
77 91 90 107/975
78 91 91 421/986
78 91 90 77/593
79 91 91 71/163
79 91 90 56/461
80 91 91 63/142
80 91 90 40/277
81 91 91 421/933
81 91 90 114/871
82 91 91 302/659
82 91 90 92/581
83 91 91 33/71
83 91 90 109/793
84 91 91 137/291
84 91 90 5/29
85 91 91 301/632
85 91 90 29/207
86 91 91 205/426
86 91 90 77/409
87 91 91 237/488
87 91 90 80/587
88 91 91 305/623
88 91 90 198/943
89 91 91 35/71
89 91 90 47/395
90 91 91 297/599
90 91 90 143/571
91 91 91 273/548
91 91 90 35/561
67 92 92 317/978
67 92 91 7/31
68 92 92 176/529
68 92 91 101/426
69 92 92 65/194
69 92 91 249/997
70 92 92 335/974
70 92 91 233/894
71 92 92 303/877
71 92 91 125/458
72 92 92 126/355
72 92 91 218/769
73 92 92 341/959
73 92 91 151/511
74 92 92 15/41
74 92 91 157/513
75 92 92 167/457
75 92 91 55/173
76 92 92 365/968
76 92 91 247/751
77 92 92 155/413
77 92 91 151/443
78 92 92 142/365
78 92 91 233/660
79 92 92 241/625
79 92 91 262/717
80 92 92 118/293
80 92 91 119/313
81 92 92 347/874
81 92 91 85/216
82 92 92 55/131
82 92 91 127/307
83 92 92 113/275
83 92 91 226/527
84 92 92 325/732
84 92 91 378/821
85 92 92 292/679
85 92 91 354/739
86 92 92 59/122
86 92 91 473/881
87 92 92 391/848
87 92 91 122/217
88 92 92 497/955
88 92 91 575/963
89 92 92 461/963
89 92 91 620/981
90 92 92 565/849
90 92 91 345/397
91 92 92 344/583
91 92 91 677/705
92 92 92 501/928
92 92 91 385/883
50 93 93 119/900
50 93 92 43/906
51 93 93 58/421
51 93 92 49/1000
52 93 93 142/995
52 93 92 49/971
53 93 93 126/851
53 93 92 4/77
54 93 93 11/72
54 93 92 43/806
55 93 93 3/19
55 93 92 35/639
56 93 93 44/271
56 93 92 11/196
57 93 93 136/813
57 93 92 33/574
58 93 93 77/449
58 93 92 58/987
59 93 93 123/698
59 93 92 58/965
60 93 93 169/938
60 93 92 47/766
61 93 93 157/850
61 93 92 33/527
62 93 93 13/69
62 93 92 3/47
63 93 93 181/939
63 93 92 8/123
64 93 93 31/158
64 93 92 10/151
65 93 93 103/514
65 93 92 25/371
66 93 93 148/727
66 93 92 56/817
67 93 93 191/920
67 93 92 31/445
68 93 93 4/19
68 93 92 33/466
69 93 93 205/956
69 93 92 11/153
70 93 93 33/152
70 93 92 35/479
71 93 93 167/756
71 93 92 57/769
72 93 93 90/403
72 93 92 11/146
73 93 93 225/991
73 93 92 43/563
74 93 93 218/951
74 93 92 61/785
75 93 93 58/249
75 93 92 77/978
76 93 93 183/779
76 93 92 37/461
77 93 93 179/750
77 93 92 10/123
78 93 93 19/79
78 93 92 44/529
79 93 93 175/716
79 93 92 53/629
80 93 93 49/199
80 93 92 55/634
81 93 93 132/527
81 93 92 59/671
82 93 93 249/986
82 93 92 13/142
83 93 93 165/641
83 93 92 55/592
84 93 93 195/749
84 93 92 97/982
85 93 93 191/717
85 93 92 89/886
86 93 93 149/548
86 93 92 95/854
87 93 93 123/439
87 93 92 83/731
88 93 93 284/967
88 93 92 113/824
89 93 93 204/665
89 93 92 77/547
90 93 93 25/76
90 93 92 25/228
91 93 93 361/810
91 93 92 337/846
92 93 93 247/529
92 93 92 55/126
93 93 93 297/505
93 93 92 55/674
