# UNIF(n=88,lo,hi): D_ren + dipoles; lines "lo hi level amplitude" for the corrected intervals
72 72 72 53/693
72 72 71 -3/425
73 73 73 35/367
73 73 72 63/932
74 74 74 17/160
74 74 73 3/944
75 75 75 83/657
75 75 74 97/904
76 76 76 47/335
76 76 75 7/527
77 77 77 3/19
77 77 76 140/981
76 78 78 87/946
76 78 77 -22/995
78 78 78 174/955
78 78 77 7/296
77 79 79 59/322
77 79 78 119/653
79 79 79 133/675
79 79 78 101/554
76 80 80 169/934
76 80 79 26/971
78 80 80 56/263
78 80 79 23/620
80 80 80 1/12
80 80 79 -67/960
77 81 81 77/314
77 81 80 30/107
78 81 81 232/909
78 81 80 329/830
79 81 81 77/940
79 81 80 -17/330
80 81 81 23/838
80 81 80 -5/586
81 81 81 47/532
81 81 80 -51/641
76 82 82 59/217
76 82 81 16/245
77 82 82 229/807
77 82 81 48/415
78 82 82 246/835
78 82 81 50/691
79 82 82 186/611
79 82 81 19/135
80 82 82 197/629
80 82 81 25/358
81 82 82 259/807
81 82 81 108/623
82 82 82 250/763
82 82 81 7/146
73 83 83 100/291
73 83 82 405/923
74 83 83 349/993
74 83 82 73/148
75 83 83 353/984
75 83 82 455/981
76 83 83 72/197
76 83 82 199/376
77 83 83 42/113
77 83 82 38/79
78 83 83 363/962
78 83 82 358/633
79 83 83 96/251
79 83 82 473/971
80 83 83 305/788
80 83 82 303/499
81 83 83 167/427
81 83 82 191/403
82 83 83 359/924
82 83 82 582/887
83 83 83 119/344
83 83 82 287/919
70 84 84 213/527
70 84 83 76/737
71 84 84 375/904
71 84 83 119/960
72 84 84 229/539
72 84 83 5/43
73 84 84 423/974
73 84 83 20/143
74 84 84 74/167
74 84 83 65/512
75 84 84 51/113
75 84 83 42/271
76 84 84 447/974
76 84 83 7/52
77 84 84 294/631
77 84 83 25/147
78 84 84 418/885
78 84 83 38/275
79 84 84 382/799
79 84 83 172/921
80 84 84 361/747
80 84 83 5/37
81 84 84 441/904
81 84 83 55/263
82 84 84 479/974
82 84 83 9/76
83 84 84 356/719
83 84 83 1/4
84 84 84 117/235
84 84 83 15/241
62 85 85 235/716
62 85 84 20/89
63 85 85 236/699
63 85 84 90/379
64 85 85 125/368
64 85 84 79/314
65 85 85 337/964
65 85 84 223/845
66 85 85 128/365
66 85 84 171/616
67 85 85 296/819
67 85 84 195/673
68 85 85 176/487
68 85 84 298/983
69 85 85 267/715
69 85 84 160/507
70 85 85 362/973
70 85 84 199/605
71 85 85 39/101
71 85 84 214/625
72 85 85 280/731
72 85 84 293/823
73 85 85 167/417
73 85 84 350/941
74 85 85 369/934
74 85 84 17/44
75 85 85 396/947
75 85 84 379/930
76 85 85 95/232
76 85 84 269/635
77 85 85 329/743
77 85 84 358/785
78 85 85 369/860
78 85 84 455/957
79 85 85 253/524
79 85 84 416/779
80 85 85 233/506
80 85 84 551/984
81 85 85 300/577
81 85 84 359/603
82 85 85 188/393
82 85 84 41/65
83 85 85 485/729
83 85 84 791/911
84 85 85 331/561
84 85 84 937/976
85 85 85 535/991
85 85 84 432/991
47 86 86 89/666
47 86 85 39/812
48 86 86 113/809
48 86 85 43/865
49 86 86 19/131
49 86 85 43/838
50 86 86 143/948
50 86 85 19/359
51 86 86 99/635
51 86 85 36/661
52 86 86 150/929
52 86 85 55/982
53 86 86 125/752
53 86 85 48/835
54 86 86 41/239
54 86 85 25/424
55 86 86 157/892
55 86 85 59/977
56 86 86 23/127
56 86 85 61/987
57 86 86 88/475
57 86 85 52/823
58 86 86 166/873
58 86 85 63/976
59 86 86 110/567
59 86 85 45/683
60 86 86 121/609
60 86 85 26/387
61 86 86 199/984
61 86 85 52/759
62 86 86 141/682
62 86 85 3/43
63 86 86 21/100
63 86 85 61/858
64 86 86 212/989
64 86 85 65/899
65 86 86 113/520
65 86 85 68/923
66 86 86 72/325
66 86 85 25/334
67 86 86 187/834
67 86 85 29/380
68 86 86 140/613
68 86 85 76/981
69 86 86 229/992
69 86 85 36/455
70 86 86 223/949
70 86 85 46/573
71 86 86 181/763
71 86 85 32/389
72 86 86 64/265
72 86 85 58/695
73 86 86 106/435
73 86 85 53/616
74 86 86 71/286
74 86 85 75/859
75 86 86 101/403
75 86 85 74/813
76 86 86 177/692
76 86 85 87/941
77 86 86 137/529
77 86 85 49/498
78 86 86 113/426
78 86 85 73/729
79 86 86 184/679
79 86 85 101/910
80 86 86 230/823
80 86 85 79/697
81 86 86 124/423
81 86 85 10/73
82 86 86 231/754
82 86 85 137/974
83 86 86 283/861
83 86 85 55/502
84 86 86 332/745
84 86 85 356/893
85 86 86 397/850
85 86 85 182/417
86 86 86 427/726
86 86 85 35/429
