# UNIF(n=127,lo,hi): D_ren + dipoles; lines "lo hi level amplitude" for the corrected intervals
107 107 107 57/905
107 107 106 -4/843
108 108 108 39/964
108 108 107 -3/479
109 109 109 7/86
109 109 108 1/568
110 110 110 89/950
110 110 109 19/244
111 111 111 57/560
111 111 110 3/365
112 112 112 105/913
112 112 111 47/453
113 113 113 46/367
113 113 112 5/338
112 114 114 111/998
112 114 113 27/284
114 114 114 40/293
114 114 113 114/901
113 115 115 23/326
113 115 114 -7/300
115 115 115 116/753
115 115 114 1/46
114 116 116 87/571
114 116 115 102/671
116 116 116 153/934
116 116 115 45/292
113 117 117 125/842
113 117 116 9/415
115 117 117 46/651
115 117 116 -34/913
117 117 117 9/47
117 117 116 1/34
114 118 118 164/873
114 118 117 47/226
116 118 118 194/953
116 118 117 64/289
117 118 118 129/613
117 118 117 230/649
118 118 118 160/797
118 118 117 11/58
113 119 119 177/890
113 119 118 43/982
115 119 119 110/507
115 119 118 13/262
116 119 119 146/649
116 119 118 107/979
117 119 119 203/874
117 119 118 27/547
118 119 119 220/921
118 119 118 127/955
119 119 119 45/568
119 119 118 -55/756
112 120 120 23/296
112 120 119 -13/782
113 120 120 13/228
113 120 119 -5/942
114 120 120 201/787
114 120 119 273/869
115 120 120 247/946
115 120 119 374/951
116 120 120 163/612
116 120 119 89/276
117 120 120 77/284
117 120 119 247/577
118 120 120 59/775
118 120 119 -21/341
119 120 120 15/629
119 120 119 -7/473
120 120 120 80/923
120 120 119 -8/97
109 121 121 226/871
109 121 120 23/351
110 121 121 37/138
110 121 120 89/989
111 121 121 234/847
111 121 120 19/253
112 121 121 159/560
112 121 120 99/953
113 121 121 232/797
113 121 120 25/304
114 121 121 173/581
114 121 120 93/790
115 121 121 193/635
115 121 120 82/951
116 121 121 309/998
116 121 120 11/83
117 121 121 17/54
117 121 120 42/491
118 121 121 77/241
118 121 120 103/684
119 121 121 56/173
119 121 120 74/965
120 121 121 313/956
120 121 120 19/107
121 121 121 284/859
121 121 120 41/822
106 122 122 175/507
106 122 121 151/332
107 122 122 191/545
107 122 121 47/97
108 122 122 353/993
108 122 121 405/856
109 122 122 165/458
109 122 121 448/885
110 122 122 58/159
110 122 121 237/485
111 122 122 348/943
111 122 121 59/112
112 122 122 285/764
112 122 121 255/509
113 122 122 159/422
113 122 121 146/267
114 122 122 262/689
114 122 121 109/214
115 122 122 209/545
115 122 121 497/876
116 122 122 97/251
116 122 121 188/367
117 122 122 79/203
117 122 121 538/911
118 122 122 383/978
118 122 121 313/618
119 122 122 89/226
119 122 121 555/893
120 122 122 93/235
120 122 121 149/308
121 122 122 253/648
121 122 121 585/886
122 122 122 50/393
122 122 121 -71/567
100 123 123 66/167
100 123 122 89/871
101 123 123 276/685
101 123 122 14/137
102 123 123 119/290
102 123 122 97/851
103 123 123 43/103
103 123 122 77/684
104 123 123 356/839
104 123 122 1/8
105 123 123 349/810
105 123 122 5/41
106 123 123 73/167
106 123 122 83/613
107 123 123 109/246
107 123 122 109/837
108 123 123 346/771
108 123 122 91/627
109 123 123 421/927
109 123 122 135/983
110 123 123 293/638
110 123 122 113/732
111 123 123 71/153
111 123 122 81/566
112 123 123 313/668
112 123 122 122/747
113 123 123 469/992
113 123 122 105/713
114 123 123 174/365
114 123 122 111/644
115 123 123 110/229
115 123 122 93/623
116 123 123 460/951
116 123 122 119/653
117 123 123 147/302
117 123 122 134/905
118 123 123 327/668
118 123 122 43/221
119 123 123 338/687
119 123 122 23/163
120 123 123 382/773
120 123 122 206/965
121 123 123 442/891
121 123 122 79/651
122 123 123 427/858
122 123 122 171/679
123 123 123 245/491
123 123 122 47/746
90 124 124 196/603
90 124 123 203/919
91 124 124 314/959
91 124 123 217/943
92 124 124 324/973
92 124 123 44/185
93 124 124 199/594
93 124 123 229/928
94 124 124 326/957
94 124 123 185/728
95 124 124 293/856
95 124 123 185/704
96 124 124 323/928
96 124 123 269/997
97 124 124 95/272
97 124 123 234/841
98 124 124 27/76
98 124 123 279/979
99 124 124 351/986
99 124 123 290/989
100 124 124 346/955
100 124 123 125/417
101 124 124 344/949
101 124 123 129/419
102 124 124 243/658
102 124 123 314/999
103 124 124 45/122
103 124 123 49/152
104 124 124 172/457
104 124 123 270/821
105 124 124 275/733
105 124 123 215/638
106 124 124 325/847
106 124 123 153/445
107 124 124 311/815
107 124 123 131/372
108 124 124 103/263
108 124 123 59/164
109 124 124 374/963
109 124 123 199/540
110 124 124 353/881
110 124 123 301/797
111 124 124 289/730
111 124 123 127/328
112 124 124 7/17
112 124 123 113/283
113 124 124 283/699
113 124 123 73/178
114 124 124 215/504
114 124 123 389/909
115 124 124 5/12
115 124 123 56/127
116 124 124 346/771
116 124 123 463/984
117 124 124 23/53
117 124 123 173/355
118 124 124 349/717
118 124 123 518/953
119 124 124 375/809
119 124 123 181/319
120 124 124 222/425
120 124 123 499/830
121 124 124 205/427
121 124 123 607/956
122 124 124 339/509
122 124 123 797/916
123 124 124 457/774
123 124 123 593/617
124 124 124 317/587
124 124 123 24/55
67 125 125 131/988
67 125 124 44/933
68 125 125 109/799
68 125 124 43/891
69 125 125 117/833
69 125 124 4/81
70 125 125 16/111
70 125 124 40/793
71 125 125 61/412
71 125 124 32/621
72 125 125 146/963
72 125 124 36/685
73 125 125 23/148
73 125 124 26/485
74 125 125 155/976
74 125 124 54/989
75 125 125 149/917
75 125 124 47/845
76 125 125 121/730
76 125 124 43/760
77 125 125 32/189
77 125 124 27/469
78 125 125 169/980
78 125 124 52/889
79 125 125 35/199
79 125 124 28/471
80 125 125 22/123
80 125 124 7/116
81 125 125 88/483
81 125 124 59/963
82 125 125 89/481
82 125 124 21/338
83 125 125 125/664
83 125 124 15/238
84 125 125 135/707
84 125 124 53/830
85 125 125 98/505
85 125 124 51/788
86 125 125 58/295
86 125 124 65/992
87 125 125 105/526
87 125 124 29/437
88 125 125 20/99
88 125 124 66/983
89 125 125 133/649
89 125 124 53/780
90 125 125 75/362
90 125 124 65/946
91 125 125 21/100
91 125 124 64/921
92 125 125 7/33
92 125 124 46/655
93 125 125 55/256
93 125 124 23/324
94 125 125 173/798
94 125 124 71/990
95 125 125 88/401
95 125 124 71/980
96 125 125 177/800
96 125 124 3/41
97 125 125 199/889
97 125 124 47/636
98 125 125 23/102
98 125 124 5/67
99 125 125 122/535
99 125 124 73/969
100 125 125 185/806
100 125 124 7/92
101 125 125 42/181
101 125 124 45/586
102 125 125 144/617
102 125 124 71/915
103 125 125 205/869
103 125 124 75/958
104 125 125 170/717
104 125 124 65/821
105 125 125 81/338
105 125 124 79/989
106 125 125 162/673
106 125 124 47/581
107 125 125 201/826
107 125 124 4/49
108 125 125 161/659
108 125 124 15/181
109 125 125 85/344
109 125 124 45/538
110 125 125 219/883
110 125 124 70/821
111 125 125 235/936
111 125 124 75/871
112 125 125 152/603
112 125 124 19/215
113 125 125 241/943
113 125 124 57/638
114 125 125 65/253
114 125 124 77/830
115 125 125 252/965
115 125 124 76/809
116 125 125 259/983
116 125 124 28/281
117 125 125 241/896
117 125 124 26/257
118 125 125 257/938
118 125 124 35/313
119 125 125 259/919
119 125 124 57/500
120 125 125 105/356
120 125 124 106/771
121 125 125 4/13
121 125 124 11/78
122 125 125 318/965
122 125 124 106/965
123 125 125 411/922
123 125 124 101/254
124 125 125 286/613
124 125 124 235/538
125 125 125 304/517
125 125 124 21/257
