# UNIF(n=152,lo,hi): D_ren + dipoles; lines "lo hi level amplitude" for the corrected intervals
129 129 129 11/305
129 129 128 -1/1000
130 130 130 11/185
130 130 129 -2/899
131 131 131 35/968
131 131 130 -3/436
132 132 132 23/310
132 132 131 1/354
133 133 133 23/622
133 133 132 -10/761
134 134 134 16/177
134 134 133 1/127
135 135 135 43/426
135 135 134 29/322
136 136 136 79/726
136 136 135 9/691
135 137 137 79/852
135 137 136 29/394
137 137 137 81/682
137 137 136 85/773
136 138 138 59/570
136 138 137 2/241
138 138 138 81/620
138 138 137 5/271
137 139 139 122/983
137 139 138 61/521
139 139 139 139/998
139 139 138 67/511
136 140 140 13/113
136 140 139 3/241
138 140 140 35/569
138 140 139 -28/979
140 140 140 3/19
140 140 139 1/41
137 141 141 129/892
137 141 140 142/957
139 141 141 5/31
139 141 140 79/472
141 141 141 146/881
141 141 140 101/642
136 142 142 93/640
136 142 141 6/233
138 142 142 21/128
138 142 141 32/977
140 142 142 47/731
140 142 141 -28/683
141 142 142 5/259
141 142 141 -3/665
142 142 142 183/943
142 142 141 1/32
137 143 143 23/124
137 143 142 103/486
139 143 143 137/691
139 143 142 147/650
140 143 143 185/907
140 143 142 237/736
141 143 143 168/803
141 143 142 96/415
142 143 143 55/257
142 143 142 207/574
143 143 143 41/203
143 143 142 51/266
136 144 144 199/996
136 144 143 33/665
138 144 144 212/989
138 144 143 52/945
139 144 144 205/928
139 144 143 83/840
140 144 144 101/445
140 144 143 43/756
141 144 144 223/959
141 144 143 45/392
142 144 144 221/930
142 144 143 9/169
143 144 144 242/999
143 144 143 125/923
144 144 144 50/641
144 144 143 -51/694
133 145 145 33/415
133 145 144 -1/159
135 145 145 61/812
135 145 144 -5/276
136 145 145 43/729
136 145 144 -9/956
137 145 145 67/932
137 145 144 -8/273
138 145 145 51/979
138 145 144 -3/187
139 145 145 186/703
139 145 144 276/835
140 145 145 76/283
140 145 144 359/883
141 145 145 95/349
141 145 144 280/841
142 145 145 240/871
142 145 144 177/406
143 145 145 29/388
143 145 144 -48/743
144 145 145 2/87
144 145 144 -16/959
145 145 145 22/255
145 145 144 -1/12
132 146 146 43/160
132 146 145 37/493
133 146 146 192/697
133 146 145 63/667
134 146 146 135/479
134 146 145 43/522
135 146 146 287/997
135 146 145 28/267
136 146 146 91/310
136 146 145 43/488
137 146 146 269/900
137 146 145 98/851
138 146 146 227/747
138 146 145 26/283
139 146 146 141/457
139 146 145 113/898
140 146 146 173/553
140 146 145 88/947
141 146 146 198/625
141 146 145 4/29
142 146 146 215/671
142 146 145 50/557
143 146 146 179/553
143 146 145 111/722
144 146 146 308/943
144 146 145 65/824
145 146 146 292/887
145 146 145 90/503
146 146 146 175/528
146 146 145 46/911
127 147 147 242/701
127 147 146 454/999
128 147 147 329/941
128 147 146 331/694
129 147 147 339/958
129 147 146 355/754
130 147 147 335/936
130 147 146 50/101
131 147 147 335/926
131 147 146 414/853
132 147 147 91/249
132 147 146 486/949
133 147 147 107/290
133 147 146 119/239
134 147 147 86/231
134 147 146 289/547
135 147 147 211/562
135 147 146 123/242
136 147 147 305/806
136 147 146 173/318
137 147 147 146/383
137 147 146 371/719
138 147 147 256/667
138 147 146 520/929
139 147 147 348/901
139 147 146 371/713
140 147 147 54/139
140 147 146 467/810
141 147 147 339/868
141 147 146 105/202
142 147 147 374/953
142 147 146 105/176
143 147 147 391/992
143 147 146 390/763
144 147 147 55/139
144 147 146 5/8
145 147 147 214/539
145 147 146 263/541
146 147 147 79/202
146 147 146 551/833
147 147 147 345/994
147 147 146 45/143
120 148 148 106/267
120 148 147 81/799
121 148 148 190/471
121 148 147 12/109
122 148 148 188/459
122 148 147 41/372
123 148 148 411/989
123 148 147 103/864
124 148 148 292/693
124 148 147 83/701
125 148 148 336/787
125 148 147 91/712
126 148 148 412/953
126 148 147 17/135
127 148 148 7/16
127 148 147 109/802
128 148 148 273/617
128 148 147 122/919
129 148 148 428/957
129 148 147 89/620
130 148 148 389/861
130 148 147 89/641
131 148 148 359/787
131 148 147 117/776
132 148 148 29/63
132 148 147 16/111
133 148 148 13/28
133 148 147 143/907
134 148 148 205/438
134 148 147 138/929
135 148 148 390/827
135 148 147 47/286
136 148 148 379/798
136 148 147 12/79
137 148 148 349/730
137 148 147 151/883
138 148 148 469/975
138 148 147 153/994
139 148 148 432/893
139 148 147 86/483
140 148 148 71/146
140 148 147 100/649
141 148 148 43/88
141 148 147 173/929
142 148 148 186/379
142 148 147 87/575
143 148 148 236/479
143 148 147 55/279
144 148 148 443/896
144 148 147 100/699
145 148 148 489/986
145 148 147 176/819
146 148 148 363/730
146 148 147 91/744
147 148 148 307/616
147 148 147 131/519
148 148 148 351/703
148 148 147 21/332
107 149 149 281/869
107 149 148 182/863
108 149 149 139/427
108 149 148 195/892
109 149 149 245/743
109 149 148 111/493
110 149 149 67/202
110 149 148 67/288
111 149 149 305/908
111 149 148 43/180
112 149 149 263/779
112 149 148 16/65
113 149 149 107/313
113 149 148 119/472
114 149 149 241/702
114 149 148 233/899
115 149 149 268/771
115 149 148 49/185
116 149 149 301/863
116 149 148 25/92
117 149 149 273/773
117 149 148 51/184
118 149 149 336/949
118 149 148 243/856
119 149 149 71/198
119 149 148 172/595
120 149 149 269/749
120 149 148 285/964
121 149 149 274/753
121 149 148 141/469
122 149 149 304/835
122 149 148 121/394
123 149 149 203/550
123 149 148 248/795
124 149 149 128/347
124 149 148 248/779
125 149 149 198/529
125 149 148 253/783
126 149 149 133/356
126 149 148 173/525
127 149 149 52/137
127 149 148 227/679
128 149 149 143/378
128 149 148 213/625
129 149 149 345/896
129 149 148 250/723
130 149 149 195/509
130 149 148 338/959
131 149 149 181/463
131 149 148 34/95
132 149 149 144/371
132 149 148 339/929
133 149 149 355/893
133 149 148 62/167
134 149 149 298/757
134 149 148 136/359
135 149 149 392/967
135 149 148 200/517
136 149 149 2/5
136 149 148 270/683
137 149 149 275/662
137 149 148 393/967
138 149 149 264/647
138 149 148 189/454
139 149 149 413/962
139 149 148 383/884
140 149 149 261/623
140 149 148 49/110
141 149 149 32/71
141 149 148 203/428
142 149 149 419/962
142 149 148 435/887
143 149 149 163/334
143 149 148 261/478
144 149 149 275/592
144 149 148 349/613
145 149 149 260/497
145 149 148 44/73
146 149 149 236/491
146 149 148 512/805
147 149 149 485/728
147 149 148 739/849
148 149 149 541/916
148 149 148 324/337
149 149 149 101/187
149 149 148 433/992
80 150 150 22/169
80 150 149 40/863
81 150 150 77/577
81 150 149 33/698
82 150 150 75/548
82 150 149 34/705
83 150 150 85/607
83 150 149 31/631
84 150 150 122/851
84 150 149 48/959
85 150 150 117/799
85 150 149 11/216
86 150 150 91/608
86 150 149 17/328
87 150 150 127/832
87 150 149 52/987
88 150 150 43/276
88 150 149 52/971
89 150 150 43/271
89 150 149 18/331
90 150 150 104/643
90 150 149 19/344
91 150 150 51/310
91 150 149 13/232
92 150 150 67/400
92 150 149 46/809
93 150 150 97/570
93 150 149 20/347
94 150 150 9/52
94 150 149 9/154
95 150 150 88/501
95 150 149 47/794
96 150 150 121/678
96 150 149 49/817
97 150 150 131/724
97 150 149 19/313
98 150 150 9/49
98 150 149 37/602
99 150 150 8/43
99 150 149 35/563
100 150 150 147/779
100 150 149 39/620
101 150 150 55/288
101 150 149 11/173
102 150 150 6/31
102 150 149 29/451
103 150 150 137/700
103 150 149 33/508
104 150 150 89/449
104 150 149 13/198
105 150 150 143/714
105 150 149 47/709
106 150 150 15/74
106 150 149 15/224
107 150 150 79/386
107 150 149 64/947
108 150 150 171/826
108 150 149 29/425
109 150 150 146/699
109 150 149 36/523
110 150 150 193/914
110 150 149 38/547
111 150 150 33/155
111 150 149 69/985
112 150 150 128/595
112 150 149 20/283
113 150 150 75/346
113 150 149 53/744
114 150 150 192/877
114 150 149 63/877
115 150 150 166/753
115 150 149 59/815
116 150 150 144/647
116 150 149 37/507
117 150 150 170/759
117 150 149 5/68
118 150 150 92/407
118 150 149 73/985
119 150 150 143/629
119 150 149 53/710
120 150 150 114/497
120 150 149 71/944
121 150 150 86/373
121 150 149 71/937
122 150 150 10/43
122 150 149 49/642
123 150 150 232/993
123 150 149 1/13
124 150 150 41/174
124 150 149 34/439
125 150 150 172/727
125 150 149 69/884
126 150 150 183/767
126 150 149 43/547
127 150 150 17/71
127 150 149 70/883
128 150 150 85/352
128 150 149 59/739
129 150 150 109/450
129 150 149 76/943
130 150 150 237/970
130 150 149 22/271
131 150 150 61/249
131 150 149 82/999
132 150 150 133/538
132 150 149 76/919
133 150 150 169/682
133 150 149 69/823
134 150 150 250/999
134 150 149 6/71
135 150 150 232/925
135 150 149 53/616
136 150 150 179/706
136 150 149 71/818
137 150 150 254/999
137 150 149 46/517
138 150 150 95/369
138 150 149 47/523
139 150 150 121/468
139 150 149 11/118
140 150 150 241/918
140 150 149 93/986
141 150 150 122/461
141 150 149 1/10
142 150 150 193/715
142 150 149 99/976
143 150 150 86/313
143 150 149 94/839
144 150 150 246/871
144 150 149 112/981
145 150 150 148/501
145 150 149 15/109
146 150 150 73/237
146 150 149 139/985
147 150 150 123/373
147 150 149 41/373
148 150 150 181/406
148 150 149 333/838
149 150 150 382/819
149 150 149 239/547
150 150 150 127/216
150 150 149 13/159
