# UNIF(n=249,lo,hi): D_ren + dipoles; lines "lo hi level amplitude" for the corrected intervals
218 218 218 11/262
218 218 217 8/301
219 219 219 15/337
219 219 218 -1/1000
220 220 220 23/894
220 220 219 -4/853
221 221 221 19/364
221 221 220 1/587
222 222 222 26/997
222 222 221 -3/380
223 223 223 38/629
223 223 222 1/228
224 224 224 13/486
224 224 223 -11/982
225 225 225 45/649
225 225 224 7/986
226 226 226 1/36
226 226 225 -9/613
227 227 227 69/871
227 227 226 7/708
226 228 228 35/979
226 228 227 -1/663
228 228 228 8/273
228 228 227 -18/977
227 229 229 68/975
227 229 228 3/904
229 229 229 82/907
229 229 228 9/703
228 230 230 20/557
228 230 229 -4/507
230 230 230 39/406
230 230 229 1/11
229 231 231 71/819
229 231 230 3/310
231 231 231 97/938
231 231 230 11/691
228 232 232 29/710
228 232 231 -1/746
230 232 232 51/521
230 232 231 18/193
232 232 232 87/802
232 232 231 88/849
229 233 233 63/692
229 233 232 8/735
231 233 233 53/501
231 233 232 1/61
233 233 233 89/748
233 233 232 3/155
230 234 234 3/73
230 234 233 -8/789
232 234 234 94/795
232 234 233 31/259
234 234 234 23/186
234 234 233 17/143
229 235 235 31/298
229 235 234 8/485
231 235 235 57/488
231 235 234 1/47
233 235 235 119/928
233 235 234 1/42
235 235 235 74/535
235 235 234 1/43
230 236 236 61/491
230 236 235 132/989
232 236 236 98/731
232 236 235 81/560
234 236 236 1/7
234 236 235 135/893
235 236 236 70/477
235 236 235 173/701
236 236 236 1/7
236 236 235 61/443
229 237 237 71/559
229 237 236 17/633
231 237 237 121/878
231 237 236 19/615
233 237 237 114/773
233 237 236 13/394
234 237 237 137/902
234 237 236 20/253
235 237 237 17/346
235 237 236 -29/786
236 237 237 82/513
236 237 236 77/839
237 237 237 25/153
237 237 236 13/466
228 238 238 116/805
228 238 237 107/646
230 238 238 145/948
230 238 237 97/546
232 238 238 149/926
232 238 237 103/552
233 238 238 13/79
233 238 237 161/639
234 238 238 148/881
234 238 237 151/788
235 238 238 107/625
235 238 237 73/267
236 238 238 139/798
236 238 237 131/685
237 238 238 152/859
237 238 237 295/989
238 238 238 37/220
238 238 237 125/772
227 239 239 36/235
227 239 238 26/679
229 239 239 95/583
229 239 238 3/70
230 239 239 103/615
230 239 238 49/710
231 239 239 28/163
231 239 238 3/65
232 239 239 115/654
232 239 238 46/593
233 239 239 99/551
233 239 238 11/230
234 239 239 103/562
234 239 238 21/242
235 239 239 109/584
235 239 238 25/529
236 239 239 26/137
236 239 238 73/749
237 239 239 55/989
237 239 238 -45/959
238 239 239 12/871
238 239 238 -5/604
239 239 239 197/996
239 239 238 32/951
226 240 240 172/941
226 240 239 179/796
228 240 240 160/841
228 240 239 234/991
229 240 240 105/542
229 240 239 183/667
230 240 240 93/472
230 240 239 235/958
231 240 240 200/999
231 240 239 150/517
232 240 240 194/955
232 240 239 223/885
233 240 240 104/505
233 240 239 94/307
234 240 240 185/887
234 240 239 233/912
235 240 240 111/526
235 240 239 120/371
236 240 240 173/811
236 240 239 251/986
237 240 240 187/868
237 240 239 322/937
238 240 240 5/23
238 240 239 246/997
239 240 240 215/981
239 240 239 10/27
240 240 240 104/511
240 240 239 22/113
223 241 241 119/615
223 241 240 51/956
225 241 241 97/479
225 241 240 23/393
226 241 241 92/445
226 241 240 7/94
227 241 241 82/389
227 241 240 26/413
228 241 241 79/368
228 241 240 79/973
229 241 241 107/490
229 241 240 63/947
230 241 241 217/978
230 241 240 79/899
231 241 241 209/928
231 241 240 48/695
232 241 241 227/994
232 241 240 9/95
233 241 241 31/134
233 241 240 53/754
234 241 241 155/662
234 241 240 19/186
235 241 241 210/887
235 241 240 49/703
236 241 241 94/393
236 241 240 77/695
237 241 241 141/584
237 241 240 29/437
238 241 241 197/809
238 241 240 91/746
239 241 241 227/925
239 241 240 36/617
240 241 241 150/607
240 241 240 131/945
241 241 241 69/904
241 241 240 -48/643
220 242 242 2/27
220 242 241 -4/601
221 242 242 37/545
221 242 241 -5/953
222 242 242 70/983
222 242 241 -12/911
223 242 242 48/745
223 242 241 -3/277
224 242 242 62/903
224 242 241 -15/776
225 242 242 30/491
225 242 241 -1/63
226 242 242 41/617
226 242 241 -23/914
227 242 242 32/553
227 242 241 -20/983
228 242 242 55/851
228 242 241 -16/521
229 242 242 24/439
229 242 241 -20/827
230 242 242 31/490
230 242 241 -31/860
231 242 242 47/914
231 242 241 -8/293
232 242 242 1/16
232 242 241 -9/218
233 242 242 44/917
233 242 241 -6/203
234 242 242 62/993
234 242 241 -11/236
235 242 242 25/567
235 242 241 -19/619
236 242 242 192/691
236 242 241 98/275
237 242 242 269/963
237 242 241 416/973
238 242 242 16/57
238 242 241 94/269
239 242 242 245/869
239 242 241 404/901
240 242 242 34/469
240 242 241 -49/713
241 242 242 3/139
241 242 241 -19/987
242 242 242 81/946
242 242 241 -41/485
215 243 243 173/663
215 243 242 71/970
216 243 243 196/739
216 243 242 67/825
217 243 243 205/761
217 243 242 13/165
218 243 243 108/395
218 243 242 79/905
219 243 243 203/732
219 243 242 78/929
220 243 243 174/619
220 243 242 66/709
221 243 243 84/295
221 243 242 84/947
222 243 243 258/895
222 243 242 93/943
223 243 243 7/24
223 243 242 78/839
224 243 243 279/946
224 243 242 53/510
225 243 243 200/671
225 243 242 68/703
226 243 243 28/93
226 243 242 76/697
227 243 243 100/329
227 243 242 99/991
228 243 243 215/701
228 243 242 13/114
229 243 243 189/611
229 243 242 91/888
230 243 243 29/93
230 243 242 117/983
231 243 243 290/923
231 243 242 27/259
232 243 243 181/572
232 243 242 113/910
233 243 243 79/248
233 243 242 65/619
234 243 243 242/755
234 243 242 78/601
235 243 243 108/335
235 243 242 81/776
236 243 243 293/904
236 243 242 3/22
237 243 243 57/175
237 243 242 81/797
238 243 243 71/217
238 243 242 108/745
239 243 243 251/764
239 243 242 2/21
240 243 243 92/279
240 243 242 143/906
241 243 243 265/801
241 243 242 81/991
242 243 243 72/217
242 243 242 159/880
243 243 243 315/947
243 243 242 51/994
208 244 244 313/909
208 244 243 101/220
209 244 244 135/389
209 244 243 261/556
210 244 244 221/632
210 244 243 269/573
211 244 244 273/775
211 244 243 373/777
212 244 244 160/451
212 244 243 358/747
213 244 244 354/991
213 244 243 25/51
214 244 244 137/381
214 244 243 127/260
215 244 244 207/572
215 244 243 1/2
216 244 244 339/931
216 244 243 85/171
217 244 244 100/273
217 244 243 505/992
218 244 244 7/19
218 244 243 199/394
219 244 244 183/494
219 244 243 29/56
220 244 244 343/921
220 244 243 103/201
221 244 244 277/740
221 244 243 291/553
222 244 244 202/537
222 244 243 407/784
223 244 244 161/426
223 244 243 445/833
224 244 244 358/943
224 244 243 115/219
225 244 244 167/438
225 244 243 511/943
226 244 244 250/653
226 244 243 516/973
227 244 244 113/294
227 244 243 245/446
228 244 244 353/915
228 244 243 247/462
229 244 244 386/997
229 244 243 113/203
230 244 244 357/919
230 244 243 305/567
231 244 244 53/136
231 244 243 295/523
232 244 244 197/504
232 244 243 142/263
233 244 244 127/324
233 244 243 191/334
234 244 244 90/229
234 244 243 47/87
235 244 244 275/698
235 244 243 569/980
236 244 244 139/352
236 244 243 325/604
237 244 244 74/187
237 244 243 563/952
238 244 244 113/285
238 244 243 524/985
239 244 244 396/997
239 244 243 134/221
240 244 244 183/460
240 244 243 361/696
241 244 244 149/374
241 244 243 343/544
242 244 244 217/544
242 244 243 415/847
243 244 244 29/74
243 244 243 313/472
244 244 244 100/789
244 244 243 -116/919
196 245 245 183/464
196 245 244 43/429
197 245 245 339/851
197 245 244 6/59
198 245 245 395/982
198 245 244 85/801
199 245 245 255/628
199 245 244 92/857
200 245 245 377/920
200 245 244 37/331
201 245 245 203/491
201 245 244 83/736
202 245 245 387/928
202 245 244 100/853
203 245 245 299/711
203 245 244 67/568
204 245 245 92/217
204 245 244 121/988
205 245 245 391/915
205 245 244 103/838
206 245 245 394/915
206 245 244 115/902
207 245 245 213/491
207 245 244 79/619
208 245 245 97/222
208 245 244 43/325
209 245 245 11/25
209 245 244 107/810
210 245 245 435/982
210 245 244 79/577
211 245 245 173/388
211 245 244 134/983
212 245 245 433/965
212 245 244 105/743
213 245 245 386/855
213 245 244 71/506
214 245 245 203/447
214 245 244 109/749
215 245 245 227/497
215 245 244 121/840
216 245 245 451/982
216 245 244 147/983
217 245 245 392/849
217 245 244 104/705
218 245 245 433/933
218 245 244 25/163
219 245 245 229/491
219 245 244 63/418
220 245 245 112/239
220 245 244 144/917
221 245 245 153/325
221 245 244 112/729
222 245 245 148/313
222 245 244 131/816
223 245 245 151/318
223 245 244 5/32
224 245 245 236/495
224 245 244 129/787
225 245 245 235/491
225 245 244 146/921
226 245 245 49/102
226 245 244 107/640
227 245 245 148/307
227 245 244 73/455
228 245 245 475/982
228 245 244 91/534
229 245 245 181/373
229 245 244 125/772
230 245 245 55/113
230 245 244 91/524
231 245 245 226/463
231 245 244 50/307
232 245 245 394/805
232 245 244 105/593
233 245 245 79/161
233 245 244 146/895
234 245 245 483/982
234 245 244 83/459
235 245 245 489/992
235 245 244 51/314
236 245 245 491/994
236 245 244 48/259
237 245 245 243/491
237 245 244 29/181
238 245 245 176/355
238 245 244 185/967
239 245 245 217/437
239 245 244 30/193
240 245 245 458/921
240 245 244 197/983
241 245 245 120/241
241 245 244 123/845
242 245 245 496/995
242 245 244 153/706
243 245 245 245/491
243 245 244 74/599
244 245 245 414/829
244 245 244 121/478
245 245 245 499/999
245 245 244 26/409
175 246 246 305/957
175 246 245 38/183
176 246 246 304/947
176 246 245 29/137
177 246 246 10/31
177 246 245 193/893
178 246 246 281/865
178 246 245 123/559
179 246 246 249/763
179 246 245 219/976
180 246 246 185/563
180 246 245 149/653
181 246 246 265/803
181 246 245 43/185
182 246 246 305/918
182 246 245 225/953
183 246 246 333/998
183 246 245 216/899
184 246 246 91/271
184 246 245 69/283
185 246 246 332/985
185 246 245 88/355
186 246 246 325/958
186 246 245 143/569
187 246 246 16/47
187 246 245 253/991
188 246 246 197/575
188 246 245 15/58
189 246 246 254/739
189 246 245 257/979
190 246 246 193/558
190 246 245 55/207
191 246 246 145/418
191 246 245 259/961
192 246 246 37/106
192 246 245 175/642
193 246 246 7/20
193 246 245 21/76
194 246 246 156/443
194 246 245 260/931
195 246 246 353/1000
195 246 245 58/205
196 246 246 331/932
196 246 245 2/7
197 246 246 342/961
197 246 245 239/826
198 246 246 193/539
198 246 245 243/832
199 246 246 33/92
199 246 245 154/521
200 246 246 253/701
200 246 245 280/939
201 246 246 283/783
201 246 245 165/547
202 246 246 4/11
202 246 245 191/628
203 246 246 75/206
203 246 245 159/517
204 246 246 85/232
204 246 245 128/413
205 246 246 11/30
205 246 245 125/399
206 246 246 293/794
206 246 245 148/469
207 246 246 347/940
207 246 245 103/323
208 246 246 123/331
208 246 245 253/788
209 246 246 68/183
209 246 245 229/706
210 246 246 327/874
210 246 245 269/824
211 246 246 224/599
211 246 245 153/464
212 246 246 142/377
212 246 245 281/847
213 246 246 330/877
213 246 245 65/194
214 246 246 353/931
214 246 245 153/454
215 246 246 357/943
215 246 245 227/667
216 246 246 50/131
216 246 245 64/187
217 246 246 195/512
217 246 245 328/949
218 246 246 161/419
218 246 245 261/751
219 246 246 341/890
219 246 245 225/641
220 246 246 337/871
220 246 245 6/17
221 246 246 377/978
221 246 245 225/631
222 246 246 311/798
222 246 245 307/856
223 246 246 109/281
223 246 245 195/538
224 246 246 381/970
224 246 245 329/902
225 246 246 353/904
225 246 245 239/648
226 246 246 21/53
226 246 245 133/358
227 246 246 212/539
227 246 245 241/641
228 246 246 345/862
228 246 245 11/29
229 246 246 370/933
229 246 245 98/255
230 246 246 284/701
230 246 245 159/409
231 246 246 171/427
231 246 245 230/583
232 246 246 79/192
232 246 245 394/983
233 246 246 403/994
233 246 245 298/731
234 246 246 376/895
234 246 245 121/290
235 246 246 401/973
235 246 245 255/599
236 246 246 422/975
236 246 245 380/861
237 246 246 281/666
237 246 245 166/367
238 246 246 213/470
238 246 245 469/977
239 246 246 291/665
239 246 245 203/410
240 246 246 450/919
240 246 245 138/251
241 246 246 252/541
241 246 245 194/339
242 246 246 369/704
242 246 245 406/671
243 246 246 478/993
243 246 245 44/69
244 246 246 665/998
244 246 245 196/225
245 246 246 244/413
245 246 245 227/236
246 246 246 531/983
246 246 245 231/529
131 247 247 131/997
131 247 246 45/968
132 247 247 133/997
132 247 246 43/914
133 247 247 73/539
133 247 246 1/21
134 247 247 79/575
134 247 246 38/789
135 247 247 127/911
135 247 246 21/431
136 247 247 66/467
136 247 246 10/203
137 247 247 45/314
137 247 246 40/803
138 247 247 133/916
138 247 246 37/735
139 247 247 49/333
139 247 246 49/963
140 247 247 52/349
140 247 246 11/214
141 247 247 91/603
141 247 246 43/828
142 247 247 42/275
142 247 246 29/553
143 247 247 109/705
143 247 246 25/472
144 247 247 71/454
144 247 246 27/505
145 247 247 97/613
145 247 246 40/741
146 247 247 4/25
146 247 246 39/716
147 247 247 133/822
147 247 246 21/382
148 247 247 112/685
148 247 246 31/559
149 247 247 20/121
149 247 246 55/983
150 247 247 95/569
150 247 246 47/833
151 247 247 151/895
151 247 246 7/123
152 247 247 54/317
152 247 246 51/889
153 247 247 69/401
153 247 246 7/121
154 247 247 153/881
154 247 246 46/789
155 247 247 37/211
155 247 246 58/987
156 247 247 164/927
156 247 246 9/152
157 247 247 5/28
157 247 246 29/486
158 247 247 143/794
158 247 246 58/965
159 247 247 177/974
159 247 246 35/578
160 247 247 179/977
160 247 246 5/82
161 247 247 163/882
161 247 246 32/521
162 247 247 103/553
162 247 246 29/469
163 247 247 182/969
163 247 246 50/803
164 247 247 116/613
164 247 246 23/367
165 247 247 157/823
165 247 246 33/523
166 247 247 181/942
166 247 246 4/63
167 247 247 67/346
167 247 246 17/266
168 247 247 171/877
168 247 246 56/871
169 247 247 144/733
169 247 246 57/881
170 247 247 141/713
170 247 246 30/461
171 247 247 99/497
171 247 246 11/168
172 247 247 175/873
172 247 246 16/243
173 247 247 108/535
173 247 246 51/770
174 247 247 105/517
174 247 246 58/871
175 247 247 137/670
175 247 246 29/433
176 247 247 167/812
176 247 246 48/713
177 247 247 59/285
177 247 246 57/842
178 247 247 51/245
178 247 246 63/926
179 247 247 181/864
179 247 246 50/731
180 247 247 151/717
180 247 246 20/291
181 247 247 57/269
181 247 246 19/275
182 247 247 23/108
182 247 246 27/389
183 247 247 214/999
183 247 246 3/43
184 247 247 141/655
184 247 246 48/685
185 247 247 181/836
185 247 246 5/71
186 247 247 87/400
186 247 246 57/806
187 247 247 187/855
187 247 246 41/577
188 247 247 105/478
188 247 246 66/925
189 247 247 197/892
189 247 246 61/851
190 247 247 108/487
190 247 246 67/931
191 247 247 35/157
191 247 246 6/83
192 247 247 126/563
192 247 246 50/689
193 247 247 193/858
193 247 246 25/343
194 247 247 205/908
194 247 246 73/998
195 247 247 27/119
195 247 246 67/912
196 247 247 51/224
196 247 246 71/963
197 247 247 97/424
197 247 246 71/959
198 247 247 227/989
198 247 246 63/848
199 247 247 104/451
199 247 246 32/429
200 247 247 34/147
200 247 246 47/628
201 247 247 191/822
201 247 246 68/905
202 247 247 24/103
202 247 246 64/849
203 247 247 224/957
203 247 246 14/185
204 247 247 199/848
204 247 246 29/382
205 247 247 235/997
205 247 246 49/643
206 247 247 228/965
206 247 246 49/641
207 247 247 14/59
207 247 246 61/795
208 247 247 200/841
208 247 246 77/1000
209 247 247 139/582
209 247 246 18/233
210 247 247 218/911
210 247 246 73/942
211 247 247 180/749
211 247 246 7/90
212 247 247 13/54
212 247 246 49/628
213 247 247 22/91
213 247 246 13/166
214 247 247 146/603
214 247 246 11/140
215 247 247 89/366
215 247 246 69/875
216 247 247 28/115
216 247 246 69/872
217 247 247 56/229
217 247 246 61/768
218 247 247 47/192
218 247 246 68/853
219 247 247 15/61
219 247 246 79/987
220 247 247 236/959
220 247 246 9/112
221 247 247 112/453
221 247 246 48/595
222 247 247 189/764
222 247 246 74/913
223 247 247 222/893
223 247 246 80/983
224 247 247 95/382
224 247 246 32/391
225 247 247 1/4
225 247 246 79/961
226 247 247 1/4
226 247 246 61/737
227 247 247 211/839
227 247 246 42/505
228 247 247 209/831
228 247 246 25/298
229 247 247 81/320
229 247 246 83/984
230 247 247 121/478
230 247 246 25/293
231 247 247 89/349
231 247 246 57/664
232 247 247 251/984
232 247 246 71/814
233 247 247 123/478
233 247 246 73/831
234 247 247 247/959
234 247 246 89/990
235 247 247 151/580
235 247 246 69/761
236 247 247 136/521
236 247 246 71/756
237 247 247 131/495
237 247 246 71/748
238 247 247 215/807
238 247 246 87/866
239 247 247 130/479
239 247 246 94/923
240 247 247 109/395
240 247 246 109/970
241 247 247 121/427
241 247 246 23/201
242 247 247 252/851
242 247 246 121/878
243 247 247 253/820
243 247 246 139/984
244 247 247 34/103
244 247 246 34/309
245 247 247 383/859
245 247 246 210/529
246 247 247 421/903
246 247 246 389/890
247 247 247 418/711
247 247 246 9/110
