# UNIF(n=241,lo,hi): D_ren + dipoles; lines "lo hi level amplitude" for the corrected intervals
210 210 210 39/964
210 210 209 7/292
211 211 211 4/93
211 211 210 -1/522
212 212 212 19/724
212 212 211 -3/793
213 213 213 17/334
213 213 212 1/1000
214 214 214 23/867
214 214 213 -3/422
215 215 215 59/995
215 215 214 3/815
216 216 216 22/811
216 216 215 -1/95
217 217 217 37/541
217 217 216 6/923
218 218 218 7/249
218 218 217 -13/921
219 219 219 4/51
219 219 218 9/959
220 220 220 11/372
220 220 219 -17/947
219 221 221 61/901
219 221 220 1/496
221 221 221 71/791
221 221 220 7/565
220 222 222 3/82
220 222 221 -6/899
222 222 222 47/491
222 222 221 83/919
221 223 223 83/976
221 223 222 1/116
223 223 223 89/865
223 223 222 13/834
222 224 224 14/145
222 224 223 1/11
224 224 224 83/767
224 224 223 68/659
221 225 225 41/462
221 225 224 3/319
223 225 225 100/957
223 225 224 11/707
225 225 225 30/253
225 225 224 13/681
222 226 226 41/980
222 226 225 -4/455
224 226 226 113/964
224 226 225 114/967
226 226 226 10/81
226 226 225 16/135
221 227 227 29/286
221 227 226 13/879
223 227 227 114/991
223 227 226 16/795
225 227 227 78/613
225 227 226 11/475
227 227 227 118/855
227 227 226 11/477
222 228 228 116/949
222 228 227 63/485
224 228 228 58/437
224 228 227 135/949
226 228 228 25/176
226 228 227 95/634
228 228 228 131/918
228 228 227 76/553
221 229 229 116/933
221 229 228 13/518
223 229 229 86/633
223 229 228 13/439
225 229 229 44/301
225 229 228 28/871
226 229 229 145/961
226 229 228 41/523
227 229 229 48/967
227 229 228 -35/957
228 229 229 62/389
228 229 228 59/645
229 229 229 148/907
229 229 228 27/973
220 230 230 139/982
220 230 229 119/739
222 230 230 53/351
222 230 229 35/201
224 230 230 89/558
224 230 229 173/940
225 230 230 25/153
225 230 229 249/997
226 230 230 143/856
226 230 229 151/795
227 230 230 149/874
227 230 229 243/893
228 230 230 62/357
228 230 229 55/289
229 230 230 68/385
229 230 229 103/346
230 230 230 139/827
230 230 229 153/946
219 231 231 149/993
219 231 230 11/304
221 231 231 116/723
221 231 230 40/971
223 231 231 115/677
223 231 230 43/958
224 231 231 77/442
224 231 230 40/523
225 231 231 166/931
225 231 230 22/469
226 231 231 51/280
226 231 230 8/93
227 231 231 99/533
227 231 230 30/643
228 231 231 149/788
228 231 230 68/701
229 231 231 8/143
229 231 230 -12/257
230 231 231 12/857
230 231 230 -1/123
231 231 231 151/764
231 231 230 31/924
218 232 232 154/855
218 232 231 163/741
220 232 232 60/319
220 232 231 13/56
221 232 232 145/756
221 232 231 270/997
222 232 232 92/471
222 232 231 224/925
223 232 232 181/911
223 232 231 269/936
224 232 232 131/649
224 232 231 158/633
225 232 232 127/620
225 232 231 73/240
226 232 232 201/968
226 232 231 218/859
227 232 232 86/409
227 232 231 219/680
228 232 232 87/409
228 232 231 202/797
229 232 232 155/721
229 232 231 193/563
230 232 232 201/926
230 232 231 239/971
231 232 232 97/443
231 232 231 286/773
232 232 232 153/752
232 232 231 43/221
217 233 233 113/567
217 233 232 4/71
218 233 233 203/996
218 233 232 69/952
219 233 233 46/221
219 233 232 17/278
220 233 233 197/928
220 233 232 37/465
221 233 233 8/37
221 233 232 19/292
222 233 233 218/991
222 233 232 71/820
223 233 233 207/926
223 233 232 18/265
224 233 233 113/498
224 233 232 3/32
225 233 233 26/113
225 233 232 67/965
226 233 233 203/871
226 233 232 50/493
227 233 233 221/937
227 233 232 19/275
228 233 233 222/931
228 233 232 15/136
229 233 233 112/465
229 233 232 63/955
230 233 233 193/794
230 233 232 78/641
231 233 233 25/102
231 233 232 5/86
232 233 233 241/976
232 233 232 77/556
233 233 233 56/733
233 233 232 -52/697
214 234 234 65/896
214 234 233 -2/189
215 234 234 61/929
215 234 233 -2/237
216 234 234 67/960
216 234 233 -13/759
217 234 234 43/692
217 234 233 -6/433
218 234 234 43/638
218 234 233 -17/729
219 234 234 36/613
219 234 233 -16/857
220 234 234 52/795
220 234 233 -4/137
221 234 234 33/596
221 234 233 -11/482
222 234 234 23/360
222 234 233 -31/890
223 234 234 46/885
223 234 233 -23/877
224 234 234 43/683
224 234 233 -24/595
225 234 234 41/847
225 234 233 -5/174
226 234 234 13/207
226 234 233 -14/305
227 234 234 44/991
227 234 233 -22/731
228 234 234 137/494
228 234 233 328/923
229 234 234 275/986
229 234 233 364/853
230 234 234 127/453
230 234 233 233/668
231 234 234 269/955
231 234 233 417/931
232 234 234 9/124
232 234 233 -46/671
233 234 234 19/878
233 234 233 -19/993
234 234 234 37/432
234 234 233 -61/722
209 235 235 22/83
209 235 234 74/977
210 235 235 233/865
210 235 234 19/225
211 235 235 154/563
211 235 234 10/123
212 235 235 73/263
212 235 234 27/298
213 235 235 208/739
213 235 234 73/845
214 235 235 247/866
214 235 234 63/653
215 235 235 277/959
215 235 234 91/1000
216 235 235 221/756
216 235 234 39/382
217 235 235 212/717
217 235 234 73/768
218 235 235 269/900
218 235 234 96/893
219 235 235 292/967
219 235 234 67/680
220 235 235 143/469
220 235 234 83/736
221 235 235 4/13
221 235 234 91/898
222 235 235 302/973
222 235 234 97/822
223 235 235 245/783
223 235 234 31/300
224 235 235 233/739
224 235 234 19/154
225 235 235 295/929
225 235 234 63/604
226 235 235 304/951
226 235 234 89/689
227 235 235 211/656
227 235 234 78/751
228 235 235 252/779
228 235 234 129/949
229 235 235 40/123
229 235 234 8/79
230 235 235 83/254
230 235 234 91/629
231 235 235 64/195
231 235 234 21/221
232 235 235 287/871
232 235 234 108/685
233 235 235 124/375
233 235 234 79/968
234 235 235 202/609
234 235 234 95/526
235 235 235 295/887
235 235 234 2/39
201 236 236 260/757
201 236 235 221/478
202 236 236 312/901
202 236 235 329/711
203 236 236 126/361
203 236 235 9/19
204 236 236 134/381
204 236 235 362/765
205 236 236 152/429
205 236 235 78/161
206 236 236 86/241
206 236 235 442/915
207 236 236 83/231
207 236 235 473/956
208 236 236 17/47
208 236 235 255/518
209 236 236 344/945
209 236 235 386/765
210 236 236 215/587
210 236 235 294/587
211 236 236 7/19
211 236 235 462/899
212 236 236 302/815
212 236 235 436/857
213 236 236 193/518
213 236 235 195/373
214 236 236 312/833
214 236 235 453/878
215 236 236 163/433
215 236 235 17/32
216 236 236 87/230
216 236 235 35/67
217 236 236 369/971
217 236 235 404/749
218 236 236 321/841
218 236 235 424/803
219 236 236 335/874
219 236 235 475/868
220 236 236 137/356
220 236 235 236/443
221 236 236 124/321
221 236 235 298/537
222 236 236 340/877
222 236 235 376/701
223 236 236 184/473
223 236 235 395/702
224 236 236 16/41
224 236 235 341/633
225 236 236 265/677
225 236 235 379/664
226 236 236 221/563
226 236 235 446/827
227 236 236 98/249
227 236 235 247/426
228 236 236 260/659
228 236 235 194/361
229 236 236 225/569
229 236 235 283/479
230 236 236 296/747
230 236 235 447/841
231 236 236 397/1000
231 236 235 183/302
232 236 236 377/948
232 236 235 296/571
233 236 236 186/467
233 236 235 595/944
234 236 236 203/509
234 236 235 481/982
235 236 236 183/467
235 236 235 307/463
236 236 236 9/71
236 236 235 -92/729
189 237 237 193/493
189 237 236 76/787
190 237 237 362/915
190 237 236 77/761
191 237 237 263/658
191 237 236 55/536
192 237 237 329/815
192 237 236 89/830
193 237 237 333/817
193 237 236 89/821
194 237 237 137/333
194 237 236 13/115
195 237 237 367/884
195 237 236 58/509
196 237 237 405/967
196 237 236 114/961
197 237 237 411/973
197 237 236 44/369
198 237 237 411/965
198 237 236 46/371
199 237 237 404/941
199 237 236 65/523
200 237 237 241/557
200 237 236 90/697
201 237 237 296/679
201 237 236 107/829
202 237 237 119/271
202 237 236 89/664
203 237 237 375/848
203 237 236 101/756
204 237 237 187/420
204 237 236 24/173
205 237 237 307/685
205 237 236 75/544
206 237 237 327/725
206 237 236 58/405
207 237 237 113/249
207 237 236 102/719
208 237 237 21/46
208 237 236 132/895
209 237 237 337/734
209 237 236 61/419
210 237 237 277/600
210 237 236 102/673
211 237 237 304/655
211 237 236 145/973
212 237 237 369/791
212 237 236 97/624
213 237 237 338/721
213 237 236 152/999
214 237 237 463/983
214 237 236 46/289
215 237 237 414/875
215 237 236 137/884
216 237 237 182/383
216 237 236 76/467
217 237 237 209/438
217 237 236 37/235
218 237 237 286/597
218 237 236 59/355
219 237 237 88/183
219 237 236 41/257
220 237 237 430/891
220 237 236 29/171
221 237 237 446/921
221 237 236 44/273
222 237 237 377/776
222 237 236 41/237
223 237 237 365/749
223 237 236 123/758
224 237 237 65/133
224 237 236 167/946
225 237 237 271/553
225 237 236 142/873
226 237 237 113/230
226 237 236 164/909
227 237 237 327/664
227 237 236 135/833
228 237 237 383/776
228 237 236 42/227
229 237 237 91/184
229 237 236 159/994
230 237 237 494/997
230 237 236 73/382
231 237 237 474/955
231 237 236 84/541
232 237 237 343/690
232 237 236 149/744
233 237 237 337/677
233 237 236 8/55
234 237 237 464/931
234 237 236 125/577
235 237 237 459/920
235 237 236 51/413
236 237 237 388/777
236 237 236 224/885
237 237 237 499/999
237 237 236 15/236
169 238 238 69/217
169 238 237 161/781
170 238 238 305/952
170 238 237 57/271
171 238 238 265/823
171 238 237 23/107
172 238 238 193/595
172 238 237 182/831
173 238 238 278/853
173 238 237 19/85
174 238 238 194/591
174 238 237 164/721
175 238 238 243/737
175 238 237 16/69
176 238 238 257/774
176 238 237 107/454
177 238 238 1/3
177 238 237 6/25
178 238 238 234/697
178 238 237 106/435
179 238 238 61/181
179 238 237 59/238
180 238 238 303/893
180 238 237 217/863
181 238 238 332/975
181 238 237 126/493
182 238 238 278/811
182 238 237 259/1000
183 238 238 206/599
183 238 237 227/863
184 238 238 9/26
184 238 237 53/199
185 238 238 192/553
185 238 237 10/37
186 238 238 65/186
186 238 237 172/629
187 238 238 226/645
187 238 237 33/119
188 238 238 73/207
188 238 237 187/667
189 238 238 269/761
189 238 237 181/637
190 238 238 349/981
190 238 237 213/742
191 238 238 77/216
191 238 237 271/932
192 238 238 343/956
192 238 237 283/964
193 238 238 354/985
193 238 237 96/323
194 238 238 361/998
194 238 237 278/927
195 238 238 46/127
195 238 237 271/893
196 238 238 35/96
196 238 237 71/232
197 238 238 358/981
197 238 237 204/659
198 238 238 241/656
198 238 237 278/891
199 238 238 347/944
199 238 237 112/355
200 238 238 265/716
200 238 237 294/925
201 238 238 67/181
201 238 237 80/249
202 238 238 148/397
202 238 237 11/34
203 238 238 341/915
203 238 237 291/890
204 238 238 211/562
204 238 237 313/951
205 238 238 344/917
205 238 237 144/433
206 238 238 169/447
206 238 237 254/759
207 238 238 37/98
207 238 237 118/349
208 238 238 308/809
208 238 237 133/391
209 238 238 307/808
209 238 237 122/355
210 238 238 97/253
210 238 237 317/917
211 238 238 13/34
211 238 237 343/982
212 238 238 307/795
212 238 237 13/37
213 238 238 349/907
213 238 237 49/138
214 238 238 114/293
214 238 237 244/683
215 238 238 299/772
215 238 237 212/587
216 238 238 313/798
216 238 237 361/993
217 238 238 319/818
217 238 237 139/378
218 238 238 205/518
218 238 237 216/583
219 238 238 376/957
219 238 237 3/8
220 238 238 399/998
220 238 237 109/288
221 238 238 21/53
221 238 237 359/936
222 238 238 168/415
222 238 237 26/67
223 238 238 399/997
223 238 237 258/655
224 238 238 345/839
224 238 237 301/752
225 238 238 156/385
225 238 237 261/641
226 238 238 97/231
226 238 237 233/559
227 238 238 255/619
227 238 237 94/221
228 238 238 376/869
228 238 237 86/195
229 238 238 418/991
229 238 237 443/980
230 238 238 367/810
230 238 237 297/619
231 238 238 7/16
231 238 237 391/790
232 238 238 447/913
232 238 237 393/715
233 238 238 34/73
233 238 237 337/589
234 238 238 337/643
234 238 237 389/643
235 238 238 374/777
235 238 237 139/218
236 238 238 665/998
236 238 237 696/799
237 238 238 449/760
237 238 237 605/629
238 238 238 121/224
238 238 237 131/300
127 239 239 118/895
127 239 238 20/429
128 239 239 79/590
128 239 238 16/339
129 239 239 105/772
129 239 238 41/858
130 239 239 102/739
130 239 238 41/848
131 239 239 80/571
131 239 238 41/838
132 239 239 131/922
132 239 238 19/384
133 239 239 65/451
133 239 238 50/999
134 239 239 13/89
134 239 238 47/929
135 239 239 142/959
135 239 238 49/958
136 239 239 148/987
136 239 238 43/832
137 239 239 43/283
137 239 238 48/919
138 239 239 153/995
138 239 238 45/853
139 239 239 145/931
139 239 238 17/319
140 239 239 127/806
140 239 238 41/762
141 239 239 133/834
141 239 238 42/773
142 239 239 159/986
142 239 238 17/310
143 239 239 146/895
143 239 238 31/560
144 239 239 46/279
144 239 238 53/949
145 239 239 1/6
145 239 238 39/692
146 239 239 161/956
146 239 238 27/475
147 239 239 8/47
147 239 238 25/436
148 239 239 170/989
148 239 238 37/640
149 239 239 170/979
149 239 238 33/566
150 239 239 78/445
150 239 238 58/987
151 239 239 77/435
151 239 238 33/557
152 239 239 177/991
152 239 238 4/67
153 239 239 108/599
153 239 238 50/831
154 239 239 2/11
154 239 238 2/33
155 239 239 167/910
155 239 238 8/131
156 239 239 131/708
156 239 238 27/439
157 239 239 14/75
157 239 238 57/920
158 239 239 130/691
158 239 238 32/513
159 239 239 85/448
159 239 238 49/780
160 239 239 186/973
160 239 238 27/427
161 239 239 175/908
161 239 238 58/911
162 239 239 185/953
162 239 238 23/359
163 239 239 9/46
163 239 238 63/977
164 239 239 145/736
164 239 238 63/971
165 239 239 133/670
165 239 238 51/781
166 239 239 199/996
166 239 238 40/609
167 239 239 156/775
167 239 238 61/923
168 239 239 79/390
168 239 238 64/963
169 239 239 51/250
169 239 238 47/703
170 239 239 102/497
170 239 238 65/967
171 239 239 193/934
171 239 238 43/636
172 239 239 154/741
172 239 238 7/103
173 239 239 50/239
173 239 238 68/995
174 239 239 191/908
174 239 238 59/859
175 239 239 76/359
175 239 238 52/753
176 239 239 113/531
176 239 238 17/245
177 239 239 94/439
177 239 238 3/43
178 239 239 17/79
178 239 238 63/899
179 239 239 134/619
179 239 238 66/937
180 239 239 87/400
180 239 238 67/947
181 239 239 7/32
181 239 238 31/436
182 239 239 187/851
182 239 238 1/14
183 239 239 59/267
183 239 238 16/223
184 239 239 79/356
184 239 238 67/930
185 239 239 83/372
185 239 238 49/677
186 239 239 181/808
186 239 238 67/922
187 239 239 202/897
187 239 238 10/137
188 239 239 217/960
188 239 238 17/232
189 239 239 147/647
189 239 238 63/856
190 239 239 184/807
190 239 238 54/731
191 239 239 206/899
191 239 238 73/984
192 239 239 183/796
192 239 238 58/779
193 239 239 213/922
193 239 238 8/107
194 239 239 130/561
194 239 238 70/933
195 239 239 139/597
195 239 238 51/677
196 239 239 99/424
196 239 238 48/635
197 239 239 232/989
197 239 238 17/224
198 239 239 135/574
198 239 238 68/893
199 239 239 185/783
199 239 238 37/484
200 239 239 9/38
200 239 238 26/339
201 239 239 59/248
201 239 238 77/1000
202 239 239 36/151
202 239 238 73/945
203 239 239 74/309
203 239 238 67/864
204 239 239 149/621
204 239 238 61/784
205 239 239 181/751
205 239 238 56/717
206 239 239 239/990
206 239 238 25/319
207 239 239 105/433
207 239 238 45/572
208 239 239 212/873
208 239 238 3/38
209 239 239 141/578
209 239 238 60/757
210 239 239 233/954
210 239 238 51/641
211 239 239 53/216
211 239 238 79/989
212 239 239 237/965
212 239 238 73/910
213 239 239 211/855
213 239 238 65/807
214 239 239 203/822
214 239 238 59/729
215 239 239 173/697
215 239 238 33/406
216 239 239 223/898
216 239 238 77/942
217 239 239 188/753
217 239 238 73/889
218 239 239 241/965
218 239 238 53/641
219 239 239 52/207
219 239 238 57/686
220 239 239 151/601
220 239 238 57/680
221 239 239 131/518
221 239 238 52/617
222 239 239 108/427
222 239 238 81/950
223 239 239 66/259
223 239 238 32/373
224 239 239 246/965
224 239 238 17/195
225 239 239 242/941
225 239 238 18/205
226 239 239 251/975
226 239 238 39/434
227 239 239 248/953
227 239 238 61/673
228 239 239 161/617
228 239 238 43/458
229 239 239 109/412
229 239 238 93/980
230 239 239 224/841
230 239 238 91/906
231 239 239 89/328
231 239 238 39/383
232 239 239 245/888
232 239 238 111/988
233 239 239 17/60
233 239 238 73/638
234 239 239 273/922
234 239 238 74/537
235 239 239 29/94
235 239 238 63/446
236 239 239 203/615
236 239 238 79/718
237 239 239 383/859
237 239 238 343/864
238 239 239 214/459
238 239 238 191/437
239 239 239 525/893
239 239 238 76/929
