# UNIF(n=246,lo,hi): D_ren + dipoles; lines "lo hi level amplitude" for the corrected intervals
215 215 215 29/700
215 215 214 25/989
216 216 216 43/978
216 216 215 -1/893
217 217 217 19/730
217 217 216 -2/447
218 218 218 3/58
218 218 217 1/634
219 219 219 26/987
219 219 218 -4/519
220 220 220 3/50
220 220 219 4/935
221 221 221 13/482
221 221 220 -9/815
222 222 222 69/1000
222 222 221 3/428
223 223 223 27/965
223 223 222 -4/275
224 224 224 76/963
224 224 223 9/917
223 225 225 5/138
223 225 224 -1/864
225 225 225 18/611
225 225 224 -18/983
224 226 226 57/826
224 226 225 1/320
226 226 226 78/865
226 226 225 2/157
225 227 227 35/964
225 227 226 -7/921
227 227 227 41/427
227 227 226 39/430
226 228 228 13/151
226 228 227 1/105
228 228 228 93/901
228 228 227 1/63
225 229 229 27/652
225 229 228 -1/1000
227 229 229 15/154
227 229 228 65/706
229 229 229 95/876
229 229 228 86/831
226 230 230 35/388
226 230 229 7/656
228 230 230 103/978
228 230 229 11/676
230 230 230 94/791
230 230 229 9/466
227 231 231 40/963
227 231 230 -6/611
229 231 231 95/806
229 231 230 81/682
231 231 231 113/914
231 231 230 107/901
226 232 232 47/456
226 232 231 13/800
228 232 232 23/198
228 232 231 21/995
230 232 232 89/696
230 232 231 17/717
232 232 232 17/123
232 232 231 23/990
227 233 233 114/923
227 233 232 82/623
229 233 233 37/277
229 233 232 112/781
231 233 233 61/428
231 233 232 31/206
232 233 233 107/730
232 233 232 118/479
233 233 233 1/7
233 233 232 131/952
226 234 234 76/603
226 234 233 19/714
228 234 234 126/919
228 234 233 9/293
230 234 234 81/551
230 234 233 12/365
231 234 234 5/33
231 234 233 3/38
232 234 234 33/670
232 234 233 -17/463
233 234 234 99/620
233 234 233 81/883
234 234 234 65/398
234 234 233 8/287
225 235 235 65/454
225 235 234 71/435
227 235 235 51/335
227 235 234 109/620
229 235 235 145/904
229 235 234 98/529
230 235 235 119/725
230 235 234 221/881
231 235 235 142/847
231 235 234 173/907
232 235 235 20/117
232 235 234 3/11
233 235 235 87/500
233 235 234 33/173
234 235 235 29/164
234 235 234 132/443
235 235 235 149/886
235 235 234 157/970
224 236 236 149/980
224 236 235 16/421
226 236 236 35/216
226 236 235 11/258
228 236 236 155/906
228 236 235 43/935
229 236 236 160/913
229 236 235 71/917
230 236 236 117/653
230 236 235 28/587
231 236 236 175/957
231 236 235 54/623
232 236 236 177/950
232 236 235 46/975
233 236 236 181/955
233 236 235 15/154
234 236 236 55/988
234 236 235 -46/983
235 236 236 13/940
235 236 235 -1/122
236 236 236 35/177
236 236 235 26/773
223 237 237 2/11
223 237 236 2/9
225 237 237 187/987
225 237 236 106/453
226 237 237 155/803
226 237 236 94/345
227 237 237 186/947
227 237 236 229/940
228 237 237 108/541
228 237 236 265/918
229 237 237 167/824
229 237 236 177/706
230 237 237 193/939
230 237 236 245/803
231 237 237 86/413
231 237 236 167/656
232 237 237 98/465
232 237 236 253/784
233 237 237 205/962
233 237 236 16/63
234 237 237 203/943
234 237 236 313/912
235 237 237 78/359
235 237 236 155/629
236 237 237 179/817
236 237 236 67/181
237 237 237 81/398
237 237 236 182/935
220 238 238 73/380
220 238 237 22/415
222 238 238 30/149
222 238 237 53/910
223 238 238 181/880
223 238 237 59/795
224 238 238 175/834
224 238 237 35/558
225 238 238 127/594
225 238 237 23/284
226 238 238 47/216
226 238 237 27/407
227 238 238 167/755
227 238 237 5/57
228 238 238 157/699
228 238 237 53/769
229 238 238 221/970
229 238 237 79/835
230 238 238 151/654
230 238 237 4/57
231 238 238 169/723
231 238 237 99/970
232 238 238 135/571
232 238 237 69/991
233 238 238 221/925
233 238 237 32/289
234 238 238 55/228
234 238 237 25/377
235 238 238 183/752
235 238 237 5/41
236 238 238 13/53
236 238 237 41/703
237 238 238 209/846
237 238 237 135/974
238 238 238 61/799
238 238 237 -5/67
217 239 239 49/653
217 239 238 -3/503
218 239 239 67/974
218 239 238 -4/869
219 239 239 42/583
219 239 238 -2/159
220 239 239 65/997
220 239 238 -7/681
221 239 239 12/173
221 239 238 -8/425
222 239 239 41/664
222 239 238 -9/584
223 239 239 12/179
223 239 238 -19/768
224 239 239 49/839
224 239 238 -10/501
225 239 239 14/215
225 239 238 -15/494
226 239 239 34/617
226 239 238 -9/377
227 239 239 31/487
227 239 238 -24/671
228 239 239 41/792
228 239 238 -25/924
229 239 239 43/685
229 239 238 -37/901
230 239 239 11/228
230 239 238 -20/681
231 239 239 24/383
231 239 238 -17/366
232 239 239 43/971
232 239 238 -11/360
233 239 239 138/497
233 239 238 343/964
234 239 239 177/634
234 239 238 41/96
235 239 239 257/916
235 239 238 229/656
236 239 239 104/369
236 239 238 298/665
237 239 239 51/703
237 239 238 -59/859
238 239 239 4/185
238 239 238 -19/989
239 239 239 65/759
239 239 238 -71/840
212 240 240 92/355
212 240 239 19/261
213 240 240 248/941
213 240 239 19/235
214 240 240 109/407
214 240 239 75/956
215 240 240 158/581
215 240 239 2/23
216 240 240 117/424
216 240 239 21/251
217 240 240 61/218
217 240 239 40/431
218 240 240 281/991
218 240 239 88/995
219 240 240 284/989
219 240 239 85/864
220 240 240 270/929
220 240 239 78/841
221 240 240 127/432
221 240 239 67/646
222 240 240 233/784
222 240 239 53/549
223 240 240 215/716
223 240 239 70/643
224 240 240 47/155
224 240 239 87/872
225 240 240 86/281
225 240 239 50/439
226 240 240 159/515
226 240 239 61/596
227 240 240 113/363
227 240 239 105/883
228 240 240 16/51
228 240 239 88/845
229 240 240 73/231
229 240 239 17/137
230 240 240 7/22
230 240 239 83/791
231 240 240 236/737
231 240 239 86/663
232 240 240 316/981
232 240 239 70/671
233 240 240 80/247
233 240 239 134/983
234 240 240 292/897
234 240 239 32/315
235 240 240 277/847
235 240 239 10/69
236 240 240 89/271
236 240 239 2/21
237 240 240 329/998
237 240 239 107/678
238 240 240 302/913
238 240 239 38/465
239 240 240 281/847
239 240 239 43/238
240 240 240 307/923
240 240 239 51/994
205 241 241 178/519
205 241 240 5/11
206 241 241 288/833
206 241 240 20/43
207 241 241 269/772
207 241 240 403/866
208 241 241 178/507
208 241 240 469/985
209 241 241 29/82
209 241 240 253/532
210 241 241 333/935
210 241 240 238/489
211 241 241 71/198
211 241 240 278/573
212 241 241 61/169
212 241 240 230/463
213 241 241 336/925
213 241 240 169/342
214 241 241 163/446
214 241 240 40/79
215 241 241 318/865
215 241 240 201/400
216 241 241 105/284
216 241 240 317/615
217 241 241 171/460
217 241 240 501/982
218 241 241 250/669
218 241 240 391/746
219 241 241 163/434
219 241 240 346/669
220 241 241 217/575
220 241 240 386/725
221 241 241 229/604
221 241 240 491/938
222 241 241 270/709
222 241 240 328/607
223 241 241 148/387
223 241 240 439/830
224 241 241 321/836
224 241 240 211/385
225 241 241 323/838
225 241 240 502/941
226 241 241 200/517
226 241 240 5/9
227 241 241 335/863
227 241 240 167/311
228 241 241 347/891
228 241 240 49/87
229 241 241 259/663
229 241 240 461/855
230 241 241 324/827
230 241 240 361/632
231 241 241 11/28
231 241 240 415/769
232 241 241 115/292
232 241 240 467/805
233 241 241 392/993
233 241 240 207/385
234 241 241 379/958
234 241 240 211/357
235 241 241 375/946
235 241 240 411/773
236 241 241 276/695
236 241 240 417/688
237 241 241 393/988
237 241 240 14/27
238 241 241 339/851
238 241 240 527/836
239 241 241 353/885
239 241 240 387/790
240 241 241 29/74
240 241 240 498/751
241 241 241 238/685
241 241 240 276/875
194 242 242 363/917
194 242 241 77/760
195 242 242 399/998
195 242 241 46/435
196 242 242 367/909
196 242 241 26/243
197 242 242 97/238
197 242 241 75/673
198 242 242 269/654
198 242 241 103/916
199 242 242 144/347
199 242 241 85/727
200 242 242 365/872
200 242 241 2/17
201 242 242 149/353
201 242 241 65/532
202 242 242 20/47
202 242 241 110/897
203 242 242 377/879
203 242 241 107/841
204 242 242 325/752
204 242 241 114/895
205 242 242 219/503
205 242 241 7/53
206 242 242 296/675
206 242 241 12/91
207 242 242 427/967
207 242 241 111/812
208 242 242 441/992
208 242 241 26/191
209 242 242 315/704
209 242 241 128/907
210 242 242 421/935
210 242 241 125/892
211 242 242 429/947
211 242 241 133/915
212 242 242 293/643
212 242 241 20/139
213 242 242 280/611
213 242 241 134/897
214 242 242 417/905
214 242 241 14/95
215 242 242 447/965
215 242 241 116/757
216 242 242 311/668
216 242 241 89/591
217 242 242 211/451
217 242 241 59/376
218 242 242 361/768
218 242 241 146/951
219 242 242 297/629
219 242 241 103/642
220 242 242 46/97
220 242 241 99/634
221 242 242 10/21
221 242 241 125/763
222 242 242 120/251
222 242 241 151/953
223 242 242 203/423
223 242 241 125/748
224 242 242 328/681
224 242 241 157/979
225 242 242 304/629
225 242 241 131/769
226 242 242 353/728
226 242 241 73/451
227 242 242 447/919
227 242 241 25/144
228 242 242 481/986
228 242 241 120/737
229 242 242 113/231
229 242 241 131/740
230 242 242 334/681
230 242 241 137/840
231 242 242 324/659
231 242 241 177/979
232 242 242 341/692
232 242 241 19/117
233 242 242 479/970
233 242 241 169/912
234 242 242 332/671
234 242 241 128/799
235 242 242 229/462
235 242 241 189/988
236 242 242 353/711
236 242 241 136/875
237 242 242 268/539
237 242 241 101/504
238 242 242 469/942
238 242 241 54/371
239 242 242 484/971
239 242 241 179/826
240 242 242 239/479
240 242 241 116/939
241 242 242 404/809
241 242 241 222/877
242 242 242 499/999
242 242 241 26/409
173 243 243 226/705
173 243 242 195/943
174 243 243 259/804
174 243 242 119/563
175 243 243 243/749
175 243 242 137/636
176 243 243 323/991
176 243 242 157/714
177 243 243 277/844
177 243 242 220/983
178 243 243 237/719
178 243 242 34/149
179 243 243 151/455
179 243 242 103/444
180 243 243 1/3
180 243 242 43/182
181 243 243 319/951
181 243 242 155/646
182 243 243 299/888
182 243 242 239/979
183 243 243 263/776
183 243 242 213/860
184 243 243 318/935
184 243 242 249/989
185 243 243 331/967
185 243 242 221/866
186 243 243 125/364
186 243 242 169/652
187 243 243 47/136
187 243 242 21/80
188 243 243 322/929
188 243 242 73/274
189 243 243 301/863
189 243 242 251/931
190 243 243 185/529
190 243 242 35/128
191 243 243 335/952
191 243 242 60/217
192 243 243 297/842
192 243 242 271/967
193 243 243 307/865
193 243 242 32/113
194 243 243 239/672
194 243 242 249/868
195 243 243 180/503
195 243 242 73/252
196 243 243 19/53
196 243 242 271/924
197 243 243 325/901
197 243 242 214/723
198 243 243 315/872
198 243 242 192/641
199 243 243 237/652
199 243 242 100/331
200 243 243 250/687
200 243 242 191/625
201 243 243 349/953
201 243 242 126/409
202 243 243 339/925
202 243 242 157/504
203 243 243 308/835
203 243 242 43/137
204 243 243 100/271
204 243 242 283/892
205 243 243 328/883
205 243 242 54/169
206 243 243 367/988
206 243 242 165/511
207 243 243 95/254
207 243 242 131/403
208 243 243 40/107
208 243 242 245/746
209 243 243 61/162
209 243 242 311/941
210 243 243 120/319
210 243 242 209/626
211 243 243 362/955
211 243 242 307/914
212 243 243 299/790
212 243 242 324/955
213 243 243 369/967
213 243 242 115/337
214 243 243 305/801
214 243 242 172/499
215 243 243 330/859
215 243 242 321/926
216 243 243 267/697
216 243 242 277/791
217 243 243 241/623
217 243 242 305/866
218 243 243 37/96
218 243 242 337/947
219 243 243 196/503
219 243 242 92/257
220 243 243 351/905
220 243 242 347/959
221 243 243 335/853
221 243 242 185/508
222 243 243 351/899
222 243 242 165/448
223 243 243 145/366
223 243 242 105/283
224 243 243 199/506
224 243 242 264/703
225 243 243 399/997
225 243 242 327/863
226 243 243 389/981
226 243 242 311/810
227 243 243 365/901
227 243 242 369/950
228 243 243 181/452
228 243 242 259/657
229 243 243 367/892
229 243 242 145/362
230 243 243 15/37
230 243 242 405/994
231 243 243 92/219
231 243 242 93/223
232 243 243 211/512
232 243 242 20/47
233 243 243 277/640
233 243 242 439/995
234 243 243 389/922
234 243 242 279/617
235 243 243 392/865
235 243 242 251/523
236 243 243 312/713
236 243 242 299/604
237 243 243 71/145
237 243 242 304/553
238 243 243 143/307
238 243 242 519/907
239 243 243 521/994
239 243 242 602/995
240 243 243 155/322
240 243 242 271/425
241 243 243 665/998
241 243 242 473/543
242 243 243 244/413
242 243 242 580/603
243 243 243 531/983
243 243 242 362/829
130 244 244 92/699
130 244 243 25/537
131 244 244 29/217
131 244 243 9/191
132 244 244 125/921
132 244 243 29/608
133 244 244 42/305
133 244 243 47/974
134 244 244 45/322
134 244 243 29/594
135 244 244 35/247
135 244 243 43/871
136 244 244 24/167
136 244 243 35/701
137 244 244 143/982
137 244 243 49/971
138 244 244 40/271
138 244 243 48/941
139 244 244 100/669
139 244 243 47/912
140 244 244 48/317
140 244 243 5/96
141 244 244 40/261
141 244 243 52/989
142 244 244 9/58
142 244 243 17/320
143 244 244 116/739
143 244 243 31/578
144 244 244 44/277
144 244 243 43/794
145 244 244 137/853
145 244 243 47/860
146 244 244 45/277
146 244 243 39/707
147 244 244 11/67
147 244 243 33/593
148 244 244 163/982
148 244 243 47/837
149 244 244 83/495
149 244 243 44/777
150 244 244 152/897
150 244 243 57/998
151 244 244 167/976
151 244 243 52/903
152 244 244 163/943
152 244 243 50/861
153 244 244 138/791
153 244 243 35/598
154 244 244 139/789
154 244 243 58/983
155 244 244 131/737
155 244 243 39/656
156 244 244 75/418
156 244 243 29/484
157 244 244 154/851
157 244 243 58/961
158 244 244 21/115
158 244 243 9/148
159 244 244 95/516
159 244 243 61/996
160 244 244 13/70
160 244 243 52/843
161 244 244 111/593
161 244 243 39/628
162 244 244 84/445
162 244 243 62/991
163 244 244 31/163
163 244 243 44/699
164 244 244 116/605
164 244 243 9/142
165 244 244 73/378
165 244 243 25/392
166 244 244 167/858
166 244 243 26/405
167 244 244 166/847
167 244 243 31/480
168 244 244 78/395
168 244 243 57/877
169 244 244 65/327
169 244 243 27/413
170 244 244 174/869
170 244 243 64/973
171 244 244 188/933
171 244 243 17/257
172 244 244 125/616
172 244 243 36/541
173 244 244 59/289
173 244 243 19/284
174 244 244 126/613
174 244 243 65/966
175 244 244 178/861
175 244 243 65/961
176 244 244 185/889
176 244 243 37/544
177 244 244 181/865
177 244 243 27/395
178 244 244 199/945
178 244 243 49/713
179 244 244 105/496
179 244 243 52/753
180 244 244 59/277
180 244 243 37/533
181 244 244 70/327
181 244 243 59/846
182 244 244 160/743
182 244 243 15/214
183 244 244 37/171
183 244 243 64/909
184 244 244 205/942
184 244 243 15/212
185 244 244 195/892
185 244 243 41/577
186 244 244 184/837
186 244 243 1/14
187 244 244 17/77
187 244 243 58/809
188 244 244 200/901
188 244 243 69/958
189 244 244 113/507
189 244 243 41/567
190 244 244 136/607
190 244 243 30/413
191 244 244 65/289
191 244 243 7/96
192 244 244 85/376
192 244 243 55/751
193 244 244 157/692
193 244 243 53/721
194 244 244 127/557
194 244 243 11/149
195 244 244 221/966
195 244 243 2/27
196 244 244 20/87
196 244 243 43/578
197 244 244 229/993
197 244 243 43/576
198 244 244 19/82
198 244 243 44/587
199 244 244 221/951
199 244 243 27/359
200 244 244 60/257
200 244 243 41/543
201 244 244 92/393
201 244 243 5/66
202 244 244 202/859
202 244 243 47/618
203 244 244 62/263
203 244 243 47/616
204 244 244 139/587
204 244 243 71/927
205 244 244 89/375
205 244 243 69/898
206 244 244 200/839
206 244 243 29/376
207 244 244 59/247
207 244 243 66/853
208 244 244 107/446
208 244 243 8/103
209 244 244 56/233
209 244 243 6/77
210 244 244 7/29
210 244 243 14/179
211 244 244 147/608
211 244 243 39/497
212 244 244 195/803
212 244 243 23/292
213 244 244 169/695
213 244 243 66/835
214 244 244 223/913
214 244 243 58/731
215 244 244 212/867
215 244 243 9/113
216 244 244 183/745
216 244 243 69/863
217 244 244 163/663
217 244 243 79/984
218 244 244 207/838
218 244 243 37/459
219 244 244 197/797
219 244 243 75/926
220 244 244 39/157
220 244 243 78/959
221 244 244 209/841
221 244 243 31/379
222 244 244 249/997
222 244 243 76/925
223 244 244 1/4
223 244 243 34/411
224 244 244 232/923
224 244 243 34/409
225 244 244 91/362
225 244 243 53/632
226 244 244 21/83
226 244 243 43/510
227 244 244 125/494
227 244 243 29/340
228 244 244 246/965
228 244 243 72/839
229 244 244 51/200
229 244 243 62/711
230 244 244 204/793
230 244 243 44/501
231 244 244 163/633
231 244 243 87/968
232 244 244 234/899
232 244 243 65/717
233 244 244 95/364
233 244 243 77/820
234 244 244 240/907
234 244 243 41/432
235 244 244 191/717
235 244 243 89/886
236 244 244 200/737
236 244 243 61/599
237 244 244 149/540
237 244 243 10/89
238 244 244 240/847
238 244 243 96/839
239 244 244 289/976
239 244 243 39/283
240 244 244 199/645
240 244 243 101/715
241 244 244 305/924
241 244 243 79/718
242 244 244 383/859
242 244 243 79/199
243 244 244 352/755
243 244 243 389/890
244 244 244 418/711
244 244 243 9/110
