# UNIF(n=197,lo,hi): D_ren + dipoles; lines "lo hi level amplitude" for the corrected intervals
170 170 170 23/766
170 170 169 -1/1000
171 171 171 34/673
171 171 170 -1/540
172 172 172 29/963
172 172 171 -5/952
173 173 173 59/968
173 173 172 1/557
174 174 174 26/849
174 174 173 -9/932
175 175 175 46/637
175 175 174 5/919
176 176 176 5/158
176 176 175 -5/351
177 177 177 69/815
177 177 176 7/766
178 178 178 5/54
178 178 177 50/589
177 179 179 49/680
177 179 178 0
179 179 179 74/749
179 179 178 8/617
178 180 180 66/767
178 180 179 52/717
180 180 180 59/556
180 180 179 21/211
179 181 181 28/297
179 181 180 7/780
181 181 181 3/26
181 181 180 11/646
180 182 182 19/174
180 182 181 25/241
182 182 182 121/993
182 182 181 109/942
179 183 183 94/929
179 183 182 11/989
181 183 183 27/226
181 183 182 17/939
183 183 183 8/59
183 183 182 19/884
180 184 184 71/581
180 184 183 21/170
182 184 184 32/235
182 184 183 63/452
184 184 184 137/968
184 184 183 116/857
179 185 185 37/307
179 185 184 16/819
181 185 185 113/831
181 185 184 23/904
183 185 185 23/429
183 185 184 -8/235
185 185 185 139/861
185 185 184 12/451
180 186 186 142/957
180 186 185 41/250
182 186 186 65/407
182 186 185 50/283
184 186 186 48/283
184 186 185 170/929
185 186 186 63/362
185 186 185 63/215
186 186 186 139/831
186 186 185 159/992
179 187 187 129/833
179 187 186 3/86
181 187 187 135/806
181 187 186 16/403
182 187 187 57/329
182 187 186 33/412
183 187 187 97/543
183 187 186 41/978
184 187 187 182/991
184 187 186 79/846
185 187 187 40/681
185 187 186 -18/401
186 187 187 13/824
186 187 186 -5/716
187 187 187 167/850
187 187 186 29/885
178 188 188 137/753
178 188 187 203/933
180 188 188 171/892
180 188 187 167/723
181 188 188 113/576
181 188 187 145/503
182 188 188 104/519
182 188 187 63/262
183 188 188 123/602
183 188 187 299/961
184 188 188 172/827
184 188 187 35/143
185 188 188 171/809
185 188 187 275/818
186 188 188 74/345
186 188 187 183/758
187 188 188 183/842
187 188 187 287/782
188 188 188 124/611
188 188 187 140/723
177 189 189 135/677
177 189 188 43/802
178 189 189 163/795
178 189 188 45/589
179 189 189 69/328
179 189 188 27/458
180 189 189 137/636
180 189 188 25/291
181 189 189 107/486
181 189 188 22/351
182 189 189 197/877
182 189 188 31/324
183 189 189 27/118
183 189 188 47/731
184 189 189 37/159
184 189 188 5/47
185 189 189 233/986
185 189 188 32/509
186 189 189 127/530
186 189 188 79/662
187 189 189 33/136
187 189 188 24/425
188 189 189 133/542
188 189 188 127/924
189 189 189 1/13
189 189 188 -62/835
174 190 190 47/628
174 190 189 -2/227
175 190 190 63/962
175 190 189 -3/547
176 190 190 55/769
176 190 189 -17/984
177 190 190 58/953
177 190 189 -7/578
178 190 190 28/407
178 190 189 -19/752
179 190 190 53/941
179 190 189 -3/169
180 190 190 41/614
180 190 189 -32/973
181 190 190 3/58
181 190 189 -13/584
182 190 190 13/198
182 190 189 -19/471
183 190 190 25/534
183 190 189 -23/906
184 190 190 233/853
184 190 189 221/636
185 190 190 27/98
185 190 189 153/364
186 190 190 168/605
186 190 189 340/989
187 190 190 271/969
187 190 189 151/340
188 190 190 20/273
188 190 189 -63/937
189 190 190 22/997
189 190 189 -18/983
190 190 190 37/431
190 190 189 -82/975
171 191 191 4/15
171 191 190 49/650
172 191 191 211/776
172 191 190 5/57
173 191 191 18/65
173 191 190 55/672
174 191 191 253/898
174 191 190 73/765
175 191 191 65/227
175 191 190 73/834
176 191 191 289/994
176 191 190 11/107
177 191 191 105/356
177 191 190 35/379
178 191 191 281/940
178 191 190 95/864
179 191 191 300/991
179 191 190 93/967
180 191 191 34/111
180 191 190 46/393
181 191 191 275/888
181 191 190 8/81
182 191 191 219/700
182 191 190 25/201
183 191 191 313/991
183 191 190 42/421
184 191 191 317/995
184 191 190 31/234
185 191 191 290/903
185 191 190 87/884
186 191 191 318/983
186 191 190 42/295
187 191 191 311/955
187 191 190 11/118
188 191 191 324/989
188 191 190 131/838
189 191 191 55/167
189 191 190 71/880
190 191 191 314/949
190 191 190 110/611
191 191 191 295/888
191 191 190 38/745
164 192 192 86/251
164 192 191 451/992
165 192 192 271/783
165 192 191 381/812
166 192 192 166/475
166 192 191 333/712
167 192 192 200/567
167 192 191 127/263
168 192 192 142/399
168 192 191 297/619
169 192 192 243/677
169 192 191 179/361
170 192 192 131/362
170 192 191 379/772
171 192 192 31/85
171 192 191 94/185
172 192 192 334/909
172 192 191 489/976
173 192 192 131/354
173 192 191 79/152
174 192 192 345/926
174 192 191 229/449
175 192 192 3/8
175 192 191 267/503
176 192 192 352/933
176 192 191 276/533
177 192 192 329/867
177 192 191 111/205
178 192 192 211/553
178 192 191 54/103
179 192 192 354/923
179 192 191 516/935
180 192 192 301/781
180 192 191 109/206
181 192 192 175/452
181 192 191 257/457
182 192 192 341/877
182 192 191 441/829
183 192 192 73/187
183 192 191 515/898
184 192 192 364/929
184 192 191 299/562
185 192 192 379/964
185 192 191 343/585
186 192 192 295/748
186 192 191 313/593
187 192 192 229/579
187 192 191 521/864
188 192 192 251/633
188 192 191 513/994
189 192 192 31/78
189 192 191 413/657
190 192 192 362/909
190 192 191 237/485
191 192 192 177/452
191 192 191 481/726
192 192 192 43/339
192 192 191 -109/865
155 193 193 296/751
155 193 192 29/296
156 193 193 374/937
156 193 192 100/961
157 193 193 381/943
157 193 192 105/998
158 193 193 381/932
158 193 192 48/431
159 193 193 203/491
159 193 192 51/455
160 193 193 349/835
160 193 192 20/169
161 193 193 253/599
161 193 192 83/700
162 193 193 381/893
162 193 192 1/8
163 193 193 302/701
163 193 192 47/377
164 193 193 257/591
164 193 192 73/556
165 193 193 43/98
165 193 192 88/675
166 193 193 158/357
166 193 192 81/590
167 193 193 137/307
167 193 192 97/715
168 193 193 121/269
168 193 192 143/1000
169 193 193 223/492
169 193 192 26/185
170 193 193 205/449
170 193 192 96/647
171 193 193 40/87
171 193 192 127/876
172 193 193 355/767
172 193 192 138/899
173 193 193 143/307
173 193 192 143/960
174 193 193 127/271
174 193 192 115/726
175 193 193 255/541
175 193 192 139/912
176 193 193 291/614
176 193 192 153/938
177 193 193 101/212
177 193 192 155/998
178 193 193 451/942
178 193 192 133/793
179 193 193 481/1000
179 193 192 95/603
180 193 193 472/977
180 193 192 76/441
181 193 193 407/839
181 193 192 134/843
182 193 193 299/614
182 193 192 59/333
183 193 193 65/133
183 193 192 147/923
184 193 193 127/259
184 193 192 103/564
185 193 193 151/307
185 193 192 157/994
186 193 193 73/148
186 193 192 154/813
187 193 193 45/91
187 193 192 153/994
188 193 193 457/922
188 193 192 197/989
189 193 193 449/904
189 193 192 128/885
190 193 193 103/207
190 193 192 132/611
191 193 193 153/307
191 193 192 8/65
192 193 193 259/519
192 193 192 243/961
193 193 193 499/999
193 193 192 25/394
139 194 194 289/902
139 194 193 108/509
140 194 194 153/473
140 194 193 217/999
141 194 194 202/621
141 194 193 189/848
142 194 194 284/865
142 194 193 23/101
143 194 194 265/803
143 194 193 167/716
144 194 194 333/1000
144 194 193 59/248
145 194 194 266/795
145 194 193 190/781
146 194 194 317/939
146 194 193 221/892
147 194 194 179/528
147 194 193 190/751
148 194 194 289/845
148 194 193 247/960
149 194 194 333/970
149 194 193 201/766
150 194 194 285/823
150 194 193 238/893
151 194 194 189/544
151 194 193 101/372
152 194 194 198/565
152 194 193 249/904
153 194 194 149/424
153 194 193 141/503
154 194 194 341/962
154 194 193 273/961
155 194 194 340/957
155 194 193 184/637
156 194 194 353/985
156 194 193 31/106
157 194 194 359/1000
157 194 193 145/488
158 194 194 113/312
158 194 193 263/875
159 194 194 223/615
159 194 193 177/580
160 194 194 221/604
160 194 193 153/496
161 194 194 257/702
161 194 193 77/246
162 194 194 262/709
162 194 193 307/971
163 194 194 344/931
163 194 193 76/237
164 194 194 372/997
164 194 193 236/729
165 194 194 192/515
165 194 193 257/783
166 194 194 249/661
166 194 193 52/157
167 194 194 261/694
167 194 193 234/697
168 194 194 197/518
168 194 193 211/623
169 194 194 371/978
169 194 193 334/973
170 194 194 341/888
170 194 193 330/953
171 194 194 365/954
171 194 193 338/963
172 194 194 301/776
172 194 193 346/977
173 194 194 22/57
173 194 193 293/816
174 194 194 198/505
174 194 193 91/251
175 194 194 67/172
175 194 193 274/745
176 194 194 321/809
176 194 193 325/874
177 194 194 24/61
177 194 193 350/927
178 194 194 208/517
178 194 193 256/669
179 194 194 310/779
179 194 193 135/347
180 194 194 311/760
180 194 193 352/889
181 194 194 94/233
181 194 193 48/119
182 194 194 41/98
182 194 193 356/861
183 194 194 356/867
183 194 193 403/954
184 194 194 167/387
184 194 193 346/789
185 194 194 93/221
185 194 193 310/689
186 194 194 379/838
186 194 193 185/387
187 194 194 370/847
187 194 193 265/537
188 194 194 447/914
188 194 193 181/330
189 194 194 302/649
189 194 193 449/786
190 194 194 518/989
190 194 193 142/235
191 194 194 471/979
191 194 193 79/124
192 194 194 665/998
192 194 193 769/883
193 194 194 433/733
193 194 193 226/235
194 194 194 491/909
194 194 193 427/978
104 195 195 9/68
104 195 194 17/363
105 195 195 127/941
105 195 194 36/757
106 195 195 123/895
106 195 194 40/829
107 195 195 139/993
107 195 194 33/674
108 195 195 89/625
108 195 194 48/967
109 195 195 101/697
109 195 194 15/298
110 195 195 43/292
110 195 194 51/1000
111 195 195 78/521
111 195 194 43/832
112 195 195 140/921
112 195 194 46/879
113 195 195 21/136
113 195 194 38/717
114 195 195 86/549
114 195 194 48/895
115 195 195 159/1000
115 195 194 19/350
116 195 195 93/577
116 195 194 14/255
117 195 195 94/575
117 195 194 1/18
118 195 195 155/936
118 195 194 53/944
119 195 195 71/423
119 195 194 13/229
120 195 195 96/565
120 195 194 23/401
121 195 195 137/796
121 195 194 4/69
122 195 195 113/649
122 195 194 49/837
123 195 195 150/851
123 195 194 56/947
124 195 195 175/982
124 195 194 4/67
125 195 195 152/843
125 195 194 39/647
126 195 195 88/483
126 195 194 43/707
127 195 195 145/787
127 195 194 38/619
128 195 195 179/962
128 195 194 53/856
129 195 195 41/218
129 195 194 1/16
130 195 195 71/374
130 195 194 57/905
131 195 195 187/975
131 195 194 27/425
132 195 195 125/646
132 195 194 55/859
133 195 195 17/87
133 195 194 53/821
134 195 195 147/746
134 195 194 8/123
135 195 195 73/367
135 195 194 63/961
136 195 195 81/404
136 195 194 55/833
137 195 195 193/954
137 195 194 65/977
138 195 195 117/574
138 195 194 14/209
139 195 195 191/929
139 195 194 50/741
140 195 195 129/623
140 195 194 47/692
141 195 195 19/91
141 195 194 50/731
142 195 195 194/923
142 195 194 17/247
143 195 195 207/977
143 195 194 51/736
144 195 195 155/727
144 195 194 29/416
145 195 195 191/889
145 195 194 67/955
146 195 195 59/273
146 195 194 47/666
147 195 195 86/395
147 195 194 49/690
148 195 195 192/877
148 195 194 1/14
149 195 195 170/771
149 195 194 62/863
150 195 195 84/379
150 195 194 13/180
151 195 195 79/354
151 195 194 17/234
152 195 195 37/165
152 195 194 59/808
153 195 195 207/917
153 195 194 34/463
154 195 195 39/172
154 195 194 20/271
155 195 195 199/872
155 195 194 21/283
156 195 195 228/995
156 195 194 73/979
157 195 195 101/438
157 195 194 53/707
158 195 195 231/998
158 195 194 65/863
159 195 195 228/979
159 195 194 53/700
160 195 195 111/475
160 195 194 41/539
161 195 195 205/872
161 195 194 38/497
162 195 195 133/564
162 195 194 55/716
163 195 195 167/704
163 195 194 21/272
164 195 195 201/845
164 195 194 46/593
165 195 195 223/932
165 195 194 52/667
166 195 195 124/517
166 195 194 72/919
167 195 195 69/286
167 195 194 10/127
168 195 195 22/91
168 195 194 41/518
169 195 195 170/699
169 195 194 79/993
170 195 195 153/628
170 195 194 2/25
171 195 195 201/820
171 195 194 76/945
172 195 195 217/884
172 195 194 65/803
173 195 195 146/591
173 195 194 80/983
174 195 195 162/655
174 195 194 31/378
175 195 195 187/751
175 195 194 8/97
176 195 195 245/983
176 195 194 83/997
177 195 195 176/701
177 195 194 79/943
178 195 195 49/195
178 195 194 24/283
179 195 195 208/821
179 195 194 66/773
180 195 195 141/556
180 195 194 52/599
181 195 195 245/957
181 195 194 58/663
182 195 195 10/39
182 195 194 55/614
183 195 195 118/455
183 195 194 79/874
184 195 195 243/934
184 195 194 77/822
185 195 195 166/629
185 195 194 43/454
186 195 195 164/617
186 195 194 69/688
187 195 195 107/395
187 195 194 6/59
188 195 195 116/421
188 195 194 109/971
189 195 195 197/696
189 195 194 63/551
190 195 195 129/436
190 195 194 50/363
191 195 195 107/347
191 195 194 49/347
192 195 195 295/894
192 195 194 109/991
193 195 195 247/554
193 195 194 303/763
194 195 195 83/178
194 195 194 399/913
195 195 195 224/381
195 195 194 31/379
