# exact hook decomposition of the 9-box: a s i value
0 0 0 1/9
0 0 1 1/9
0 0 2 1/9
0 0 3 1/9
0 0 4 1/9
0 0 5 1/9
0 0 6 1/9
0 0 7 1/9
0 0 8 1/9
1 0 2 1/3
1 0 3 131/582
1 0 6 131/582
1 0 7 21/194
1 0 8 21/194
1 1 0 1/3
1 1 3 21/194
1 1 4 131/582
1 1 5 21/194
1 1 7 131/582
2 0 1 13/873
2 0 3 28/291
2 0 4 28/291
2 0 6 346/873
2 0 8 346/873
2 1 0 236/873
2 1 1 236/873
2 1 3 401/873
2 2 0 83/291
2 2 5 5/9
2 2 6 139/873
3 0 0 409/1746
3 0 1 101/873
3 0 7 443/873
3 0 8 83/582
3 1 0 346/873
3 1 1 19/873
3 1 3 295/1746
3 1 5 83/582
3 1 6 236/873
3 2 0 257/1746
3 2 1 71/291
3 2 2 1063/1746
3 3 3 637/1746
3 3 5 1109/1746
4 0 1 662/873
4 0 8 211/873
4 1 2 11/18
4 1 6 7/18
4 2 1 10/873
4 2 2 127/873
4 2 5 331/873
4 2 6 45/97
4 3 0 659/1746
4 3 2 28/291
4 3 4 45/194
4 3 5 257/873
4 4 0 1087/1746
4 4 1 67/291
4 4 2 257/1746
5 0 0 127/194
5 0 3 37/1746
5 0 6 467/1746
5 0 7 11/194
5 1 1 1229/1746
5 1 7 517/1746
5 2 3 544/873
5 2 6 329/873
5 3 1 353/873
5 3 3 571/1746
5 3 4 469/1746
5 4 1 55/1746
5 4 2 49/291
5 4 3 73/291
5 4 4 959/1746
5 5 0 991/1746
5 5 1 8/97
5 5 2 611/1746
6 0 4 692/873
6 0 7 181/873
6 1 1 7/1746
6 1 5 590/873
6 1 7 559/1746
6 2 0 991/1746
6 2 1 202/873
6 2 4 39/194
6 3 0 1087/1746
6 3 2 659/1746
6 4 1 239/1746
6 4 3 40/97
6 4 4 787/1746
6 5 0 74/291
6 5 1 991/1746
6 5 3 311/1746
6 6 1 881/1746
6 6 2 865/1746
7 0 2 5/9
7 0 5 380/873
7 0 7 8/873
7 1 4 373/873
7 1 5 64/873
7 1 6 595/1746
7 1 7 277/1746
7 2 1 448/873
7 2 3 271/1746
7 2 4 155/582
7 2 5 19/291
7 3 1 520/873
7 3 2 457/1746
7 3 3 7/97
7 3 5 41/582
7 4 0 659/1746
7 4 2 905/1746
7 4 3 91/873
7 5 0 311/1746
7 5 3 1435/1746
7 6 0 691/1746
7 6 1 53/194
7 6 2 289/873
7 7 0 1249/1746
7 7 1 497/1746
8 0 3 53/97
8 0 5 44/97
8 1 2 7/18
8 1 3 230/873
8 1 4 607/1746
8 2 2 143/582
8 2 3 43/194
8 2 4 155/291
8 3 2 77/291
8 3 3 206/873
8 3 4 436/873
8 4 1 175/291
8 4 2 145/873
8 4 3 203/873
8 5 1 611/1746
8 5 2 1135/1746
8 6 0 1055/1746
8 6 1 2/9
8 6 2 101/582
8 7 0 497/1746
8 7 1 1249/1746
8 8 0 1
