# exact hook decomposition of the 12-box: a s i value
0 0 0 1/12
0 0 1 1/12
0 0 2 1/12
0 0 3 1/12
0 0 4 1/12
0 0 5 1/12
0 0 6 1/12
0 0 7 1/12
0 0 8 1/12
0 0 9 1/12
0 0 10 1/12
0 0 11 1/12
1 0 0 75084409/508819980
1 0 1 75084409/508819980
1 0 2 26060293/254409990
1 0 3 26060293/254409990
1 0 4 1/4
1 0 7 1/4
1 1 0 26060293/254409990
1 1 2 75084409/508819980
1 1 5 1/4
1 1 8 1/4
1 1 10 1/4
2 0 0 9753453/84803330
2 0 1 33783513/84803330
2 0 3 2403006/8480333
2 0 4 4321231/1017639960
2 0 6 7260511/203527992
2 0 7 109388543/1017639960
2 0 11 56823319/1017639960
2 1 2 9753453/84803330
2 1 4 118967127/339213320
2 1 5 67115269/1017639960
2 1 8 109388543/1017639960
2 1 10 122397777/339213320
2 2 0 153487607/508819980
2 2 1 9307247/508819980
2 2 4 10465673/169606660
2 2 6 64451197/254409990
2 2 7 314628107/1017639960
2 2 8 56823319/1017639960
3 0 2 220333591/508819980
3 0 6 15149953/169606660
3 0 9 15149953/169606660
3 0 10 197586671/1017639960
3 0 11 197586671/1017639960
3 1 0 373289719/1017639960
3 1 2 6373172/42401665
3 1 4 47678737/1017639960
3 1 7 47678737/1017639960
3 1 10 132012213/339213320
3 2 1 220333591/1017639960
3 2 4 797306369/2035279920
3 2 7 797306369/2035279920
3 3 0 220333591/1017639960
3 3 4 98194259/678426640
3 3 5 545944573/1017639960
3 3 6 41628163/407055984
4 0 0 223120901/1017639960
4 0 9 2963455/50881998
4 0 10 735249959/1017639960
4 1 0 540109069/1017639960
4 1 1 134217251/2035279920
4 1 2 48590201/203527992
4 1 3 193486351/2035279920
4 1 7 14145617/203527992
4 2 2 906340679/2035279920
4 2 5 312024551/2035279920
4 2 6 623428339/2035279920
4 2 7 193486351/2035279920
4 3 1 312024551/2035279920
4 3 3 282357193/678426640
4 3 4 114608359/2035279920
4 3 8 253858477/678426640
4 4 5 1214435389/2035279920
4 4 6 27980011/1017639960
4 4 7 254961503/678426640
5 0 0 29500365/67842664
5 0 5 9789691/50881998
5 0 8 75868133/203527992
5 1 1 159540147/339213320
5 1 2 118174191/339213320
5 1 9 30749491/169606660
5 2 0 29809781/407055984
5 2 3 874740967/2035279920
5 2 6 37205311/407055984
5 2 7 33861617/339213320
5 2 8 622293791/2035279920
5 3 1 371001187/1017639960
5 3 6 442192481/1017639960
5 3 7 392108147/2035279920
5 3 8 16784437/2035279920
5 4 0 357273091/1017639960
5 4 2 50338327/2035279920
5 4 7 423465137/678426640
5 5 0 117067223/2035279920
5 5 1 13869167/169606660
5 5 3 281887147/2035279920
5 5 4 25570294/127204995
5 5 5 48227743/203527992
5 5 6 144623353/508819980
6 0 2 37151921/1017639960
6 0 4 100687133/339213320
6 0 11 2/3
6 1 3 111110243/508819980
6 1 8 653841427/1017639960
6 1 9 141578047/1017639960
6 2 1 155738375/203527992
6 2 6 210949/169606660
6 2 9 237682391/1017639960
6 3 2 895684709/2035279920
6 3 7 255642231/678426640
6 3 8 186334259/1017639960
6 4 0 2771845/16960666
6 4 1 64750283/203527992
6 4 3 33843643/339213320
6 4 4 26100191/101763996
6 4 6 27507501/169606660
6 5 2 1234898029/2035279920
6 5 4 13868285/203527992
6 5 5 220566347/678426640
6 6 0 93613259/101763996
6 6 4 8150737/101763996
7 0 1 47158207/127204995
7 0 3 90039123/169606660
7 0 4 50069783/508819980
7 1 1 943821787/2035279920
7 1 4 117126239/678426640
7 1 5 92509927/254409990
7 2 8 237682391/1017639960
7 2 9 779957569/1017639960
7 3 0 449432677/1017639960
7 3 3 13475195/101763996
7 3 6 41242505/407055984
7 3 7 660698141/2035279920
7 4 2 377641439/2035279920
7 4 4 219916561/508819980
7 4 5 259324079/678426640
7 5 0 59766581/254409990
7 5 2 48093712/127204995
7 5 6 19691197/50881998
7 6 0 8150737/101763996
7 6 1 109815209/2035279920
7 6 2 226568641/1017639960
7 6 4 370925269/678426640
7 6 5 32756147/339213320
7 7 0 502043579/1017639960
7 7 1 91991449/254409990
7 7 3 9842039/67842664
8 0 5 87084947/254409990
8 0 8 36899731/67842664
8 0 9 115804207/1017639960
8 1 5 326074993/1017639960
8 1 9 691564967/1017639960
8 2 0 424093529/678426640
8 2 2 316375951/2035279920
8 2 8 223311691/1017639960
8 3 0 172518419/1017639960
8 3 3 918704441/2035279920
8 3 5 277995851/1017639960
8 3 7 215546939/2035279920
8 4 0 344980901/2035279920
8 4 2 42888011/135685328
8 4 3 12551332/25440999
8 4 5 21436147/1017639960
8 5 0 75672499/203527992
8 5 3 304708151/1017639960
8 5 6 167284657/508819980
8 6 1 1663659721/2035279920
8 6 3 6049079/2035279920
8 6 4 11667278/127204995
8 6 5 11180917/127204995
8 7 4 1
8 8 0 10268119/127204995
8 8 1 1219653499/2035279920
8 8 2 651336517/2035279920
9 0 2 70155271/203527992
9 0 9 133372721/203527992
9 1 3 452556571/2035279920
9 1 7 1582723349/2035279920
9 2 2 27085443/67842664
9 2 5 40757221/67842664
9 3 1 52489743/135685328
9 3 2 8676577/101763996
9 3 6 163675241/1017639960
9 3 8 249017251/678426640
9 4 0 643131437/2035279920
9 4 2 321326663/678426640
9 4 3 107162399/1017639960
9 4 4 50499181/678426640
9 4 6 20782051/678426640
9 5 0 13869167/169606660
9 5 1 155737493/169606660
9 6 4 187715777/1017639960
9 6 5 829924183/1017639960
9 7 0 202761763/2035279920
9 7 1 92499407/2035279920
9 7 3 58000625/67842664
9 8 0 27031437/84803330
9 8 2 570899011/2035279920
9 8 3 815626421/2035279920
9 9 0 97590553/127204995
9 9 1 29614442/127204995
10 0 5 64783837/169606660
10 0 6 59898841/1017639960
10 0 7 569038097/1017639960
10 1 3 472398013/1017639960
10 1 6 874740967/2035279920
10 1 7 71914309/678426640
10 2 4 738183247/2035279920
10 2 6 353842031/1017639960
10 2 7 53015321/508819980
10 2 8 377351327/2035279920
10 3 0 175355273/1017639960
10 3 1 19390685/203527992
10 3 2 966063671/2035279920
10 3 5 8070814/42401665
10 3 8 137199781/2035279920
10 4 1 456973009/1017639960
10 4 6 560666951/1017639960
10 5 0 103385011/407055984
10 5 2 30882499/2035279920
10 5 4 247912061/339213320
10 6 1 8726833/67842664
10 6 2 17650459/67842664
10 6 3 1046579789/2035279920
10 6 4 197381371/2035279920
10 7 0 828430999/2035279920
10 7 1 1206848921/2035279920
10 8 1 815626421/2035279920
10 8 3 1219653499/2035279920
10 9 2 1
10 10 0 11/12
10 10 1 1/12
11 0 4 67976111/254409990
11 0 6 186433879/254409990
11 1 4 874740967/2035279920
11 1 6 1160538953/2035279920
11 2 3 1160538953/2035279920
11 2 4 31183519/169606660
11 2 5 500538739/2035279920
11 3 4 101630549/127204995
11 3 6 25574446/127204995
11 4 1 29614442/127204995
11 4 3 12787223/42401665
11 4 4 482112313/2035279920
11 4 6 155183277/678426640
11 5 3 1143976471/2035279920
11 5 5 891303449/2035279920
11 6 2 263157217/508819980
11 6 3 245662763/508819980
11 7 2 1
11 8 0 152779441/254409990
11 8 2 101630549/254409990
11 9 0 29614442/127204995
11 9 1 97590553/127204995
11 10 0 1/12
11 10 1 11/12
11 11 0 1
