# exact hook decomposition of the 10-box: a s i value
0 0 0 1/10
0 0 1 1/10
0 0 2 1/10
0 0 3 1/10
0 0 4 1/10
0 0 5 1/10
0 0 6 1/10
0 0 7 1/10
0 0 8 1/10
0 0 9 1/10
1 0 0 17057/185940
1 0 1 17057/185940
1 0 4 8629/41320
1 0 5 8629/41320
1 0 6 14833/74376
1 0 7 14833/74376
1 1 0 7745/37188
1 1 2 3/10
1 1 4 3767/41320
1 1 6 37399/371880
1 1 8 3/10
2 0 1 36439/92970
2 0 5 1/2
2 0 6 5023/92970
2 0 7 5023/92970
2 1 0 5023/92970
2 1 3 20731/46485
2 1 6 20731/92970
2 1 8 12877/46485
2 2 0 20731/46485
2 2 1 5023/92970
2 2 2 5023/92970
2 2 6 20731/92970
2 2 7 20731/92970
3 0 0 53419/371880
3 0 1 803/371880
3 0 4 40637/185940
3 0 6 38629/123960
3 0 9 120497/371880
3 1 0 2281/46485
3 1 1 48253/74376
3 1 2 493/18594
3 1 3 61807/371880
3 1 8 2035/18594
3 2 2 9191/371880
3 2 4 1833/10330
3 2 5 119141/371880
3 2 6 26147/123960
3 2 7 99119/371880
3 3 0 20961/41320
3 3 4 5257/46485
3 3 5 28235/74376
4 0 2 1/10
4 0 8 67573/92970
4 0 9 1610/9297
4 1 0 15178/46485
4 1 2 31307/46485
4 2 2 1019/61980
4 2 5 68951/123960
4 2 6 1610/9297
4 2 7 94513/371880
4 3 1 19807/74376
4 3 2 6803/185940
4 3 3 1493/8264
4 3 4 1085/24792
4 3 6 19531/41320
4 4 0 53317/92970
4 4 1 114233/371880
4 4 2 3416/46485
4 4 3 17051/371880
5 0 1 79643/371880
5 0 6 10379/30990
5 0 7 167689/371880
5 1 0 67333/185940
5 1 7 60307/185940
5 1 8 2915/9297
5 2 0 91171/371880
5 2 2 85933/371880
5 2 3 23075/74376
5 2 6 26467/123960
5 3 0 20359/41320
5 3 2 89173/185940
5 3 4 10303/371880
5 4 1 21629/185940
5 4 2 26809/185940
5 4 3 55231/185940
5 4 4 92453/371880
5 4 5 72089/371880
5 5 1 151501/371880
5 5 4 220379/371880
6 0 0 28859/92970
6 0 5 7899/41320
6 0 7 17779/185940
6 0 9 29959/74376
6 1 1 6973/37188
6 1 5 1499/20660
6 1 6 251557/371880
6 1 7 23611/371880
6 2 0 38287/123960
6 2 1 78827/371880
6 2 2 44329/185940
6 2 3 1141/18594
6 2 6 11119/61980
6 3 1 54569/74376
6 3 5 11443/185940
6 3 6 8461/41320
6 4 3 163421/371880
6 4 4 13549/41320
6 4 5 43259/185940
6 5 0 253147/371880
6 5 1 31021/185940
6 5 2 1/40
6 5 3 2633/20660
6 6 2 11161/20660
6 6 3 9499/20660
7 0 0 131723/371880
7 0 4 175757/371880
7 0 8 1610/9297
7 1 3 3205/8264
7 1 7 5059/8264
7 2 1 30329/41320
7 2 5 22943/185940
7 2 7 53033/371880
7 3 2 2499/5165
7 3 3 7813/20660
7 3 4 2851/20660
7 4 0 1121/371880
7 4 4 78743/185940
7 4 5 23697/41320
7 5 0 118733/371880
7 5 1 12327/41320
7 5 2 12699/41320
7 5 4 27913/371880
7 6 0 34027/41320
7 6 1 7293/41320
7 7 1 12031/41320
7 7 2 29289/41320
8 0 1 1/5
8 0 2 4/5
8 1 1 1353/8264
8 1 5 6911/8264
8 2 2 3829/20660
8 2 3 2967/10330
8 2 4 3419/8264
8 2 7 4699/41320
8 3 4 3499/5165
8 3 6 1666/5165
8 4 0 17499/41320
8 4 1 23821/41320
8 5 1 2633/20660
8 5 3 18027/20660
8 6 2 9499/20660
8 6 3 11161/20660
8 7 0 37553/41320
8 7 2 3767/41320
8 8 0 1899/5165
8 8 1 3266/5165
9 0 3 9/10
9 0 7 1/10
9 1 4 37553/41320
9 1 5 3767/41320
9 2 2 1/4
9 2 3 14097/41320
9 2 4 16893/41320
9 3 3 18229/41320
9 3 5 23091/41320
9 4 2 16163/20660
9 4 3 4497/20660
9 5 2 6897/10330
9 5 4 3433/10330
9 6 0 7293/41320
9 6 1 34027/41320
9 7 0 3767/41320
9 7 1 29289/41320
9 7 2 1/5
9 8 0 3266/5165
9 8 1 1899/5165
9 9 0 1
