# exact hook decomposition of the 11-box: a s i value
0 0 0 1/11
0 0 1 1/11
0 0 2 1/11
0 0 3 1/11
0 0 4 1/11
0 0 5 1/11
0 0 6 1/11
0 0 7 1/11
0 0 8 1/11
0 0 9 1/11
0 0 10 1/11
1 0 0 3/11
1 0 1 3/11
1 0 6 3/11
1 0 7 1/11
1 0 10 1/11
1 1 2 3/11
1 1 4 3/11
1 1 7 2/11
1 1 8 1/11
1 1 9 2/11
2 0 1 65571/369608
2 0 7 1783953/4065688
2 0 8 1496367/4065688
2 0 10 64087/4065688
2 1 0 18191/1016422
2 1 1 18191/1016422
2 1 3 72186/508211
2 1 4 166613/1016422
2 1 5 892267/4065688
2 1 9 1783953/4065688
2 2 0 443819/1016422
2 2 1 981231/4065688
2 2 3 289321/4065688
2 2 4 151025/1016422
2 2 6 351673/4065688
2 2 7 64087/4065688
3 0 1 387543/4065688
3 0 4 15900/508211
3 0 7 35371/2032844
3 0 9 1626969/4065688
3 0 10 926617/2032844
3 1 0 354643/2032844
3 1 1 1490427/4065688
3 1 2 221071/4065688
3 1 3 488215/4065688
3 1 7 1156689/4065688
3 2 2 40192/508211
3 2 4 1650305/4065688
3 2 5 121499/369608
3 2 7 2917/508211
3 2 8 367011/2032844
3 3 0 938985/2032844
3 3 2 277111/2032844
3 3 5 696545/4065688
3 3 6 936951/4065688
4 0 0 7/11
4 0 7 593999/4065688
4 0 9 80403/369608
4 1 0 33993/508211
4 1 1 160496/508211
4 1 6 67837/369608
4 1 8 300327/2032844
4 1 9 1162915/4065688
4 2 0 58409/508211
4 2 3 2464145/4065688
4 2 6 3306/46201
4 2 7 166513/2032844
4 2 8 510317/4065688
4 3 1 1401899/4065688
4 3 2 74111/2032844
4 3 3 862327/4065688
4 3 7 206655/508211
4 4 1 368661/4065688
4 4 2 713505/2032844
4 4 4 1924573/4065688
4 4 5 7851/92402
5 0 2 681297/4065688
5 0 8 2199713/4065688
5 0 9 53849/184804
5 1 0 1060901/4065688
5 1 2 238653/369608
5 1 9 94901/1016422
5 2 0 94901/1016422
5 2 2 94901/1016422
5 2 3 94901/1016422
5 2 5 206655/508211
5 2 8 318409/1016422
5 3 3 1060901/4065688
5 3 5 53849/369608
5 3 7 301556/508211
5 4 0 238653/369608
5 4 5 130955/369608
5 5 1 3004787/4065688
5 5 4 1060901/4065688
6 0 2 2517975/4065688
6 0 7 69281/2032844
6 0 10 1409151/4065688
6 1 1 72907/2032844
6 1 7 103056/508211
6 1 8 1547713/2032844
6 2 2 2141115/4065688
6 2 6 442515/2032844
6 2 7 1039543/4065688
6 3 0 1401899/4065688
6 3 1 2663789/4065688
6 4 1 666309/2032844
6 4 3 1366535/2032844
6 5 0 76533/4065688
6 5 1 296701/2032844
6 5 5 3395753/4065688
6 6 0 9/11
6 6 1 69281/4065688
6 6 3 669935/4065688
7 0 1 4/11
7 0 6 7/11
7 1 0 1950793/4065688
7 1 6 663697/2032844
7 1 7 71591/369608
7 2 0 680705/4065688
7 2 3 679983/4065688
7 2 5 12413/508211
7 2 7 325712/508211
7 3 0 785819/4065688
7 3 2 1924991/4065688
7 3 3 67476/508211
7 3 4 107131/4065688
7 3 5 707939/4065688
7 4 0 130955/369608
7 4 1 1604725/4065688
7 4 6 510229/2032844
7 5 3 1769255/2032844
7 5 5 263589/2032844
7 6 0 17301/1016422
7 6 4 999121/1016422
7 7 0 308547/2032844
7 7 1 255085/2032844
7 7 2 367303/508211
8 0 2 62101/508211
8 0 4 446110/508211
8 1 1 1072715/4065688
8 1 2 55305/2032844
8 1 3 222569/1016422
8 1 6 1992087/4065688
8 2 0 762831/4065688
8 2 1 662659/4065688
8 2 2 1223433/4065688
8 2 8 1416765/4065688
8 3 5 936951/4065688
8 3 6 3128737/4065688
8 4 2 63183/369608
8 4 3 12397/46201
8 4 5 207249/369608
8 5 0 2923889/4065688
8 5 1 467499/4065688
8 5 4 531543/4065688
8 5 5 142757/4065688
8 6 1 3200313/4065688
8 6 2 167503/1016422
8 6 3 11469/369608
8 6 4 17301/1016422
8 7 1 7534/46201
8 7 3 38667/46201
8 8 0 29507/46201
8 8 1 108579/2032844
8 8 2 625957/2032844
9 0 3 10/11
9 0 7 1/11
9 1 4 572603/1016422
9 1 5 443819/1016422
9 2 1 1210899/2032844
9 2 6 756471/2032844
9 2 8 32737/1016422
9 3 4 1466887/2032844
9 3 5 565957/2032844
9 4 1 189921/1016422
9 4 2 4773/1016422
9 4 3 120841/2032844
9 4 6 1522615/2032844
9 5 0 532633/2032844
9 5 2 150257/508211
9 5 4 899183/2032844
9 6 0 167503/1016422
9 6 2 848919/1016422
9 7 0 284429/508211
9 7 2 140908/508211
9 7 3 7534/46201
9 8 0 106384/508211
9 8 1 242019/508211
9 8 2 14528/46201
9 9 0 1080385/2032844
9 9 1 952459/2032844
10 0 5 10/11
10 0 7 1/11
10 1 3 2109709/4065688
10 1 5 1398145/4065688
10 1 7 278917/2032844
10 2 3 252635/4065688
10 2 4 1811283/4065688
10 2 5 976655/4065688
10 2 6 1025115/4065688
10 3 2 1438253/4065688
10 3 3 400663/1016422
10 3 4 1024783/4065688
10 4 2 1924573/4065688
10 4 4 2141115/4065688
10 5 2 357954/508211
10 5 3 263589/2032844
10 5 4 337439/2032844
10 6 1 398047/2032844
10 6 3 1634797/2032844
10 7 0 586581/2032844
10 7 1 1446263/2032844
10 8 0 77250/508211
10 8 1 956189/2032844
10 8 2 767655/2032844
10 9 0 952459/2032844
10 9 1 1080385/2032844
10 10 0 1
