# exact hook decomposition of the 17-box: a s i value
0 0 0 1/17
0 0 1 1/17
0 0 2 1/17
0 0 3 1/17
0 0 4 1/17
0 0 5 1/17
0 0 6 1/17
0 0 7 1/17
0 0 8 1/17
0 0 9 1/17
0 0 10 1/17
0 0 11 1/17
0 0 12 1/17
0 0 13 1/17
0 0 14 1/17
0 0 15 1/17
0 0 16 1/17
1 0 0 3/17
1 0 1 3/17
1 0 2 3/17
1 0 3 1/17
1 0 4 1/17
1 0 9 3/17
1 0 16 3/17
1 1 3 2/17
1 1 5 3/17
1 1 7 3/17
1 1 10 3/17
1 1 12 3/17
1 1 14 3/17
2 0 6 698645366851594140751/4812299551962268906622
2 0 7 5/17
2 0 8 698645366851594140751/4812299551962268906622
2 0 9 146061093982083552365/2406149775981134453311
2 0 10 3/17
2 0 11 429137538215158193931/2406149775981134453311
2 1 0 5/17
2 1 9 2/17
2 1 12 5/34
2 1 13 5/34
2 1 15 5/17
2 2 2 5/17
2 2 3 5/17
2 2 6 716736854313779067079/4812299551962268906622
2 2 9 278553572367528409984/2406149775981134453311
2 2 12 5/34
3 0 9 17876160203789774560187/81809092383358571412574
3 0 13 7/17
3 0 15 14272064105810337294085/245427277150075714237722
3 0 16 38234220920844203112007/122713638575037857118861
3 1 3 26896657580722896553171/245427277150075714237722
3 1 6 26896657580722896553171/122713638575037857118861
3 1 10 19487769480627428708308/122713638575037857118861
3 1 11 19487769480627428708308/122713638575037857118861
3 1 14 70156145104232126594471/245427277150075714237722
3 1 15 2771680230194197191751/40904546191679285706287
3 2 0 7/17
3 2 1 74161633010484750485891/245427277150075714237722
3 2 9 164834550076469425781/245427277150075714237722
3 2 10 31041375814976394811223/122713638575037857118861
3 2 14 3979883684177028832271/122713638575037857118861
3 3 1 26896657580722896553171/245427277150075714237722
3 3 4 23632487714880926966360/122713638575037857118861
3 3 5 7/17
3 3 6 23632487714880926966360/122713638575037857118861
3 3 11 7647459372873820926683/81809092383358571412574
4 0 0 9/17
4 0 5 9287092890289443996387/81809092383358571412574
4 0 14 12368255093540766083412/40904546191679285706287
4 0 15 4474793338327175089765/81809092383358571412574
4 1 1 9/17
4 1 5 3/17
4 1 9 3777977770789248588395/40904546191679285706287
4 1 14 8252771109116423678160/40904546191679285706287
4 2 5 19586704421484169443345/81809092383358571412574
4 2 9 11/34
4 2 10 17877370213040961491404/40904546191679285706287
4 3 3 19586704421484169443345/81809092383358571412574
4 3 6 9287092890289443996387/81809092383358571412574
4 3 11 1034321781173020318227/40904546191679285706287
4 3 12 3777977770789248588395/40904546191679285706287
4 3 13 9/17
4 4 3 23723991546176250716253/81809092383358571412574
4 4 4 9/17
4 4 11 14774404869521900536723/81809092383358571412574
5 0 4 23112925991612717935367/81809092383358571412574
5 0 5 41044653072179029489661/245427277150075714237722
5 0 6 5225464728902727395895/81809092383358571412574
5 0 7 2718737077170089206677/81809092383358571412574
5 0 16 55605620342420040567122/122713638575037857118861
5 1 0 118059975554388694575247/245427277150075714237722
5 1 2 24216864115783283012961/81809092383358571412574
5 1 4 10067148886436816314357/245427277150075714237722
5 1 15 44649560361900354309235/245427277150075714237722
5 2 5 17949013876023171352418/40904546191679285706287
5 2 11 29644342446953541987221/81809092383358571412574
5 2 13 22927541192530810843252/122713638575037857118861
5 2 14 2945084168014438475047/245427277150075714237722
5 3 7 14318530242368526061329/81809092383358571412574
5 3 9 51232567908293929949954/122713638575037857118861
5 3 10 24017775488832626270359/245427277150075714237722
5 3 11 26822284686809380224472/122713638575037857118861
5 3 12 657182521880320277486/7218449327943403359933
5 4 0 40745909660366179343279/245427277150075714237722
5 4 2 28718430955801674959881/81809092383358571412574
5 4 4 12884682897704574818263/81809092383358571412574
5 4 8 5666090609039354097349/40904546191679285706287
5 4 10 45875482274954660975917/245427277150075714237722
5 5 1 40745909660366179343279/245427277150075714237722
5 5 3 28718430955801674959881/81809092383358571412574
5 5 6 16228288500275487507919/245427277150075714237722
5 5 9 28170374699083507009309/122713638575037857118861
5 5 10 45957036723862008488263/245427277150075714237722
6 0 0 4/17
6 0 1 20581966862595586160886/40904546191679285706287
6 0 6 10697980225159161732157/40904546191679285706287
6 1 0 10271148443721045584209/245427277150075714237722
6 1 1 53916732907233924808733/245427277150075714237722
6 1 4 16114116987414797698654/40904546191679285706287
6 1 5 11466943760502487792423/81809092383358571412574
6 1 8 21936634113817598597507/245427277150075714237722
6 1 9 14108614239653447839040/122713638575037857118861
6 2 2 5544568374763748742791/245427277150075714237722
6 2 5 9243711226185371395495/245427277150075714237722
6 2 12 15685925139770914807063/122713638575037857118861
6 2 13 83329397859264554577419/122713638575037857118861
6 2 14 5434725258509275888412/40904546191679285706287
6 3 0 31885581243014363259110/122713638575037857118861
6 3 4 38007598030775860703462/122713638575037857118861
6 3 11 52820459301247633156289/122713638575037857118861
6 4 2 16600596460417282605841/122713638575037857118861
6 4 3 7403586915095145960787/245427277150075714237722
6 4 4 3145072055241410338873/81809092383358571412574
6 4 8 78153916123493328872066/122713638575037857118861
6 4 9 10510443403999689101710/122713638575037857118861
6 4 10 3009760348905956016847/40904546191679285706287
6 5 2 15836198053949374765842/40904546191679285706287
6 5 5 23675219047173433196785/122713638575037857118861
6 5 10 10510443403999689101710/122713638575037857118861
6 5 11 41019381962016610522840/122713638575037857118861
6 6 0 55889776973231488376365/245427277150075714237722
6 6 3 116504933125404614879251/245427277150075714237722
6 6 10 36516283525719805491053/122713638575037857118861
7 0 5 27206463300445279093025/122713638575037857118861
7 0 10 6628933960218395146264/40904546191679285706287
7 0 12 23564377929081610898958/40904546191679285706287
7 0 14 4927239606692559890170/122713638575037857118861
7 1 1 61578456339860528950195/245427277150075714237722
7 1 5 11980946447106507018146/40904546191679285706287
7 1 15 6586067183975067245803/14436898655886806719866
7 2 3 16914571369426645510529/122713638575037857118861
7 2 4 5711881537144829614567/245427277150075714237722
7 2 8 3398010750416301545698/122713638575037857118861
7 2 11 37128786403852853570245/81809092383358571412574
7 2 14 43851936080843214899983/122713638575037857118861
7 3 0 69347178141866722192142/122713638575037857118861
7 3 1 4625694015865678689284/40904546191679285706287
7 3 2 2356347343181969204902/40904546191679285706287
7 3 4 32420336356028191244161/122713638575037857118861
7 4 0 38929561777284328206853/122713638575037857118861
7 4 5 10562186527745659595653/81809092383358571412574
7 4 10 59497564231615275608842/122713638575037857118861
7 4 12 16886465549039527819373/245427277150075714237722
7 5 5 10601088173590415465635/245427277150075714237722
7 5 6 35055706875581180029085/81809092383358571412574
7 5 7 24491947722998218597577/245427277150075714237722
7 5 8 35055706875581180029085/81809092383358571412574
7 6 1 127220859403247499712091/245427277150075714237722
7 6 3 22014990407857682696324/122713638575037857118861
7 6 4 40387637939338160145691/245427277150075714237722
7 6 6 993788205640432029038/7218449327943403359933
7 7 2 8284525849373515095199/14436898655886806719866
7 7 8 6152372806513291624667/14436898655886806719866
8 0 2 36765356257914239296523/122713638575037857118861
8 0 3 20105359321544491688638/122713638575037857118861
8 0 12 14934018486616540354018/40904546191679285706287
8 0 14 7013622511909835023882/40904546191679285706287
8 1 3 65462939469382173441925/122713638575037857118861
8 1 9 57630682631852636368711/245427277150075714237722
8 1 12 42938664697897494773717/245427277150075714237722
8 1 14 6966025440780618105722/122713638575037857118861
8 2 0 10/17
8 2 1 15664460593954420320689/122713638575037857118861
8 2 5 34864684701649403198842/122713638575037857118861
8 3 0 21480879190156771667609/122713638575037857118861
8 3 1 13237483311824078964789/81809092383358571412574
8 3 2 13763789037689584223008/122713638575037857118861
8 3 10 45075163586303588520707/81809092383358571412574
8 4 5 6772609134546953916203/14436898655886806719866
8 4 8 6349258876106641146732/40904546191679285706287
8 4 11 92197368606137650781879/245427277150075714237722
8 5 1 49709150114979604231793/122713638575037857118861
8 5 5 6453760690069491284216/122713638575037857118861
8 5 11 66550727769988761602852/122713638575037857118861
8 6 1 74967605796735428238391/245427277150075714237722
8 6 5 6709484334653513416713/81809092383358571412574
8 6 7 33631560846633726950942/122713638575037857118861
8 6 8 425534453695480020675/2406149775981134453311
8 6 10 19831791189586664869229/122713638575037857118861
8 7 0 1968657662163177982339/14436898655886806719866
8 7 8 46432619220792275748133/81809092383358571412574
8 7 9 36331119615462430646780/122713638575037857118861
8 8 0 8209783984706692668027/81809092383358571412574
8 8 4 74788948275839130459505/245427277150075714237722
8 8 6 73004488460058252887068/122713638575037857118861
9 0 2 57074485005350004382606/122713638575037857118861
9 0 3 30570492137009455750519/81809092383358571412574
9 0 14 2365806657148515501379/122713638575037857118861
9 0 15 34835217414050307218195/245427277150075714237722
9 1 4 5427204984883316988217/122713638575037857118861
9 1 11 37883490982777103171381/122713638575037857118861
9 1 12 11037446923577857702901/245427277150075714237722
9 1 13 147768438291177016215625/245427277150075714237722
9 2 1 5018995741677480546901/14436898655886806719866
9 2 7 9417902914209326172965/14436898655886806719866
9 3 2 9/17
9 3 13 8/17
9 4 1 30325979266692548663171/245427277150075714237722
9 4 3 9306474776713572107167/81809092383358571412574
9 4 4 11234320731376083047920/40904546191679285706287
9 4 8 8513673996106542514552/122713638575037857118861
9 4 12 51374300586386432968213/122713638575037857118861
9 5 2 15110008274084029216724/122713638575037857118861
9 5 3 23227626399848644684763/245427277150075714237722
9 5 5 2255046763974113928912/40904546191679285706287
9 5 10 59483117872738109182013/81809092383358571412574
9 6 0 48521291541511107365991/81809092383358571412574
9 6 6 67720696407731312666261/245427277150075714237722
9 6 8 16071353058905539736744/122713638575037857118861
9 7 1 169419697835412194797/7218449327943403359933
9 7 3 21813133659922752100562/122713638575037857118861
9 7 4 98020370051913097706750/122713638575037857118861
9 8 0 42912399945772001859827/81809092383358571412574
9 8 1 6717454407075928396297/14436898655886806719866
9 8 3 1246676196234462960596/122713638575037857118861
9 9 1 38695172939944812356819/245427277150075714237722
9 9 5 5274018631680247116799/14436898655886806719866
9 9 6 30508251714792346456610/122713638575037857118861
9 9 7 28028642020991003991050/122713638575037857118861
10 0 11 1835474015649438938597/2406149775981134453311
10 0 15 570675760331695514714/2406149775981134453311
10 1 0 22455829936265970239468/122713638575037857118861
10 1 3 19576981106271619120323/81809092383358571412574
10 1 4 26739360579849078391795/81809092383358571412574
10 1 13 30783296109590840611216/122713638575037857118861
10 2 1 1606288098328380994504/7218449327943403359933
10 2 2 10706361466481419510786/40904546191679285706287
10 2 9 41459672075497393637143/245427277150075714237722
10 2 12 52202241886039866326347/245427277150075714237722
10 2 13 5485566507747497232730/40904546191679285706287
10 3 4 22654182400436100183710/122713638575037857118861
10 3 6 9935527702264318317228/40904546191679285706287
10 3 8 44209792415817805756811/245427277150075714237722
10 3 12 32098651239933266070041/81809092383358571412574
10 4 6 24238319016298761467617/40904546191679285706287
10 4 12 16666227175380524238670/40904546191679285706287
10 5 0 76085399789486190486869/245427277150075714237722
10 5 2 60095036139105703604611/122713638575037857118861
10 5 8 18864747396313146555293/245427277150075714237722
10 5 11 5047842947677494997723/40904546191679285706287
10 6 1 41844064613968943955983/245427277150075714237722
10 6 2 30519369488872988009809/245427277150075714237722
10 6 9 38585530484501739003285/81809092383358571412574
10 6 10 19102417197909521754025/81809092383358571412574
10 7 0 95832370080570389584561/245427277150075714237722
10 7 1 149594907069505324653161/245427277150075714237722
10 8 2 29409087069216676277813/81809092383358571412574
10 8 4 27339656557750065574348/122713638575037857118861
10 8 6 42534647423811878113475/245427277150075714237722
10 8 8 29993027701556838071056/122713638575037857118861
10 9 0 43172721015517210283410/122713638575037857118861
10 9 1 119710243867174296235/2406149775981134453311
10 9 5 73435695122294757727466/122713638575037857118861
10 10 3 189830133111643129943081/245427277150075714237722
10 10 6 55597144038432584294641/245427277150075714237722
11 0 5 17945253358375164642164/40904546191679285706287
11 0 9 55551453548638802405428/122713638575037857118861
11 0 14 13326424951273560786941/122713638575037857118861
11 1 2 17652928793508520169099/122713638575037857118861
11 1 8 4926906349985393315739/40904546191679285706287
11 1 12 112048222921222924801841/245427277150075714237722
11 1 14 22837252847307796401083/81809092383358571412574
11 2 3 21323794601378282499148/122713638575037857118861
11 2 6 38509374801271073870921/122713638575037857118861
11 2 12 1232950375929186289192/2406149775981134453311
11 3 1 12230104303402750304481/40904546191679285706287
11 3 5 4129227457266492651595/81809092383358571412574
11 3 6 73474958055527412050809/245427277150075714237722
11 3 10 43092005451166161202621/122713638575037857118861
11 4 0 62321227865369140159682/122713638575037857118861
11 4 3 21755593682474107876723/245427277150075714237722
11 4 7 36617190180441575495866/122713638575037857118861
11 4 12 25794847375980175049903/245427277150075714237722
11 5 0 169341877360589523750853/245427277150075714237722
11 5 3 76085399789486190486869/245427277150075714237722
11 6 2 67728158722341724552502/122713638575037857118861
11 6 6 6118631549879675140915/245427277150075714237722
11 6 7 4738075338296396956120/40904546191679285706287
11 6 10 75423876125734208255083/245427277150075714237722
11 7 0 8225774806543687053079/81809092383358571412574
11 7 6 50650752560396272951841/122713638575037857118861
11 7 8 769540888486464686992/122713638575037857118861
11 7 9 39303121944226392600273/81809092383358571412574
11 8 2 52400005314141895134761/81809092383358571412574
11 8 4 2865820394337194915341/40904546191679285706287
11 8 7 23677446280542286447131/81809092383358571412574
11 9 1 2206794352484056415385/40904546191679285706287
11 9 3 45131106527513608574629/245427277150075714237722
11 9 6 37067412378327386859835/122713638575037857118861
11 9 7 37640193250334331150371/81809092383358571412574
11 10 1 1
11 11 0 6693505787218844663732/122713638575037857118861
11 11 2 4086478111270379709433/245427277150075714237722
11 11 3 111123122296149042282203/245427277150075714237722
11 11 4 58415332584109301459311/122713638575037857118861
12 0 6 8/17
12 0 13 9/17
12 1 2 44870046479828012104310/122713638575037857118861
12 1 6 49348888646636087003467/245427277150075714237722
12 1 7 106338295543783603025635/245427277150075714237722
12 2 7 6550211684871886103201/122713638575037857118861
12 2 9 21904486908543795784960/122713638575037857118861
12 2 10 74307678062279217493705/245427277150075714237722
12 2 14 114210201900965132967695/245427277150075714237722
12 3 2 2171456679783043237750/7218449327943403359933
12 3 7 43277942036624991179932/122713638575037857118861
12 3 12 14173644327367043632393/40904546191679285706287
12 4 1 215101297883383165574551/245427277150075714237722
12 4 9 30325979266692548663171/245427277150075714237722
12 5 1 17457280628812513603517/245427277150075714237722
12 5 7 12961156256451500138367/81809092383358571412574
12 5 9 94543263875954350109552/122713638575037857118861
12 6 0 21986812776155451881692/122713638575037857118861
12 6 1 1394747336123842331257/245427277150075714237722
12 6 4 3922723612973352316531/4812299551962268906622
12 7 1 30024033451388791653821/81809092383358571412574
12 7 5 8401639046814677684238/40904546191679285706287
12 7 6 19646969474540785431041/245427277150075714237722
12 7 7 30442700954008812596447/245427277150075714237722
12 7 9 54855672086471675143343/245427277150075714237722
12 8 0 15343454226439938442360/40904546191679285706287
12 8 1 14872445052632940097355/122713638575037857118861
12 8 5 3452832210449575344815/40904546191679285706287
12 8 7 5075553880482031994095/40904546191679285706287
12 8 8 36225672570290279677696/122713638575037857118861
12 9 2 15370896182310490474604/40904546191679285706287
12 9 4 73966175888628690565955/122713638575037857118861
12 9 5 864813857578014164281/245427277150075714237722
12 9 7 4404734421377376093907/245427277150075714237722
12 10 2 52563734615513865428453/122713638575037857118861
12 10 3 6184042356500370111422/122713638575037857118861
12 10 4 12931210358271818721659/245427277150075714237722
12 10 6 115000512847775424436313/245427277150075714237722
12 11 0 112444057743109816789553/122713638575037857118861
12 11 1 3576075044709195665576/122713638575037857118861
12 11 3 6693505787218844663732/122713638575037857118861
12 12 3 1
13 0 3 84631284784184750169157/245427277150075714237722
13 0 7 1187443427601811125336/40904546191679285706287
13 0 14 36730085215628014258556/122713638575037857118861
13 0 15 80211161369024068799437/245427277150075714237722
13 1 2 47730734256052800652021/245427277150075714237722
13 1 4 7933822438306040429937/40904546191679285706287
13 1 8 5327617199685948072386/122713638575037857118861
13 1 10 8753617641548124382963/245427277150075714237722
13 1 11 21780792703877775079724/40904546191679285706287
13 2 3 16127675321505304103173/40904546191679285706287
13 2 7 15051444070419511014247/122713638575037857118861
13 2 8 43932781713613592520526/122713638575037857118861
13 2 11 902728636852284780857/7218449327943403359933
13 3 1 56218424694742741340741/245427277150075714237722
13 3 9 71481070666743927168907/122713638575037857118861
13 3 11 46246711121845118559167/245427277150075714237722
13 4 0 2179788204402598161373/245427277150075714237722
13 4 2 126070791361836124146397/245427277150075714237722
13 4 3 58588348791918495964976/122713638575037857118861
13 5 6 62015934011528343321274/122713638575037857118861
13 5 8 60697704563509513797587/122713638575037857118861
13 6 6 37773610197375020791169/122713638575037857118861
13 6 8 84940028377662836327692/122713638575037857118861
13 7 0 30483467464366745931387/81809092383358571412574
13 7 2 6152372806513291624667/14436898655886806719866
13 7 4 24693268523124759412111/122713638575037857118861
13 8 1 33828554041506350435321/81809092383358571412574
13 8 7 47980538341852220977253/81809092383358571412574
13 9 1 181280893220774785172623/245427277150075714237722
13 9 6 64146383929300929065099/245427277150075714237722
13 10 0 55948094709696843419872/122713638575037857118861
13 10 3 14409686441810614690599/81809092383358571412574
13 10 4 90302028405250183326181/245427277150075714237722
13 11 5 1
13 12 0 6767024292906539172981/40904546191679285706287
13 12 1 16937094556302401205685/81809092383358571412574
13 12 2 1651216165877796396423/40904546191679285706287
13 12 4 48035516909487499068081/81809092383358571412574
13 13 0 23944622989101337267203/40904546191679285706287
13 13 2 33832367795020706880029/81809092383358571412574
13 13 3 87478610135189998139/81809092383358571412574
14 0 4 49071567287821315663963/81809092383358571412574
14 0 10 4010232191183649459401/14436898655886806719866
14 0 15 15019314018244863218008/122713638575037857118861
14 1 7 95778285638631691052489/245427277150075714237722
14 1 8 149648991511444023185233/245427277150075714237722
14 2 2 103460046696989414830885/245427277150075714237722
14 2 8 73601097610260591390257/245427277150075714237722
14 2 9 52178389718548924827247/245427277150075714237722
14 2 10 1772626179597938173147/245427277150075714237722
14 2 11 7207558472339422508093/122713638575037857118861
14 3 3 62222387961874401969229/81809092383358571412574
14 3 5 19841364083522617530844/122713638575037857118861
14 3 12 19077385097407273268347/245427277150075714237722
14 4 6 2861793939858306974437/14436898655886806719866
14 4 7 4228663653109561313930/40904546191679285706287
14 4 10 20832701439484921981013/81809092383358571412574
14 4 11 54453346967686180922837/122713638575037857118861
14 5 1 43902893315468906413670/122713638575037857118861
14 5 3 3526997534902109069791/14436898655886806719866
14 5 4 87171994094153949635767/245427277150075714237722
14 5 7 5245269165824048794084/122713638575037857118861
14 6 5 38585530484501739003285/81809092383358571412574
14 6 9 43223561898856832409289/81809092383358571412574
14 7 3 30442700954008812596447/245427277150075714237722
14 7 7 214984576196066901641275/245427277150075714237722
14 8 5 37451713981229710361472/40904546191679285706287
14 8 6 3452832210449575344815/40904546191679285706287
14 9 2 47444568480268143481210/122713638575037857118861
14 9 4 77039572896563391261937/245427277150075714237722
14 9 5 1453888357262699302763/245427277150075714237722
14 9 7 36022339467856668355301/122713638575037857118861
14 10 0 66765543865341013698989/122713638575037857118861
14 10 5 18533284577762990666488/122713638575037857118861
14 10 6 12471603377311284251128/40904546191679285706287
14 11 0 3576075044709195665576/122713638575037857118861
14 11 1 119137563530328661453285/122713638575037857118861
14 12 0 24842397391901127156647/40904546191679285706287
14 12 1 15431524554853709857034/40904546191679285706287
14 12 4 630624244924448692606/40904546191679285706287
14 13 0 583290586057331605115/14436898655886806719866
14 13 2 15651683183225259127539/40904546191679285706287
14 13 3 141601238087749522185533/245427277150075714237722
14 14 0 39672166295411858640049/81809092383358571412574
14 14 2 42136926087946712772525/81809092383358571412574
15 0 1 10697980225159161732157/40904546191679285706287
15 0 7 47841671139211246515493/81809092383358571412574
15 0 9 8050063231709036525611/245427277150075714237722
15 0 10 14832159574888983886345/122713638575037857118861
15 1 6 47428357780664611375971/81809092383358571412574
15 1 10 34380734602693960036603/81809092383358571412574
15 2 4 95771185187371685132957/122713638575037857118861
15 2 8 26942453387666171985904/122713638575037857118861
15 3 1 7154985007842421828951/81809092383358571412574
15 3 4 5999034072916778021168/122713638575037857118861
15 3 8 201217484734257908480911/245427277150075714237722
15 3 11 5373384623228492113811/122713638575037857118861
15 4 6 51346866074691926866591/245427277150075714237722
15 4 9 194080411075383787371131/245427277150075714237722
15 5 4 43165774453178445374101/122713638575037857118861
15 5 5 79547864121859411744760/122713638575037857118861
15 6 2 79451590216519277122909/245427277150075714237722
15 6 6 5413327835508852838565/81809092383358571412574
15 6 7 74867851713514939299559/122713638575037857118861
15 7 3 8401639046814677684238/40904546191679285706287
15 7 5 32502907144864608022049/40904546191679285706287
15 8 3 66218700271847117748752/122713638575037857118861
15 8 8 56494938303190739370109/122713638575037857118861
15 9 0 79540917559520646835451/122713638575037857118861
15 9 3 40215876996499102027087/245427277150075714237722
15 9 6 46129565034535318539733/245427277150075714237722
15 10 2 70149903959523991690408/122713638575037857118861
15 10 4 5848391005721597081437/122713638575037857118861
15 10 5 46715343609792268347016/122713638575037857118861
15 11 3 2370924378029195737805/4812299551962268906622
15 11 4 2441375173933073168817/4812299551962268906622
15 12 0 9295124506871619376659/40904546191679285706287
15 12 1 1980690762930714833008/40904546191679285706287
15 12 2 29628730921876951496620/40904546191679285706287
15 13 0 91843599252493053347549/245427277150075714237722
15 13 2 16673358221887346277467/81809092383358571412574
15 13 3 51781801615960311028886/122713638575037857118861
15 14 0 42136926087946712772525/81809092383358571412574
15 14 1 39672166295411858640049/81809092383358571412574
15 15 0 1/17
15 15 1 16/17
16 0 8 3830577740877600124305/4812299551962268906622
16 0 10 981721811084668782317/4812299551962268906622
16 1 5 17506458416869456144127/81809092383358571412574
16 1 8 16812489512764918207888/122713638575037857118861
16 1 9 108037702102407077220829/245427277150075714237722
16 1 10 8540870128588405361456/40904546191679285706287
16 2 4 48173025238187514357241/245427277150075714237722
16 2 6 131854947977530834074851/245427277150075714237722
16 2 7 42119616097934375062421/245427277150075714237722
16 2 8 23279687836422990743209/245427277150075714237722
16 3 5 92298576020023354182187/245427277150075714237722
16 3 6 18606449390166103180832/122713638575037857118861
16 3 7 115915802349720153693871/245427277150075714237722
16 4 5 49303181139770259437656/122713638575037857118861
16 4 7 73410457435267597681205/122713638575037857118861
16 5 4 23974578049854957951251/81809092383358571412574
16 5 5 1942220674435942747093/245427277150075714237722
16 5 7 85780661163037448818438/122713638575037857118861
16 6 3 84892363208955733965823/245427277150075714237722
16 6 4 2490367474548292974475/122713638575037857118861
16 6 5 18257038782101659496288/40904546191679285706287
16 6 6 15337315433137812448407/81809092383358571412574
16 7 3 40316158198444443778241/81809092383358571412574
16 7 6 41492934184914127634333/81809092383358571412574
16 8 3 3249897770997428024089/7218449327943403359933
16 8 4 32921364464237761045825/81809092383358571412574
16 8 6 36166659543449878281221/245427277150075714237722
16 9 2 29156381547838242213839/122713638575037857118861
16 9 3 80040146813031501818003/122713638575037857118861
16 9 4 20455352476254941843875/245427277150075714237722
16 9 5 2192955984027094776721/81809092383358571412574
16 10 4 65248628187555259013504/122713638575037857118861
16 10 5 57465010387482598105357/122713638575037857118861
16 11 2 241340799038805334528289/245427277150075714237722
16 11 4 4086478111270379709433/245427277150075714237722
16 12 1 30047567191487320826805/81809092383358571412574
16 12 2 4/17
16 12 4 32512326984022174959281/81809092383358571412574
16 13 1 1
16 14 1 42136926087946712772525/81809092383358571412574
16 14 2 39672166295411858640049/81809092383358571412574
16 15 0 16/17
16 15 1 1/17
16 16 0 1
