# exact hook decomposition of the 8-box: a s i value
0 0 0 1/8
0 0 1 1/8
0 0 2 1/8
0 0 3 1/8
0 0 4 1/8
0 0 5 1/8
0 0 6 1/8
0 0 7 1/8
1 0 0 1/8
1 0 3 1/8
1 0 4 3/8
1 0 7 3/8
1 1 0 1/4
1 1 1 1/8
1 1 2 1/4
1 1 5 3/8
2 0 0 3/5
2 0 4 61/240
2 0 6 7/48
2 1 1 13/40
2 1 2 11/40
2 1 3 1/20
2 1 4 23/240
2 1 5 19/240
2 1 6 7/40
2 2 0 1/40
2 2 1 3/10
2 2 4 9/40
2 2 5 9/20
3 0 1 119/240
3 0 5 121/240
3 1 1 7/160
3 1 4 13/160
3 1 5 5/48
3 1 6 37/48
3 2 0 7/48
3 2 1 7/48
3 2 2 29/48
3 2 5 5/48
3 3 0 35/48
3 3 1 91/480
3 3 2 13/160
4 0 5 17/120
4 0 6 43/120
4 0 7 1/2
4 1 0 7/30
4 1 1 13/240
4 1 4 77/240
4 1 5 47/120
4 2 0 167/240
4 2 1 1/30
4 2 3 13/48
4 3 0 47/240
4 3 1 193/240
4 4 2 3/8
4 4 3 5/8
5 0 0 3/20
5 0 1 91/240
5 0 3 29/240
5 0 4 29/240
5 0 5 11/48
5 1 0 179/480
5 1 1 17/48
5 1 4 131/480
5 2 0 2/15
5 2 3 31/240
5 2 4 3/8
5 2 5 29/80
5 3 3 1
5 4 0 97/160
5 4 1 43/160
5 4 3 1/8
5 5 0 9/80
5 5 2 71/80
6 0 3 151/240
6 0 6 89/240
6 1 0 23/160
6 1 1 47/480
6 1 2 19/40
6 1 4 11/48
6 1 6 13/240
6 2 1 25/48
6 2 2 19/48
6 2 5 1/12
6 3 4 1
6 4 1 73/160
6 4 2 87/160
6 5 0 137/160
6 5 1 1/32
6 5 2 9/80
6 6 0 5/8
6 6 1 3/8
7 0 2 7/8
7 0 4 1/8
7 1 3 19/20
7 1 5 1/20
7 2 3 3/5
7 2 4 2/5
7 3 0 3/40
7 3 1 1/160
7 3 2 147/160
7 4 0 63/160
7 4 1 11/40
7 4 2 13/160
7 4 3 1/4
7 5 0 1/32
7 5 1 31/32
7 6 0 3/8
7 6 1 5/8
7 7 0 1
