# exact hook decomposition of the 19-box: a s i value
0 0 0 1/19
0 0 1 1/19
0 0 2 1/19
0 0 3 1/19
0 0 4 1/19
0 0 5 1/19
0 0 6 1/19
0 0 7 1/19
0 0 8 1/19
0 0 9 1/19
0 0 10 1/19
0 0 11 1/19
0 0 12 1/19
0 0 13 1/19
0 0 14 1/19
0 0 15 1/19
0 0 16 1/19
0 0 17 1/19
0 0 18 1/19
1 0 0 3/19
1 0 1 3/19
1 0 2 35275891387912319008887959555393/2088181504471017518435259813493956
1 0 6 294436977739090447059837274154179/2088181504471017518435259813493956
1 0 9 3/19
1 0 12 2/19
1 0 13 2/19
1 0 14 3/19
1 1 2 294436977739090447059837274154179/2088181504471017518435259813493956
1 1 3 35275891387912319008887959555393/2088181504471017518435259813493956
1 1 4 294436977739090447059837274154179/2088181504471017518435259813493956
1 1 5 35275891387912319008887959555393/2088181504471017518435259813493956
1 1 7 3/19
1 1 10 3/19
1 1 12 1/19
1 1 15 3/19
1 1 17 3/19
2 0 0 5/19
2 0 2 2634845918989269056026378277467/2088181504471017518435259813493956
2 0 3 55173723089227521257342919753209/522045376117754379608814953373489
2 0 4 2/19
2 0 8 182000096562369033358320273788455/696060501490339172811753271164652
2 0 15 117804482615089884899856278330767/522045376117754379608814953373489
2 0 18 19575879521161267628779235714888/522045376117754379608814953373489
2 1 1 55173723089227521257342919753209/522045376117754379608814953373489
2 1 4 1173719619299170013193744939085/696060501490339172811753271164652
2 1 5 182000096562369033358320273788455/696060501490339172811753271164652
2 1 6 1173719619299170013193744939085/696060501490339172811753271164652
2 1 8 1173719619299170013193744939085/696060501490339172811753271164652
2 1 10 139950819232158043935459749223487/696060501490339172811753271164652
2 1 12 139950819232158043935459749223487/696060501490339172811753271164652
2 1 17 117804482615089884899856278330767/522045376117754379608814953373489
2 2 1 82206639047023631271292594292446/522045376117754379608814953373489
2 2 2 108730570089701752009714666297439/696060501490339172811753271164652
2 2 7 182000096562369033358320273788455/696060501490339172811753271164652
2 2 10 43222996949510159436054269504053/696060501490339172811753271164652
2 2 11 43222996949510159436054269504053/696060501490339172811753271164652
2 2 14 5/19
2 2 15 19575879521161267628779235714888/522045376117754379608814953373489
3 0 1 132183348828175618561351487279606/522045376117754379608814953373489
3 0 4 67116658539750996237130205548631/1044090752235508759217629906746978
3 0 16 173612700499982848540092385356241/522045376117754379608814953373489
3 0 17 138998362476671270326344663014843/1044090752235508759217629906746978
3 0 18 113191816281384779225633646455905/522045376117754379608814953373489
3 1 6 472633256858144633138801354379761/2088181504471017518435259813493956
3 1 8 86453403302137178078725576740855/348030250745169586405876635582326
3 1 9 41768268025030564281334236368423/348030250745169586405876635582326
3 1 10 13245196413634555432925576926147/109904289709000922022908411236524
3 1 11 79140690709366834314456073208012/522045376117754379608814953373489
3 1 13 138998362476671270326344663014843/1044090752235508759217629906746978
3 2 0 7/19
3 2 3 7/19
3 2 4 32601102376112886916529337915085/696060501490339172811753271164652
3 2 6 49723365994130790067992377632663/522045376117754379608814953373489
3 2 8 25858072086830112708017953839943/1044090752235508759217629906746978
3 2 11 9576596822213455413188029725087/99437214498619881830250467309236
3 3 1 60149158162575994978738232384311/522045376117754379608814953373489
3 3 4 296696771104861821021557524275907/2088181504471017518435259813493956
3 3 10 71781847926702096610243863722817/696060501490339172811753271164652
3 3 12 113191816281384779225633646455905/522045376117754379608814953373489
3 3 13 18719806490768764999997334307676/522045376117754379608814953373489
3 3 14 245666651504831956753834776312991/1044090752235508759217629906746978
3 3 15 79140690709366834314456073208012/522045376117754379608814953373489
4 0 0 9/19
4 0 2 280497508842378326061319160312735/1044090752235508759217629906746978
4 0 9 1/57
4 0 15 250706558084459463716071493997131/1044090752235508759217629906746978
4 1 11 205684730149265290153033177150737/696060501490339172811753271164652
4 1 15 160662902214071116589994860304343/696060501490339172811753271164652
4 1 17 9/19
4 2 1 95780440440264368130124765914213/348030250745169586405876635582326
4 2 3 4/57
4 2 6 18979518304918967670472626591245/54952144854500461011454205618262
4 2 9 124028138977737475915692056558835/696060501490339172811753271164652
4 2 12 133958455897043763364107945330703/1044090752235508759217629906746978
4 2 13 5736784569876021004048132221425/2088181504471017518435259813493956
4 3 2 214071794848125823041768690251623/1044090752235508759217629906746978
4 3 3 133958455897043763364107945330703/1044090752235508759217629906746978
4 3 4 18979518304918967670472626591245/54952144854500461011454205618262
4 3 7 133958455897043763364107945330703/1044090752235508759217629906746978
4 3 13 11/57
4 4 1 69075994123237014904237850940573/348030250745169586405876635582326
4 4 4 133958455897043763364107945330703/1044090752235508759217629906746978
4 4 9 580419427211462229784796727706703/2088181504471017518435259813493956
4 4 10 18979518304918967670472626591245/54952144854500461011454205618262
4 4 12 104167505139124901018860279015099/2088181504471017518435259813493956
5 0 2 73382942114659621759904408361347/348030250745169586405876635582326
5 0 9 70935486277487687235905912754293/174015125372584793202938317791163
5 0 11 248332544862139767836923303578799/696060501490339172811753271164652
5 0 17 17220127288929412511397499845987/696060501490339172811753271164652
5 1 5 273663469943264897231517126064543/696060501490339172811753271164652
5 1 9 29810112622429824618426797545854/174015125372584793202938317791163
5 1 14 43308083008193568158075564988099/99437214498619881830250467309236
5 2 0 24161719462636953418011346298789/99437214498619881830250467309236
5 2 1 201604613441827364119964221470625/696060501490339172811753271164652
5 2 16 81330962952513283691427406400626/174015125372584793202938317791163
5 3 0 67504191753070685297452315990803/348030250745169586405876635582326
5 3 10 70935486277487687235905912754293/174015125372584793202938317791163
5 3 12 22167270752698157659180670685811/696060501490339172811753271164652
5 3 13 19414635947404228162905303899521/174015125372584793202938317791163
5 3 14 14260830648902152901543126611985/99437214498619881830250467309236
5 3 15 19414635947404228162905303899521/174015125372584793202938317791163
5 4 0 10395476675025596455521493646333/174015125372584793202938317791163
5 4 1 36029428250718766555776452296959/348030250745169586405876635582326
5 4 3 66369398651701312702461987748357/696060501490339172811753271164652
5 4 4 90350122224891915398811216653814/174015125372584793202938317791163
5 4 7 154649850737530279580407537621789/696060501490339172811753271164652
5 5 0 57260069154967617074260810542127/696060501490339172811753271164652
5 5 1 129318925656405150185813715136045/696060501490339172811753271164652
5 5 2 87084475131892129971442600386371/696060501490339172811753271164652
5 5 7 94878671078546325163018715444071/696060501490339172811753271164652
5 5 8 10395476675025596455521493646333/174015125372584793202938317791163
5 5 12 7524643520221725384082406712387/18317381618166820337151401872754
6 0 8 489556288778397062049811594193089/1044090752235508759217629906746978
6 0 16 187160486066368117550879438864755/1044090752235508759217629906746978
6 0 18 183686988695371789808469436844567/522045376117754379608814953373489
6 1 2 256546087348060416156970285807569/696060501490339172811753271164652
6 1 12 319372086592695115277410028807497/696060501490339172811753271164652
6 1 15 60071163774791820688686478274793/348030250745169586405876635582326
6 2 0 88597757440825684108984719486541/2088181504471017518435259813493956
6 2 1 33568241861388249771610139650355/2088181504471017518435259813493956
6 2 4 756054487049662397147801439128251/2088181504471017518435259813493956
6 2 8 205302675505436804110056037117273/1044090752235508759217629906746978
6 2 15 105347855672742752122819842297719/2088181504471017518435259813493956
6 2 16 9131681729414800356104363140744/27476072427250230505727102809131
6 3 0 197814742404601569175830590249375/1044090752235508759217629906746978
6 3 1 609245389483591182713478651814099/2088181504471017518435259813493956
6 3 3 2737140208359992258376513910750/24859303624654970457562616827309
6 3 11 853386852675983847666492812678107/2088181504471017518435259813493956
6 4 5 69175320321432688922949414283613/298311643495859645490751401927708
6 4 6 442781501665110239446380738443561/2088181504471017518435259813493956
6 4 7 1902470647709852072820395323655/54952144854500461011454205618262
6 4 10 575368913541028138631316533396705/2088181504471017518435259813493956
6 4 11 20477073403073388160559110792819/522045376117754379608814953373489
6 4 13 61657381255654626641072168028319/298311643495859645490751401927708
6 5 0 134932646280997594833880492298503/298311643495859645490751401927708
6 5 2 142629936683001263429478442291391/522045376117754379608814953373489
6 5 4 4532563548839886174037803938033/149155821747929822745375700963854
6 5 8 9759459412336063494518520863522/522045376117754379608814953373489
6 5 12 156879835479642213488526419884107/696060501490339172811753271164652
6 6 1 18712907973143632233636203681199/49718607249309940915125233654618
6 6 9 41955839727772607495268294807479/99437214498619881830250467309236
6 6 11 20055558824560009867709765139359/99437214498619881830250467309236
7 0 12 675053726138146331838262498161521/1044090752235508759217629906746978
7 0 17 132100642802914257218090947198261/522045376117754379608814953373489
7 0 18 104835740491533912943185514188935/1044090752235508759217629906746978
7 1 1 4193381487134511359001048295693/10599906114066078773783044738548
7 1 4 1024450625780668811072949775149/348030250745169586405876635582326
7 1 8 51801248601492934222759423585423/2088181504471017518435259813493956
7 1 13 12066123655194243453590550790625/149155821747929822745375700963854
7 1 15 8774994886594946556091127388152/24859303624654970457562616827309
7 1 17 74528024375661728640233441333150/522045376117754379608814953373489
7 2 4 32482202902447801593101851595275/54952144854500461011454205618262
7 2 7 13671562731848557232045949373931/1044090752235508759217629906746978
7 2 11 68876222392858661952774796177137/174015125372584793202938317791163
7 3 0 56705589267640632752012733508444/174015125372584793202938317791163
7 3 3 207120317670998684902877903963705/1044090752235508759217629906746978
7 3 5 496736898958666277802675601732609/1044090752235508759217629906746978
7 4 1 162235960990749315467959316607937/522045376117754379608814953373489
7 4 12 149228446679360583333550586112409/1044090752235508759217629906746978
7 4 14 190130127858216514982720229139565/348030250745169586405876635582326
7 5 3 35813745867472542480577762802719/174015125372584793202938317791163
7 5 4 102023482896828339234829527319129/522045376117754379608814953373489
7 5 9 4458655885697307001276803718970/27476072427250230505727102809131
7 5 10 10850771132869503805142517475513/24859303624654970457562616827309
7 6 7 326561972873995239280030451676733/1044090752235508759217629906746978
7 6 10 306503940901158576482435147859137/1044090752235508759217629906746978
7 6 11 68504139743392490575860717868518/174015125372584793202938317791163
7 7 0 80674772868610519776622780537211/174015125372584793202938317791163
7 7 1 434898117058941931700707739009/5233537605190520096328971963644
7 7 2 4174965445022919251880302813687/10599906114066078773783044738548
7 7 3 3265570754517325203862747497013/54952144854500461011454205618262
8 0 2 40034801255502143001481393182613/348030250745169586405876635582326
8 0 4 6376216256862094811734195277303/9158690809083410168575700936377
8 0 5 65699231728907840558495821862199/348030250745169586405876635582326
8 1 0 510812122216141489838529641762279/696060501490339172811753271164652
8 1 3 34549634874038171442837205649652/174015125372584793202938317791163
8 1 11 47049839778044997201874806803765/696060501490339172811753271164652
8 2 3 1087264073438976174678707857186397/2088181504471017518435259813493956
8 2 5 1358291158646809290814727493109/99437214498619881830250467309236
8 2 6 267822518070022971113157657800531/696060501490339172811753271164652
8 2 16 168925762490389435309969705550677/2088181504471017518435259813493956
8 3 13 326513738714938676076701003700855/696060501490339172811753271164652
8 3 14 369546762775400496735052267463797/696060501490339172811753271164652
8 4 1 5893623831659494822348316942703/36634763236333640674302803745508
8 4 2 173174609731267108725132609844613/696060501490339172811753271164652
8 4 8 85083284725246182258629947057351/348030250745169586405876635582326
8 4 11 60185117376762324486185686323495/174015125372584793202938317791163
8 5 3 3889114894707285865352541358241/348030250745169586405876635582326
8 5 6 45448461804095452906214349007123/174015125372584793202938317791163
8 5 9 253244212242271394728095396209839/696060501490339172811753271164652
8 5 12 253244212242271394728095396209839/696060501490339172811753271164652
8 6 5 22452788504418256378796859571957/2088181504471017518435259813493956
8 6 7 296277236302733215386446659972781/696060501490339172811753271164652
8 6 10 51421853315557872203526448169119/149155821747929822745375700963854
8 6 12 76165176773431567507958783272665/348030250745169586405876635582326
8 7 0 5893623831659494822348316942703/36634763236333640674302803745508
8 7 2 369546762775400496735052267463797/696060501490339172811753271164652
8 7 3 4636140332541875139631497265433/1044090752235508759217629906746978
8 7 8 25289093958248854871717861291703/99437214498619881830250467309236
8 7 11 14751629135987874395844409101695/298311643495859645490751401927708
8 8 3 15900298242488284615490972540875/99437214498619881830250467309236
8 8 7 205026847802880609416379889337735/696060501490339172811753271164652
8 8 10 94932891497510142771734143510198/174015125372584793202938317791163
9 0 4 85229005849977571408438822731019/1044090752235508759217629906746978
9 0 6 76006443719860353853133238924318/174015125372584793202938317791163
9 0 15 71831869152338437812913092924293/149155821747929822745375700963854
9 1 0 99873969242533333474079079137437/1044090752235508759217629906746978
9 1 13 258476057531657706341608606847632/522045376117754379608814953373489
9 1 16 142421555976553337686777871304759/348030250745169586405876635582326
9 2 0 361428805175904679193838971538589/1044090752235508759217629906746978
9 2 1 75661241154411399253155516880495/2088181504471017518435259813493956
9 2 10 33604487084844662874169579949947/74577910873964911372687850481927
9 2 14 49819573512735171473954016419681/298311643495859645490751401927708
9 3 2 175266491342164042366693433869354/522045376117754379608814953373489
9 3 3 98008681652724439349805078866845/174015125372584793202938317791163
9 3 4 44911769732387033769462762669221/2088181504471017518435259813493956
9 3 10 55366529845760347667120789648393/696060501490339172811753271164652
9 4 0 291393988908535373274855928035476/522045376117754379608814953373489
9 4 4 224070599709709489340165612320997/2088181504471017518435259813493956
9 4 11 3496232783650308903570614951795/18317381618166820337151401872754
9 4 13 130427708105654633215592752507573/1044090752235508759217629906746978
9 4 14 1862333122843907359877851405299/99437214498619881830250467309236
9 5 2 80282563300767704928789960713/252378717001573304137691541394
9 5 9 111071877362586406365618731942397/348030250745169586405876635582326
9 5 11 43390014316383568674820591585703/696060501490339172811753271164652
9 5 13 209107422865265461212092504047701/696060501490339172811753271164652
9 6 1 695047006985934320037562507836149/2088181504471017518435259813493956
9 6 5 346778884775590337242121519504135/522045376117754379608814953373489
9 6 10 6018958382721849429211227641267/2088181504471017518435259813493956
9 7 1 278846188017657323137963183210925/522045376117754379608814953373489
9 7 10 243199188100097056470851770162564/522045376117754379608814953373489
9 8 3 9069757109651065707119045063983/109904289709000922022908411236524
9 8 4 120791291923706089852332520224949/522045376117754379608814953373489
9 8 7 170991199750536043511856602012306/522045376117754379608814953373489
9 8 8 106960878955811248077605924047037/298311643495859645490751401927708
9 9 1 1170282887487919822265448829369/1044090752235508759217629906746978
9 9 3 166022674600135649637295373498911/522045376117754379608814953373489
9 9 9 236958373382583180040257903639929/348030250745169586405876635582326
10 0 3 264232418113956682426801452612639/348030250745169586405876635582326
10 0 18 83797832631212903979075182969687/348030250745169586405876635582326
10 1 1 12080067721248285429136900493035/36634763236333640674302803745508
10 1 3 203466223944811053107090511735145/696060501490339172811753271164652
10 1 10 158959998947349977721726804694849/696060501490339172811753271164652
10 1 14 38316262790640917738729310004132/522045376117754379608814953373489
10 1 15 22724846360116926504726756583493/298311643495859645490751401927708
10 2 5 38311069630363431633872495305879/1044090752235508759217629906746978
10 2 10 1017586875246836479650348766383281/2088181504471017518435259813493956
10 2 14 372348057424255161876468212029847/1044090752235508759217629906746978
10 2 16 249276375114943851764229632439223/2088181504471017518435259813493956
10 3 1 65592929871111460161079611430161/348030250745169586405876635582326
10 3 5 4056333552043840829945376845061/99437214498619881830250467309236
10 3 6 527506588997865411607974869733505/1044090752235508759217629906746978
10 3 15 29180407508194593517051552194721/109904289709000922022908411236524
10 4 1 437109626483388262101104846747695/2088181504471017518435259813493956
10 4 10 63836864629375847704396458616421/522045376117754379608814953373489
10 4 13 465241473156708621838856377426859/696060501490339172811753271164652
10 5 1 197189754516952517488172698133837/522045376117754379608814953373489
10 5 2 592150403592784084222210108229917/2088181504471017518435259813493956
10 5 11 87846042369841997853761464950309/348030250745169586405876635582326
10 5 13 8580753742446256054180482048897/99437214498619881830250467309236
10 6 3 37398967790282036199665461695245/696060501490339172811753271164652
10 6 8 577340729680220988477818568712549/1044090752235508759217629906746978
10 6 12 821303141739729432880626290983123/2088181504471017518435259813493956
10 7 0 261382557214366692080644127104451/696060501490339172811753271164652
10 7 4 434677944275972480731109144060201/696060501490339172811753271164652
10 8 0 95765602430869213893253435809848/522045376117754379608814953373489
10 8 2 139543938320657389711990405258373/522045376117754379608814953373489
10 8 5 122011639304587019971119563443265/348030250745169586405876635582326
10 8 8 207436752818694492093783534280741/1044090752235508759217629906746978
10 9 0 1140780002522442430666130511414259/2088181504471017518435259813493956
10 9 6 33158420558962747808031150283189/149155821747929822745375700963854
10 9 7 17749492462358810843390618760025/174015125372584793202938317791163
10 9 8 12866176408323375635047893952131/99437214498619881830250467309236
10 10 2 39091672241871120829175131550050/174015125372584793202938317791163
10 10 5 4285111744405532718669546071060/9158690809083410168575700936377
10 10 7 53506329987008550719041810890973/174015125372584793202938317791163
11 0 10 196446010640278091880839471731833/348030250745169586405876635582326
11 0 16 151584240104891494525037163850493/348030250745169586405876635582326
11 1 0 80134102618506808997855132345311/696060501490339172811753271164652
11 1 1 5313356509226586350753489876177/1044090752235508759217629906746978
11 1 5 17431104139156001742883753923348/174015125372584793202938317791163
11 1 6 149393317191053472735773335945/883325509505506564481920394879
11 1 14 147523781128457492987121235727711/1044090752235508759217629906746978
11 1 16 979765869830606502303971751996091/2088181504471017518435259813493956
11 2 1 470628982300055043184682519896169/2088181504471017518435259813493956
11 2 6 301763969245580545125627990058081/2088181504471017518435259813493956
11 2 15 219298092154230321687491550589951/348030250745169586405876635582326
11 3 1 844781903110453594840350563561647/2088181504471017518435259813493956
11 3 5 191727711143328341503403057620221/696060501490339172811753271164652
11 3 10 334108233965289449542350038535823/1044090752235508759217629906746978
11 4 0 121772122612355381985722128831289/1044090752235508759217629906746978
11 4 3 835308566193061041841281308216317/2088181504471017518435259813493956
11 4 12 240517350781271486696237922613027/2088181504471017518435259813493956
11 4 14 18305031958856529188721341071477/49718607249309940915125233654618
11 5 3 50922801731494886865787044148816/174015125372584793202938317791163
11 5 4 89065818434503238236253205413611/348030250745169586405876635582326
11 5 6 619553216830369882668071900658161/2088181504471017518435259813493956
11 5 9 323159756255689563960224150568337/2088181504471017518435259813493956
11 6 1 172963207053518378119483121743/1514272302009439824826149248364
11 6 2 259944484963379248625402941433879/522045376117754379608814953373489
11 6 12 809887302090698680506880822874843/2088181504471017518435259813493956
11 7 4 350069949806362529403222343521355/1044090752235508759217629906746978
11 7 6 174023737620258058045203392411609/348030250745169586405876635582326
11 7 10 232244240551032774097972402904255/2088181504471017518435259813493956
11 7 11 5876575715037438803138019425123/109904289709000922022908411236524
11 8 1 8605267791615918159285961587028/24859303624654970457562616827309
11 8 5 102326137809463740029743963178489/1044090752235508759217629906746978
11 8 7 12491663918817753174325736241289/36634763236333640674302803745508
11 8 10 448661890983740982059184148073153/2088181504471017518435259813493956
11 9 0 947401501948575087769129302079697/2088181504471017518435259813493956
11 9 5 1140780002522442430666130511414259/2088181504471017518435259813493956
11 10 2 35176047867501215221994636022671/49718607249309940915125233654618
11 10 3 14542559381808725693130597631947/49718607249309940915125233654618
11 11 0 91370884023184577316062875138487/174015125372584793202938317791163
11 11 4 204937704752112359491134717691451/2088181504471017518435259813493956
11 11 5 14214642930921223227730742883142/74577910873964911372687850481927
11 11 7 18513485208328380036900466352985/99437214498619881830250467309236
12 0 0 1/19
12 0 2 18391184198668099148854840382509/54952144854500461011454205618262
12 0 5 99866403954386860124880148873125/348030250745169586405876635582326
12 0 14 170053447871576917001646643620835/522045376117754379608814953373489
12 1 0 28898722870501488744486833224078/522045376117754379608814953373489
12 1 4 294134011489892596612028862974074/522045376117754379608814953373489
12 1 6 119315949059559429527396281349431/522045376117754379608814953373489
12 1 12 9271496001444638412713009947759/298311643495859645490751401927708
12 1 16 253886298781090990010620833669311/2088181504471017518435259813493956
12 2 6 5236235120993677351685794086360/174015125372584793202938317791163
12 2 11 155148218606950088836141804438221/348030250745169586405876635582326
12 2 12 216410148296345490982692079838145/696060501490339172811753271164652
12 2 14 148408975496118794750034406104625/696060501490339172811753271164652
12 3 0 151764949482925668818682983737265/522045376117754379608814953373489
12 3 12 370280426634828710790131969636224/522045376117754379608814953373489
12 4 2 522885891759072064086620661320039/696060501490339172811753271164652
12 4 4 16382243401312905226748291075491/2088181504471017518435259813493956
12 4 6 125785396448122105237162384614587/522045376117754379608814953373489
12 5 0 485936386519565751687656967889027/1044090752235508759217629906746978
12 5 3 21191686469103986985843220226953/298311643495859645490751401927708
12 5 4 65499076452573471989926323930113/1044090752235508759217629906746978
12 5 10 99035464391771363041602536384837/298311643495859645490751401927708
12 5 13 23953420416768603481328822262191/348030250745169586405876635582326
12 6 3 191276112371835601891921685389601/298311643495859645490751401927708
12 6 10 107035531124024043598829716538107/298311643495859645490751401927708
12 7 1 34389197969075851055014504439099/174015125372584793202938317791163
12 7 3 65502890953280671666279752807377/298311643495859645490751401927708
12 7 11 1216990892169142604111127490573129/2088181504471017518435259813493956
12 8 1 203748346347169485051897814557095/696060501490339172811753271164652
12 8 4 138088654821639816393778773304864/522045376117754379608814953373489
12 8 8 924581846142949797704451276603215/2088181504471017518435259813493956
12 9 7 34136298497042997483048976071337/298311643495859645490751401927708
12 9 8 1182796150816198097860204589340215/2088181504471017518435259813493956
12 9 9 111071877362586406365618731942397/348030250745169586405876635582326
12 10 0 343448451649002081477076702342505/2088181504471017518435259813493956
12 10 4 149049447864562441610957074593643/1044090752235508759217629906746978
12 10 6 45236454655052197011461368020197/696060501490339172811753271164652
12 10 7 655462396563866981350942428951787/1044090752235508759217629906746978
12 11 0 85675291273454273349247423387235/298311643495859645490751401927708
12 11 3 194752616233778551489665736996523/2088181504471017518435259813493956
12 11 4 191079095147769555373654882558115/696060501490339172811753271164652
12 11 7 102923509125678626768556780730349/298311643495859645490751401927708
12 12 1 84636680872242022514678707951385/109904289709000922022908411236524
12 12 2 25267608836758899508229703285139/109904289709000922022908411236524
13 0 6 771762912384601903114915261011437/2088181504471017518435259813493956
13 0 7 238204827722345060405150205415079/522045376117754379608814953373489
13 0 10 363599281197035373699743730822203/2088181504471017518435259813493956
13 1 8 102297242436219503868401638731373/298311643495859645490751401927708
13 1 11 744866538140899765070890860835975/2088181504471017518435259813493956
13 1 13 50612901518193728672155695750416/174015125372584793202938317791163
13 1 15 9939725529128241109844566266689/1044090752235508759217629906746978
13 2 2 68124578611404555166584315426173/149155821747929822745375700963854
13 2 7 542386656820483366788575279628749/2088181504471017518435259813493956
13 2 13 8398906859448257974950236299/5299953057033039386891522369274
13 2 15 588741577788247765672373724796979/2088181504471017518435259813493956
13 3 2 159828658234351617147491449585549/348030250745169586405876635582326
13 3 9 306589571807321324058161188454113/2088181504471017518435259813493956
13 3 13 397803035394605644832972977165847/2088181504471017518435259813493956
13 3 15 70802824643830141109862825060117/348030250745169586405876635582326
13 4 0 92385930585309683983022319988913/348030250745169586405876635582326
13 4 1 17779470688153050414188907577625/1044090752235508759217629906746978
13 4 3 157781771703796769567265271441955/696060501490339172811753271164652
13 4 11 442740632500720428475872514968055/1044090752235508759217629906746978
13 4 14 46493466490007382685069078047751/696060501490339172811753271164652
13 5 4 158539769947963230277006761457181/348030250745169586405876635582326
13 5 13 189490480797206356128869874125145/348030250745169586405876635582326
13 6 0 302630372269633582677752991872087/1044090752235508759217629906746978
13 6 1 92169025021562200289552381540963/522045376117754379608814953373489
13 6 2 16648064046339581262475331743120/522045376117754379608814953373489
13 6 3 98015751099534453140418412878121/696060501490339172811753271164652
13 6 11 107657878623077123921483962568441/298311643495859645490751401927708
13 7 1 126551427155785192097472065317435/2088181504471017518435259813493956
13 7 2 78536511737650467804841678403113/1044090752235508759217629906746978
13 7 4 84007772030375017435487694270643/2088181504471017518435259813493956
13 7 7 105031406539253696058224276934561/348030250745169586405876635582326
13 7 8 185358766267835928507200487776511/696060501490339172811753271164652
13 7 10 534284543770526411421669572162753/2088181504471017518435259813493956
13 8 0 5617608402810792898567073869423/49718607249309940915125233654618
13 8 2 27988316807306054150226282211261/298311643495859645490751401927708
13 8 3 4709397763047572249696634062059/149155821747929822745375700963854
13 8 6 75732960248531229816576469458597/99437214498619881830250467309236
13 9 1 267659111360617247206504260703195/298311643495859645490751401927708
13 9 2 30652532135242398284247141224513/298311643495859645490751401927708
13 10 3 274001971481411251768112046454211/696060501490339172811753271164652
13 10 8 422058530008927921043641224710441/696060501490339172811753271164652
13 11 0 7819850106407378150876175532997/74577910873964911372687850481927
13 11 1 281507787000182035044468935913623/1044090752235508759217629906746978
13 11 4 17140640601803888062827766812583/522045376117754379608814953373489
13 11 5 618823782542015653935238979746231/1044090752235508759217629906746978
13 12 0 11867931036793331012285413879551/18317381618166820337151401872754
13 12 5 6449450581373489324865987993203/18317381618166820337151401872754
13 13 2 105137137479688247925124835519327/522045376117754379608814953373489
13 13 3 1312085770606131459695387034194461/2088181504471017518435259813493956
13 13 4 118515727982044355679791145740729/696060501490339172811753271164652
14 0 1 279957737580577839024555054857359/522045376117754379608814953373489
14 0 14 242087638537176540584259898516130/522045376117754379608814953373489
14 1 2 40119128076773457730572756997493/1044090752235508759217629906746978
14 1 4 151885154539943790505322038493833/522045376117754379608814953373489
14 1 5 25091666520859546670644979331547/109904289709000922022908411236524
14 1 7 14002016573650951898053901871785/49718607249309940915125233654618
14 1 8 21678617469057843802939448221830/174015125372584793202938317791163
14 1 12 25144286846443316285678093649105/696060501490339172811753271164652
14 2 2 808245693642248490073935398635217/2088181504471017518435259813493956
14 2 5 63005189052493419109644811593637/298311643495859645490751401927708
14 2 7 19974878303317001790959610030835/1044090752235508759217629906746978
14 2 9 399474865427340545505945756820805/1044090752235508759217629906746978
14 3 7 1340052615216789294905816582061803/2088181504471017518435259813493956
14 3 14 94365234754103451895013899812449/1044090752235508759217629906746978
14 3 15 186466139915340439913138477269085/696060501490339172811753271164652
14 4 8 22969348188539912656507120494748/74577910873964911372687850481927
14 4 12 51608562685424998716180729987179/74577910873964911372687850481927
14 5 3 622197389585913422568348127144255/2088181504471017518435259813493956
14 5 8 2927606505007593986667774524047/174015125372584793202938317791163
14 5 10 22563356655560597822349766513369/1044090752235508759217629906746978
14 5 11 461908707837963924127399619678133/696060501490339172811753271164652
14 6 0 78860802343756136318164339541629/174015125372584793202938317791163
14 6 2 11688229862287407129568413342690/24859303624654970457562616827309
14 6 7 13336713992816806977795084850704/174015125372584793202938317791163
14 7 3 207598443612006591583088150427709/298311643495859645490751401927708
14 7 10 87213991937267526758052689444173/522045376117754379608814953373489
14 7 11 15059812180942172122180631722279/109904289709000922022908411236524
14 8 9 1
14 9 4 33158420558962747808031150283189/149155821747929822745375700963854
14 9 6 115997401188967074937344550680665/149155821747929822745375700963854
14 10 1 358206057877276302474410775229943/1044090752235508759217629906746978
14 10 3 218462698663605761339812857863183/696060501490339172811753271164652
14 10 4 43707164228728196060468942669606/174015125372584793202938317791163
14 10 7 343098354058834891129119860149/5299953057033039386891522369274
14 10 8 56714570481728329636499152510543/2088181504471017518435259813493956
14 11 1 96124223424700496112442400064261/696060501490339172811753271164652
14 11 2 438976381111029711415172097481011/696060501490339172811753271164652
14 11 7 40239974238652241321034693404845/174015125372584793202938317791163
14 12 0 6449450581373489324865987993203/18317381618166820337151401872754
14 12 1 25267608836758899508229703285139/109904289709000922022908411236524
14 12 3 125403851515567658511264886045481/696060501490339172811753271164652
14 12 4 356458522855235002229084627183785/2088181504471017518435259813493956
14 12 6 20027070413440380997327647790135/298311643495859645490751401927708
14 13 4 35522975694462605191831027505412/174015125372584793202938317791163
14 13 5 138492149678122188011107290285751/174015125372584793202938317791163
14 14 0 250942901193229219968608203355751/348030250745169586405876635582326
14 14 1 97087349551940366437268432226575/348030250745169586405876635582326
15 0 11 967963967740788729082154025597215/2088181504471017518435259813493956
15 0 17 1120217536730228789353105787896741/2088181504471017518435259813493956
15 1 1 171099943009501626760185656187125/1044090752235508759217629906746978
15 1 2 235967002133549726860841541980521/522045376117754379608814953373489
15 1 8 29358581648611455657356887528181/348030250745169586405876635582326
15 1 10 610077448946434134169388956432583/2088181504471017518435259813493956
15 1 12 2269238725673212765427435942279/298311643495859645490751401927708
15 2 3 28349450041233442299660620889953/696060501490339172811753271164652
15 2 13 667711051449105730512092650274699/696060501490339172811753271164652
15 3 5 217170784265389640445423261710897/1044090752235508759217629906746978
15 3 6 516584163237643347609655037013473/1044090752235508759217629906746978
15 3 8 14817541507575019738384886525003/99437214498619881830250467309236
15 3 9 309503237805876127819020599020153/2088181504471017518435259813493956
15 4 5 576820728815297323966989528098525/1044090752235508759217629906746978
15 4 8 467270023420211435250640378648453/1044090752235508759217629906746978
15 5 1 47971879443894315680269888186867/109904289709000922022908411236524
15 5 3 63367262261380829904379053298291/522045376117754379608814953373489
15 5 6 923246745991502200892615724750319/2088181504471017518435259813493956
15 6 3 343004561198718837171556392046651/2088181504471017518435259813493956
15 6 4 1262253093422407583788911726408833/2088181504471017518435259813493956
15 6 9 195781953988441770311076650936179/1044090752235508759217629906746978
15 6 11 45679970936503778426319196583057/1044090752235508759217629906746978
15 7 1 43341766818195831729529762366507/348030250745169586405876635582326
15 7 7 242998844205915890347652358647765/348030250745169586405876635582326
15 7 11 4406402837218418880621036754861/24859303624654970457562616827309
15 8 0 402116205022355440634065286868199/2088181504471017518435259813493956
15 8 3 22179777740312226872518990658771/348030250745169586405876635582326
15 8 4 263165429372408473362703659843676/522045376117754379608814953373489
15 8 10 500324915517154823115265943298427/2088181504471017518435259813493956
15 9 7 726492927695494493098105181167483/1044090752235508759217629906746978
15 9 8 317597824540014266119524725579495/1044090752235508759217629906746978
15 10 0 1034377523093032041636594122192401/2088181504471017518435259813493956
15 10 5 1012335918654827850551729495635789/2088181504471017518435259813493956
15 10 6 20734031361578813123468097832883/1044090752235508759217629906746978
15 11 1 91203608980281933465087725087044/174015125372584793202938317791163
15 11 6 124421034088772515606542719584685/522045376117754379608814953373489
15 11 7 124013515088136063607009058527672/522045376117754379608814953373489
15 12 2 113876318202657586833386333590517/174015125372584793202938317791163
15 12 5 60138807169927206369551984200646/174015125372584793202938317791163
15 13 0 694007577775999450907945372956097/1044090752235508759217629906746978
15 13 3 350083174459509308309684533790881/1044090752235508759217629906746978
15 14 0 97087349551940366437268432226575/348030250745169586405876635582326
15 14 2 137846412364129404780404945861933/696060501490339172811753271164652
15 14 4 364039390022329035156811460849569/696060501490339172811753271164652
15 15 1 6006567495138910821852859286947/15700612815571560288986915890932
15 15 2 17942633205344587652872233019153/109904289709000922022908411236524
15 15 3 24957842018841979308533081604371/54952144854500461011454205618262
16 0 12 3/19
16 0 13 16/19
16 1 3 205688186227223250678902528140522/522045376117754379608814953373489
16 1 8 361763080624904619042339519695491/2088181504471017518435259813493956
16 1 9 28877755176290994415132823994075/348030250745169586405876635582326
16 1 14 730399147879473930186513237271927/2088181504471017518435259813493956
16 2 5 256999821251875621048815310728575/348030250745169586405876635582326
16 2 8 78363363451427016648260768629313/348030250745169586405876635582326
16 2 13 6333533020933474354400278112219/174015125372584793202938317791163
16 3 7 480211977460140696801227340770747/2088181504471017518435259813493956
16 3 8 24893719523220969458474305233681/174015125372584793202938317791163
16 3 9 90308254612923825872330157433153/1044090752235508759217629906746978
16 3 11 37172773677082444678322327070883/74577910873964911372687850481927
16 3 12 12541531506867012199236476724001/298311643495859645490751401927708
16 4 4 247805141433602306177197709795147/1044090752235508759217629906746978
16 4 5 150104268196798016013544952437205/696060501490339172811753271164652
16 4 6 1142258417013418858040229536592047/2088181504471017518435259813493956
16 5 7 1604630655425636003661858365663095/2088181504471017518435259813493956
16 5 10 438341765256458461867371057830267/2088181504471017518435259813493956
16 5 11 1076406756879120307286437857157/49718607249309940915125233654618
16 6 0 268295565903338358630890877625117/1044090752235508759217629906746978
16 6 5 40898199521107439448594876783565/348030250745169586405876635582326
16 6 8 466750022555287770739811338034429/1044090752235508759217629906746978
16 6 9 62116855071186770500381020245579/348030250745169586405876635582326
16 7 9 1
16 8 0 355687778935710640162787893623533/696060501490339172811753271164652
16 8 5 340372722554628532648965377541119/696060501490339172811753271164652
16 9 1 70742386390573649448399696970951/696060501490339172811753271164652
16 9 2 451863539228821650203982403082791/2088181504471017518435259813493956
16 9 3 356022701517618729971519579874578/522045376117754379608814953373489
16 10 0 118392588288163899220264831493175/348030250745169586405876635582326
16 10 1 685884694358232456743219131517035/1044090752235508759217629906746978
16 10 4 216306643770328915258305767887/74577910873964911372687850481927
16 11 0 173048054299216088973240433197551/2088181504471017518435259813493956
16 11 2 257084120379309461396581173683641/696060501490339172811753271164652
16 11 3 916048118423103294469583937978947/2088181504471017518435259813493956
16 11 5 227832970610769750802691921266535/2088181504471017518435259813493956
16 12 5 20027070413440380997327647790135/298311643495859645490751401927708
16 12 6 278284573082419264493423754137573/298311643495859645490751401927708
16 13 2 260607630759894776447115255762377/696060501490339172811753271164652
16 13 4 435452870730444396364638015402275/696060501490339172811753271164652
16 14 2 314084139536213947892864590891381/1044090752235508759217629906746978
16 14 3 66278555856365601383529314395135/298311643495859645490751401927708
16 14 4 332021111468010137654941810315083/696060501490339172811753271164652
16 15 0 29994302835658481702921124013891/54952144854500461011454205618262
16 15 1 91064246064841744118038037751635/298311643495859645490751401927708
16 15 2 310948274262103004897990836704653/2088181504471017518435259813493956
16 16 1 351348822513738089024518488149231/522045376117754379608814953373489
16 16 2 170696553604016290584296465224258/522045376117754379608814953373489
17 0 3 86093906860683208411085503784381/1044090752235508759217629906746978
17 0 7 290526889832101612306033982274019/696060501490339172811753271164652
17 0 8 453164347518115372237767392505889/2088181504471017518435259813493956
17 0 10 436001869723312671427570841044231/2088181504471017518435259813493956
17 0 11 51748934670639407009882875184339/696060501490339172811753271164652
17 1 3 899818323909302544190542712172/9158690809083410168575700936377
17 1 7 27866284267873208872577873837367/49718607249309940915125233654618
17 1 11 89516164570239851347273569320809/696060501490339172811753271164652
17 1 12 7791061292250915994205695894507/36634763236333640674302803745508
17 2 9 917147356683123999676292130175841/2088181504471017518435259813493956
17 2 12 1171034147787893518758967683318115/2088181504471017518435259813493956
17 3 4 512675634023423946083139858040759/1044090752235508759217629906746978
17 3 8 152258758846484306546778683237429/696060501490339172811753271164652
17 3 9 112401451577396223582653690805931/1044090752235508759217629906746978
17 3 10 46823516973299759921898705814291/522045376117754379608814953373489
17 3 11 193956988836725219775741842831125/2088181504471017518435259813493956
17 4 3 580419427211462229784796727706703/2088181504471017518435259813493956
17 4 9 1507762077259555288650463085787253/2088181504471017518435259813493956
17 5 5 472316667165318744787728627998827/522045376117754379608814953373489
17 5 7 49728708952435634821086325374662/522045376117754379608814953373489
17 6 5 144407993245864425465469205068023/696060501490339172811753271164652
17 6 6 606056846474817822314332999549411/1044090752235508759217629906746978
17 6 9 442843831783788597410186199191065/2088181504471017518435259813493956
17 7 5 1026385551839632563419930748357/49718607249309940915125233654618
17 7 6 174006513124911528360673243170717/348030250745169586405876635582326
17 7 8 83419519378690315050631938586555/174015125372584793202938317791163
17 8 1 251364656977923979299848532170773/696060501490339172811753271164652
17 8 2 444695844512415193511904738993879/696060501490339172811753271164652
17 9 2 236958373382583180040257903639929/348030250745169586405876635582326
17 9 5 111071877362586406365618731942397/348030250745169586405876635582326
17 10 2 23614571188918838193563920323529/348030250745169586405876635582326
17 10 4 1082362625283270855579165491044205/2088181504471017518435259813493956
17 10 5 98840108091728208026873813656487/2088181504471017518435259813493956
17 10 8 382645671981252712833918493426045/1044090752235508759217629906746978
17 11 1 142349952433168758427942040429399/2088181504471017518435259813493956
17 11 3 65321608605749547306299852951179/1044090752235508759217629906746978
17 11 5 32098709530060315626518447429569/298311643495859645490751401927708
17 11 6 397624342028981864002272233788804/522045376117754379608814953373489
17 12 2 4522491184013884533552466313317/149155821747929822745375700963854
17 12 4 219111095519084648997272206825343/298311643495859645490751401927708
17 12 5 70155565608747227426374262475731/298311643495859645490751401927708
17 13 0 331732211127253280314986179611361/1044090752235508759217629906746978
17 13 1 538907019943930760411872750141717/2088181504471017518435259813493956
17 13 2 885810062272580197393414704129517/2088181504471017518435259813493956
17 14 1 469723908406656273639479312296513/2088181504471017518435259813493956
17 14 3 1618457596064361244795780501197443/2088181504471017518435259813493956
17 15 0 24957842018841979308533081604371/54952144854500461011454205618262
17 15 3 29994302835658481702921124013891/54952144854500461011454205618262
17 16 0 1
17 17 0 275575594687054469947941954127/3925153203892890072246728972733
17 17 1 3649577609205835602298787018606/3925153203892890072246728972733
18 0 5 82073616721854032692674631487124/174015125372584793202938317791163
18 0 7 21982462053761645410521233396437/298311643495859645490751401927708
18 0 9 190175936767206985709613102937709/522045376117754379608814953373489
18 0 11 110068808422890342789778840370803/2088181504471017518435259813493956
18 0 12 39324156970359661310642174875885/1044090752235508759217629906746978
18 1 6 65133124223090603966660327727103/174015125372584793202938317791163
18 1 9 108882001149494189236277990064060/174015125372584793202938317791163
18 2 7 24539517786660419303308226149745/54952144854500461011454205618262
18 2 8 30412627067840041708145979468517/54952144854500461011454205618262
18 3 8 170252036998972925131191580658739/348030250745169586405876635582326
18 3 9 177778213746196661274685054923587/348030250745169586405876635582326
18 4 7 1551938067645452300926862178329699/2088181504471017518435259813493956
18 4 10 536243436825565217508397635164257/2088181504471017518435259813493956
18 5 5 49728708952435634821086325374662/522045376117754379608814953373489
18 5 8 472316667165318744787728627998827/522045376117754379608814953373489
18 6 4 825928411048609934646348087085123/2088181504471017518435259813493956
18 6 6 438033905760690936903296907197567/1044090752235508759217629906746978
18 6 7 386185281901025709982317912013699/2088181504471017518435259813493956
18 7 3 1026385551839632563419930748357/49718607249309940915125233654618
18 7 5 48692221697470308351705302906261/49718607249309940915125233654618
18 8 3 115244968430904493361985059424871/174015125372584793202938317791163
18 8 5 130341225360682320602158373854031/2088181504471017518435259813493956
18 8 6 23704254250088652013673997850639/99437214498619881830250467309236
18 8 7 38555659343809792601063385839027/1044090752235508759217629906746978
18 9 4 115997401188967074937344550680665/149155821747929822745375700963854
18 9 5 280970237773056649575416910425315/2088181504471017518435259813493956
18 9 7 61082550017473939912339731179777/696060501490339172811753271164652
18 10 4 177177426688314217281320299726357/2088181504471017518435259813493956
18 10 6 1911004077782703301153939513767599/2088181504471017518435259813493956
18 11 3 70561462716886381488617536051344/174015125372584793202938317791163
18 11 4 103453662655698411714320781739819/174015125372584793202938317791163
18 12 2 59422080521504334102841639867891/696060501490339172811753271164652
18 12 3 570656649974771514300488385119171/696060501490339172811753271164652
18 12 4 32990885497031662204211623088795/348030250745169586405876635582326
18 13 0 1310783095161144856764168155680/74577910873964911372687850481927
18 13 1 1549274484527086758023387063352239/2088181504471017518435259813493956
18 13 3 25309794981955814040167903905911/696060501490339172811753271164652
18 13 5 35522975694462605191831027505412/174015125372584793202938317791163
18 14 1 1035933498752719046172169907837993/2088181504471017518435259813493956
18 14 2 1046473988306201408308315794125395/2088181504471017518435259813493956
18 14 3 481168117674755329564509294214/174015125372584793202938317791163
18 15 1 7760217918614882979792419810340/24859303624654970457562616827309
18 15 2 17099085706040087477770197016969/24859303624654970457562616827309
18 16 1 170696553604016290584296465224258/522045376117754379608814953373489
18 16 2 351348822513738089024518488149231/522045376117754379608814953373489
18 17 0 3649577609205835602298787018606/3925153203892890072246728972733
18 17 1 275575594687054469947941954127/3925153203892890072246728972733
18 18 0 1
