# exact hook decomposition of the 15-box: a s i value
0 0 0 1/15
0 0 1 1/15
0 0 2 1/15
0 0 3 1/15
0 0 4 1/15
0 0 5 1/15
0 0 6 1/15
0 0 7 1/15
0 0 8 1/15
0 0 9 1/15
0 0 10 1/15
0 0 11 1/15
0 0 12 1/15
0 0 13 1/15
0 0 14 1/15
1 0 2 1/5
1 0 5 48748445939488507/271057512954043530
1 0 6 48748445939488507/271057512954043530
1 0 11 4528030665879491/27105751295404353
1 0 12 4528030665879491/27105751295404353
1 0 13 959616838888933/18070500863602902
1 0 14 959616838888933/18070500863602902
1 1 0 1/5
1 1 3 1/5
1 1 5 5463056651320199/271057512954043530
1 1 7 1/5
1 1 9 1/5
1 1 11 4465597966006898/135528756477021765
1 1 13 13272416669158237/90352504318014510
2 0 0 58494316447666861/271057512954043530
2 0 1 27993849014136389/271057512954043530
2 0 2 58494316447666861/271057512954043530
2 0 11 35722526726558909/271057512954043530
2 0 14 1/3
2 1 4 62358655303878121/542115025908087060
2 1 5 54629977591455601/542115025908087060
2 1 7 2882938848726775/9035250431801451
2 1 9 126075031044573419/542115025908087060
2 1 12 126075031044573419/542115025908087060
2 2 0 31858187870347649/271057512954043530
2 2 1 62358655303878121/271057512954043530
2 2 3 27993849014136389/271057512954043530
2 2 4 118346353332150899/542115025908087060
2 2 5 128811295207042/9035250431801451
2 2 6 128811295207042/9035250431801451
2 2 9 54629977591455601/542115025908087060
2 2 10 54629977591455601/542115025908087060
2 2 11 54629977591455601/542115025908087060
3 0 1 1/15
3 0 10 7/15
3 0 13 7/15
3 1 0 83622442562565281/542115025908087060
3 1 1 11005914455207786/135528756477021765
3 1 2 4399864971303793/60235002878676340
3 1 4 31047079342217023/135528756477021765
3 1 7 31047079342217023/271057512954043530
3 1 8 31047079342217023/271057512954043530
3 1 11 7/30
3 2 0 169364569527875347/542115025908087060
3 2 1 394132804681267/27105751295404353
3 2 4 47481440835359477/542115025908087060
3 2 7 95446426703003291/271057512954043530
3 2 12 7/30
3 3 1 3/20
3 3 3 205505571255081151/542115025908087060
3 3 5 32199673680393134/135528756477021765
3 3 11 7/30
4 0 0 1/45
4 0 1 3/5
4 0 3 4/15
4 0 14 1/9
4 1 4 8/45
4 1 8 16/45
4 1 10 16/45
4 1 12 1/9
4 2 0 5691262879512341/90352504318014510
4 2 4 7020212512933513/271057512954043530
4 2 5 19/45
4 2 12 22/45
4 3 0 8029892819241100/27105751295404353
4 3 3 1005357612560351/27105751295404353
4 3 4 8/45
4 3 8 11/45
4 3 10 11/45
4 4 0 59238290653610461/271057512954043530
4 4 2 9704047942259273/18070500863602902
4 4 9 11/45
5 0 1 6126740790747521/54211502590808706
5 0 11 52407161564599003/271057512954043530
5 0 12 67062745542845473/135528756477021765
5 0 14 26945578175007988/135528756477021765
5 1 0 47013911258764499/108423005181617412
5 1 8 1844811030596296/12320796043365615
5 1 10 22751916056168253/60235002878676340
5 1 13 586292771180924/15058750719669085
5 2 0 7630651793835637/30117501439338170
5 2 2 211745936050727/13900385279694540
5 2 3 186012332951541/15058750719669085
5 2 4 27010507937238131/49283184173462460
5 2 5 55474247767647443/542115025908087060
5 2 11 209126863620001/15058750719669085
5 2 12 1979357063948323/36141001727205804
5 3 2 16796079680282935/36141001727205804
5 3 9 99609680868657107/542115025908087060
5 3 10 31267361676763574/135528756477021765
5 3 11 16373675782032908/135528756477021765
5 4 0 25129730416399883/542115025908087060
5 4 1 4171956602055845/27105751295404353
5 4 3 342076771231616401/542115025908087060
5 4 4 4751012886451721/108423005181617412
5 4 6 6155847980608661/49283184173462460
5 5 1 17774922756849239/542115025908087060
5 5 3 48777803781391967/542115025908087060
5 5 4 1967842969773071/24641592086731230
5 5 6 14946181146099893/542115025908087060
5 5 8 60961616359844062/135528756477021765
5 5 9 19275234161040239/60235002878676340
6 0 5 15994963721867309/45176252159007255
6 0 11 59788508570243903/135528756477021765
6 0 12 5551071348235187/27105751295404353
6 1 0 9583335155840156/45176252159007255
6 1 2 250156894795320589/542115025908087060
6 1 12 176958109242684599/542115025908087060
6 2 4 65131219405090217/542115025908087060
6 2 7 86867729875592407/271057512954043530
6 2 9 30348715126381229/135528756477021765
6 2 10 15239083752205277/135528756477021765
6 2 12 24179430247493201/108423005181617412
6 3 0 219676127658354863/542115025908087060
6 3 1 1843125174107239/4106932014455205
6 3 4 423010336208494/45176252159007255
6 3 5 74070251233074721/542115025908087060
6 4 0 135156872925238717/542115025908087060
6 4 1 9295039800119836/45176252159007255
6 4 6 295417675381410311/542115025908087060
6 5 2 455533312622748/3011750143933817
6 5 5 92282728956754991/542115025908087060
6 5 6 27321031916793731/135528756477021765
6 5 8 9316607868344087/60235002878676340
6 5 9 6719334699883297/20850577919541810
6 6 2 137680131386260223/542115025908087060
6 6 4 3529380517781507/90352504318014510
6 6 7 20902544239589407/54211502590808706
6 6 8 11615544601282915/36141001727205804
7 0 0 188469195354906133/271057512954043530
7 0 2 82588317599137397/271057512954043530
7 1 9 34522806910621781/135528756477021765
7 1 11 17966780029459433/108423005181617412
7 1 12 87659282106041297/542115025908087060
7 1 13 113265308006130737/271057512954043530
7 2 1 46944447132402569/180705008636029020
7 2 2 3500836183491976/10425288959770905
7 2 7 14782341376199681/60235002878676340
7 2 8 21549282645874868/135528756477021765
7 3 0 12293175851387095/54211502590808706
7 3 2 6946852230741107/60235002878676340
7 3 3 6525972610044812/45176252159007255
7 3 11 278349925997008403/542115025908087060
7 4 0 320036944578817/4106932014455205
7 4 2 29140574411525/547590935260694
7 4 3 200038254676470659/542115025908087060
7 4 5 20844825067677139/41701155839083620
7 5 1 4038914325123991/20850577919541810
7 5 2 103524070424149801/542115025908087060
7 5 6 4831422215660597/15058750719669085
7 5 8 17738664807436889/60235002878676340
7 6 4 625643046618308/1067155562811195
7 6 6 39002803425783577/135528756477021765
7 6 7 1896587347857008/15058750719669085
7 7 1 296269912057655587/542115025908087060
7 7 5 20861062995161429/54211502590808706
7 7 7 1128317693903551/16427728057820820
8 0 3 25508102463895045/54211502590808706
8 0 4 5331871767842294/27105751295404353
8 0 8 18039656591229073/54211502590808706
8 1 1 91399510592269421/271057512954043530
8 1 3 179658002361774109/271057512954043530
8 2 0 1828037925666250/9035250431801451
8 2 2 6812272619066654/135528756477021765
8 2 9 122030062603702181/180705008636029020
8 2 10 39093472080738901/542115025908087060
8 3 2 23783788573521281/135528756477021765
8 3 9 156804851522100593/542115025908087060
8 3 10 18199844112847886/45176252159007255
8 3 11 71776890737726711/542115025908087060
8 4 0 46893094466709971/271057512954043530
8 4 2 6001638768796753/30117501439338170
8 4 6 13674874593480127/542115025908087060
8 4 8 327340032762377/16427728057820820
8 4 10 78955560865421749/135528756477021765
8 5 1 83865666139602811/108423005181617412
8 5 7 24557339042014601/108423005181617412
8 6 4 2284025822701501/45176252159007255
8 6 5 88264975406832707/271057512954043530
8 6 6 6113693852721911/45176252159007255
8 6 7 132406219494670351/271057512954043530
8 7 1 4089892493315257/180705008636029020
8 7 2 22875497507322883/135528756477021765
8 7 5 52886365808941199/135528756477021765
8 7 7 75599298387694987/180705008636029020
8 8 0 205464282444551863/271057512954043530
8 8 5 65593230509491667/271057512954043530
9 0 1 58352352506571/1158365439974545
9 0 3 10632899263310759/54211502590808706
9 0 6 204238566150952121/271057512954043530
9 1 2 126179673185516167/271057512954043530
9 1 5 15675395187662321/41701155839083620
9 1 8 2621441142052604/45176252159007255
9 1 10 10903649678562661/108423005181617412
9 2 1 58588464811378663/542115025908087060
9 2 5 3912902957653379/36141001727205804
9 2 11 106208254182976928/135528756477021765
9 3 0 38909283351039247/542115025908087060
9 3 1 6591068152718741/16427728057820820
9 3 9 14285024675866468/27105751295404353
9 4 8 114757975976622677/180705008636029020
9 4 10 65947032659406343/180705008636029020
9 5 0 122500246547595511/180705008636029020
9 5 3 58204762088433509/180705008636029020
9 6 1 23326856107061645/36141001727205804
9 6 3 1241747986334487/12047000575735268
9 6 8 4544450830570349/18070500863602902
9 7 4 207327767692189259/542115025908087060
9 7 5 11340922273942577/108423005181617412
9 7 7 7724517967949581/15058750719669085
9 8 1 33373576386813257/542115025908087060
9 8 2 217159843222938971/271057512954043530
9 8 6 24807254358465287/180705008636029020
9 9 0 70067252455771124/135528756477021765
9 9 4 65461504021250641/135528756477021765
10 0 4 10668375753683257/30117501439338170
10 0 7 19449125685654913/30117501439338170
10 1 1 1592385590417763/2737954676303470
10 1 3 7437601600292143/54211502590808706
10 1 8 924492029381137/8213864028910410
10 1 13 45715094531646757/271057512954043530
10 2 1 52523313249529777/135528756477021765
10 2 2 276898308415564241/542115025908087060
10 2 11 6124829388267079/60235002878676340
10 3 2 11/45
10 3 8 34/45
10 4 5 6513692628155483/54211502590808706
10 4 6 12976131861117361/180705008636029020
10 4 9 34/45
10 4 10 5690336893636207/108423005181617412
10 5 5 3743634319086999/30117501439338170
10 5 6 25080129836126063/135528756477021765
10 5 7 159818991216667399/271057512954043530
10 5 8 13692776596670507/135528756477021765
10 6 0 9230480041132501/41701155839083620
10 6 3 12153255489008303/60235002878676340
10 6 6 15636974298614491/27105751295404353
10 7 0 2028154352186333/12320796043365615
10 7 1 116787718185242851/271057512954043530
10 7 3 154046476690407617/542115025908087060
10 7 6 65254321350995089/542115025908087060
10 8 2 3805930513328069/60235002878676340
10 8 3 193919032857414809/542115025908087060
10 8 4 63291783932848633/271057512954043530
10 8 5 65636977079564237/542115025908087060
10 8 6 3688547681377519/16427728057820820
10 9 0 113830317074538173/542115025908087060
10 9 5 428284708833548887/542115025908087060
10 10 0 217947843582931273/271057512954043530
10 10 3 5715652773794731/180705008636029020
10 10 4 89072380420840321/542115025908087060
11 0 10 7/15
11 0 13 37366417820628773/90352504318014510
11 0 14 3607194827437433/30117501439338170
11 1 7 189361738464061/926692351979636
11 1 11 7895518662860051/13900385279694540
11 1 13 1582220269936787/6950192639847270
11 2 0 27852495533425903/542115025908087060
11 2 6 3403436556348989/6023500287867634
11 2 8 6599648793852317/45176252159007255
11 2 10 128757454777024343/542115025908087060
11 3 3 2076461349901777/12047000575735268
11 3 4 59678032580458816/135528756477021765
11 3 6 209962134840671831/542115025908087060
11 4 0 10610064636783646/45176252159007255
11 4 1 24630660657632291/90352504318014510
11 4 2 4864261554865531/41701155839083620
11 4 4 16736009210577071/542115025908087060
11 4 8 5195524358251683/15058750719669085
11 5 0 58204762088433509/180705008636029020
11 5 2 1012384993357553/1895507083594710
11 5 4 15591726308505275/108423005181617412
11 6 0 52765151284940261/180705008636029020
11 6 1 12814145620144159/36141001727205804
11 6 5 15967282312591991/45176252159007255
11 7 2 112653258969698882/135528756477021765
11 7 4 22875497507322883/135528756477021765
11 8 0 65593230509491667/271057512954043530
11 8 4 51880370050026643/135528756477021765
11 8 5 101703542344498577/271057512954043530
11 9 0 46354618731869879/271057512954043530
11 9 1 29342605398868467/60235002878676340
11 9 4 11915337129998821/90352504318014510
11 9 5 113830317074538173/542115025908087060
11 10 0 53109669371112257/271057512954043530
11 10 1 37860573814660193/90352504318014510
11 10 3 4743914642679577/12320796043365615
11 11 0 13044991205834921/542115025908087060
11 11 3 529070034702252139/542115025908087060
12 0 2 9615479242137944/45176252159007255
12 0 4 20730582525773675/54211502590808706
12 0 7 25981626973182137/90352504318014510
12 0 14 3176684395280108/27105751295404353
12 1 4 258965858846812543/542115025908087060
12 1 8 3156205695051817/15058750719669085
12 1 9 3082286582534711/9856636834692492
12 2 2 23833026984347549/271057512954043530
12 2 5 9566277256212316/27105751295404353
12 2 7 2963042691006569/36141001727205804
12 2 10 602978523193583/1263671389063140
12 3 3 7237493516784059/27105751295404353
12 3 4 58119075618966077/542115025908087060
12 3 7 113082026651146601/180705008636029020
12 4 1 99675726159869191/271057512954043530
12 4 2 3618227353765637/108423005181617412
12 4 4 21784579120468387/49283184173462460
12 4 7 1932774238508369/12320796043365615
12 5 2 231943888070341/4268622251244780
12 5 3 159361467930697283/271057512954043530
12 5 9 193935216261759187/542115025908087060
12 6 0 5995984807239631/12320796043365615
12 6 5 46743362417810431/542115025908087060
12 6 8 15436555464782191/36141001727205804
12 7 5 65254321350995089/542115025908087060
12 7 6 476860704557091971/542115025908087060
12 8 1 81672139486322057/135528756477021765
12 8 2 73541964842256497/542115025908087060
12 8 5 28376900624108467/108423005181617412
12 9 0 55306461546724633/542115025908087060
12 9 1 15633362473748147/135528756477021765
12 9 3 83109313825896866/135528756477021765
12 9 4 18367571832556475/108423005181617412
12 10 1 52491930503354317/90352504318014510
12 10 2 29887115302119817/135528756477021765
12 10 3 10761498167948189/54211502590808706
12 11 0 456788031247840531/542115025908087060
12 11 2 85326994660246529/542115025908087060
12 12 0 2900164065159913/12320796043365615
12 12 2 9420631978205702/12320796043365615
13 0 9 14/15
13 0 12 1/15
13 1 5 68194699393595222/135528756477021765
13 1 6 11309489132308/27105751295404353
13 1 7 87844914116953417/542115025908087060
13 1 10 9007752379799519/54211502590808706
13 1 12 18237520127222281/108423005181617412
13 2 3 106860456617469911/180705008636029020
13 2 8 73844552018559109/180705008636029020
13 3 4 143831691326901647/542115025908087060
13 3 6 332152891067415229/542115025908087060
13 3 10 1836956764271394/15058750719669085
13 4 4 261993581940099127/542115025908087060
13 4 6 31594938140787317/135528756477021765
13 4 7 3416482031218637/12047000575735268
13 5 2 18797988663324577/271057512954043530
13 5 5 2674453700753609/3791014167189420
13 5 6 3730303518165427/90352504318014510
13 5 7 33230116088226419/180705008636029020
13 6 2 404434894521826837/542115025908087060
13 6 3 137680131386260223/542115025908087060
13 7 0 10292641691179282/12320796043365615
13 7 3 2028154352186333/12320796043365615
13 8 3 320227431370114459/542115025908087060
13 8 6 221887594537972601/542115025908087060
13 9 2 26424714624850352/45176252159007255
13 9 3 108079322529573641/542115025908087060
13 9 4 23387825576061839/108423005181617412
13 10 2 89072380420840321/542115025908087060
13 10 4 453042645487246739/542115025908087060
13 11 0 2/15
13 11 1 13/15
13 12 0 20450842650617707/135528756477021765
13 12 1 5545073940643001/9035250431801451
13 12 2 2900164065159913/12320796043365615
13 13 0 10245706615716274/15058750719669085
13 13 1 4813044103952811/15058750719669085
14 0 5 108268783819748267/271057512954043530
14 0 8 162788729134295263/271057512954043530
14 1 4 11309489132308/27105751295404353
14 1 6 27094441806272045/27105751295404353
14 2 3 158849514041149073/542115025908087060
14 2 6 7602568604141851/18070500863602902
14 2 8 155188453742682457/542115025908087060
14 3 5 113082026651146601/180705008636029020
14 3 7 67622981984882419/180705008636029020
14 4 2 129088126584557/2134311125622390
14 4 5 68665124582243141/180705008636029020
14 4 7 303331268008880159/542115025908087060
14 5 4 10791380744373157/13900385279694540
14 5 6 3109004535321383/13900385279694540
14 6 3 47835387147140039/108423005181617412
14 6 4 87851882623439771/271057512954043530
14 6 5 127234324925507323/542115025908087060
14 7 3 7662301480037969/13900385279694540
14 7 4 6238083799656571/13900385279694540
14 8 1 36410578315197115/108423005181617412
14 8 3 2330713473379816/45176252159007255
14 8 4 34668329640380537/90352504318014510
14 8 6 11280326800841861/49283184173462460
14 9 1 215498127423278269/542115025908087060
14 9 2 18751537534156903/45176252159007255
14 9 3 20319689614985191/108423005181617412
14 10 2 333494184278767471/542115025908087060
14 10 3 208620841629319589/542115025908087060
14 11 1 2/15
14 11 2 456788031247840531/542115025908087060
14 11 3 13044991205834921/542115025908087060
14 12 0 5545073940643001/9035250431801451
14 12 1 3490176491158450/9035250431801451
14 13 0 4813044103952811/15058750719669085
14 13 1 10245706615716274/15058750719669085
14 14 0 1
