# exact hook decomposition of the 6-box: a s i value
0 0 0 1/6
0 0 1 1/6
0 0 2 1/6
0 0 3 1/6
0 0 4 1/6
0 0 5 1/6
1 0 2 1/2
1 0 3 1/2
1 1 0 1/2
1 1 4 1/2
2 0 4 1/6
2 0 5 5/6
2 1 0 1/3
2 1 1 1/6
2 1 3 1/2
2 2 0 1/2
2 2 1 1/3
2 2 2 1/6
3 0 0 2/5
3 0 1 4/15
3 0 2 1/3
3 1 0 1/10
3 1 1 2/5
3 1 4 1/2
3 2 0 7/60
3 2 2 4/15
3 2 3 37/60
3 3 0 11/20
3 3 1 2/5
3 3 2 1/20
4 0 0 13/30
4 0 4 17/30
4 1 1 13/30
4 1 2 1/5
4 1 3 11/30
4 2 0 23/60
4 2 1 7/30
4 2 3 23/60
4 3 0 19/60
4 3 1 1/5
4 3 2 29/60
4 4 0 11/30
4 4 1 19/30
5 0 1 17/30
5 0 3 1/3
5 0 4 1/10
5 1 0 1/15
5 1 2 4/5
5 1 3 2/15
5 2 1 13/30
5 2 2 17/30
5 3 0 2/15
5 3 1 2/5
5 3 2 7/15
5 4 0 19/30
5 4 1 11/30
5 5 0 1
