# exact hook decomposition of the 21-box: a s i value
0 0 0 1/21
0 0 1 1/21
0 0 2 1/21
0 0 3 1/21
0 0 4 1/21
0 0 5 1/21
0 0 6 1/21
0 0 7 1/21
0 0 8 1/21
0 0 9 1/21
0 0 10 1/21
0 0 11 1/21
0 0 12 1/21
0 0 13 1/21
0 0 14 1/21
0 0 15 1/21
0 0 16 1/21
0 0 17 1/21
0 0 18 1/21
0 0 19 1/21
0 0 20 1/21
1 0 0 1/7
1 0 1 1/7
1 0 2 1/7
1 0 15 1/7
1 0 18 1/7
1 0 19 1/7
1 0 20 1/7
1 1 3 1/7
1 1 5 1/7
1 1 7 1/7
1 1 9 1/7
1 1 11 1/7
1 1 13 1/7
1 1 16 1/7
2 0 1 46260513663520364393561868697885508550913/311103173716544419840601992680214060769718
2 0 4 1/7
2 0 8 35137338040482687016240100219007454019440/155551586858272209920300996340107030384859
2 0 9 1980305004674040560853928075609701798671/311103173716544419840601992680214060769718
2 0 17 11114943629501711979121589318678733909770/51850528952757403306766998780035676794953
2 0 18 3691261220607294996040231172560710267085/155551586858272209920300996340107030384859
2 0 20 5/21
2 1 0 27811670554704497473248129559308315441877/311103173716544419840601992680214060769718
2 1 6 72254981085639414593334128513624609837551/311103173716544419840601992680214060769718
2 1 9 35137338040482687016240100219007454019440/155551586858272209920300996340107030384859
2 1 15 5/21
2 1 18 11114943629501711979121589318678733909770/51850528952757403306766998780035676794953
2 2 0 46260513663520364393561868697885508550913/311103173716544419840601992680214060769718
2 2 2 27811670554704497473248129559308315441877/311103173716544419840601992680214060769718
2 2 3 5/21
2 2 4 1817203132585447273475869743569214155239/311103173716544419840601992680214060769718
2 2 7 1817203132585447273475869743569214155239/311103173716544419840601992680214060769718
2 2 8 632918022876581305721632969863152658985/51850528952757403306766998780035676794953
2 2 11 5/21
2 2 12 5/21
2 2 17 3691261220607294996040231172560710267085/155551586858272209920300996340107030384859
3 0 0 22726936299175021494891054246866790068785/155551586858272209920300996340107030384859
3 0 11 1/3
3 0 14 1/3
3 0 15 14561796326791190905937972266584443363084/155551586858272209920300996340107030384859
3 0 17 14561796326791190905937972266584443363084/155551586858272209920300996340107030384859
3 1 1 922422944115721106853300414999424503425/3988502227135184869751307598464282830381
3 1 2 6850902166930741355402771651808668907407/155551586858272209920300996340107030384859
3 1 7 21412698493721932261340743918393112270491/155551586858272209920300996340107030384859
3 1 15 12429577541988737466943008837817077810623/51850528952757403306766998780035676794953
3 1 17 40777200229802099063062076133365694576727/311103173716544419840601992680214060769718
3 1 19 67272317272478302407837400009587225706307/311103173716544419840601992680214060769718
3 2 1 1221233394788021549191406353466009320106/11965506681405554609253922795392848491143
3 2 2 3008377321771179594695170314416484084657/51850528952757403306766998780035676794953
3 2 4 42825396987443864522681487836786224540982/155551586858272209920300996340107030384859
3 2 5 30437830459035471045426254861642564524462/155551586858272209920300996340107030384859
3 2 6 3008377321771179594695170314416484084657/51850528952757403306766998780035676794953
3 2 16 1892508360191157381769665991158680794970/22221655265467458560042999477158147197837
3 2 17 33800265022130325738595976893536772287011/311103173716544419840601992680214060769718
3 2 18 36428740633036504205696597550484127883599/311103173716544419840601992680214060769718
3 3 0 29123592653582381811875944533168886726168/155551586858272209920300996340107030384859
3 3 5 21412698493721932261340743918393112270491/155551586858272209920300996340107030384859
3 3 9 1/3
3 3 10 1/3
3 3 16 438079268484363077850103442824559266098/51850528952757403306766998780035676794953
4 0 1 59977233896862231957443643268671725249020/155551586858272209920300996340107030384859
4 0 4 5393654090199253342485806255930511150169/44443310530934917120085998954316294395674
4 0 5 14137574717183439885275266031375743959269/155551586858272209920300996340107030384859
4 0 20 125117977857058302757763530288605544301957/311103173716544419840601992680214060769718
4 1 11 95574352961409977962857353071435305135839/311103173716544419840601992680214060769718
4 1 14 33713538357252764060016777068622376431899/311103173716544419840601992680214060769718
4 1 16 11911519498107922909569570143355992413847/51850528952757403306766998780035676794953
4 1 18 55173082704617070180155220840010212359449/155551586858272209920300996340107030384859
4 2 0 3/7
4 2 5 45839659179678792072168377237295981289751/311103173716544419840601992680214060769718
4 2 14 10310135767359535650473429333802154783990/51850528952757403306766998780035676794953
4 2 15 10310135767359535650473429333802154783990/51850528952757403306766998780035676794953
4 2 18 8211953735746448602494466574343338885065/311103173716544419840601992680214060769718
4 3 3 64643945659331371011437065070028840783869/155551586858272209920300996340107030384859
4 3 7 11921176019854849992957964700394528611141/44443310530934917120085998954316294395674
4 3 10 45839659179678792072168377237295981289751/311103173716544419840601992680214060769718
4 3 11 5393654090199253342485806255930511150169/44443310530934917120085998954316294395674
4 3 15 4923937482608054132484362869528373194353/103701057905514806613533997560071353589906
4 4 1 6687731899540143722685355162802716344491/155551586858272209920300996340107030384859
4 4 3 2021020137071004668691933361445600809642/155551586858272209920300996340107030384859
4 4 4 95574352961409977962857353071435305135839/311103173716544419840601992680214060769718
4 4 5 45839659179678792072168377237295981289751/311103173716544419840601992680214060769718
4 4 6 2021020137071004668691933361445600809642/155551586858272209920300996340107030384859
4 4 8 5393654090199253342485806255930511150169/44443310530934917120085998954316294395674
4 4 9 87490272413125959288089619625652901897271/311103173716544419840601992680214060769718
4 4 15 11491883091785305499973777591464229234062/155551586858272209920300996340107030384859
5 0 0 673953507903051664442331778925208360070/7407218421822486186680999825719382399279
5 0 7 7253731903685841181600933815118566627154/155551586858272209920300996340107030384859
5 0 8 11/21
5 0 12 8590357422710745703844844786936076952213/103701057905514806613533997560071353589906
5 0 14 140774386437265991728547856045688895459/155551586858272209920300996340107030384859
5 0 16 79278236256143102368848564096392154960775/311103173716544419840601992680214060769718
5 1 2 20696874972950836840194574968684370192135/155551586858272209920300996340107030384859
5 1 10 18033511364635772792126546575707489708974/51850528952757403306766998780035676794953
5 1 11 4294635195373497517549258278846235988998/155551586858272209920300996340107030384859
5 1 15 35508679696360984171839202539928818537581/155551586858272209920300996340107030384859
5 1 17 140774386437265991728547856045688895459/155551586858272209920300996340107030384859
5 1 19 13603362837747435674203257656493149214588/51850528952757403306766998780035676794953
5 2 1 27955587005954347790952841063724445825361/103701057905514806613533997560071353589906
5 2 2 5861383628249342370693379585380439560755/23931013362811109218507845590785696982286
5 2 5 2680761433762686291806426332777980442585/11965506681405554609253922795392848491143
5 2 17 40669314126805041030881225113433758748305/155551586858272209920300996340107030384859
5 3 2 45367068166951571607578911618511958110053/311103173716544419840601992680214060769718
5 3 3 12566098105443326351244774345761444974595/103701057905514806613533997560071353589906
5 3 7 27378868546140029677111358355790737265147/155551586858272209920300996340107030384859
5 3 12 6567246134812337697378827934712055407784/22221655265467458560042999477158147197837
5 3 17 40669314126805041030881225113433758748305/155551586858272209920300996340107030384859
5 4 0 317805194552575990065817075296266294851/1139572064895767105643230742418366522966
5 4 9 7570024812333431469344142851673147118504/22221655265467458560042999477158147197837
5 4 12 4221069877076541798151675663192206916067/103701057905514806613533997560071353589906
5 4 14 52849399299896754293680452105666340934069/155551586858272209920300996340107030384859
5 5 0 47891939835313280912435999895086963166875/311103173716544419840601992680214060769718
5 5 1 79092044262231652734123472974653075308055/311103173716544419840601992680214060769718
5 5 6 591903419250423901527233335306269263491/3988502227135184869751307598464282830381
5 5 7 1713843364472365057327880512270022392309/22221655265467458560042999477158147197837
5 5 9 9496409651237775922693999373733725520847/51850528952757403306766998780035676794953
5 5 13 9496409651237775922693999373733725520847/51850528952757403306766998780035676794953
6 0 0 29680917735281052908465658477644445052496/51850528952757403306766998780035676794953
6 0 8 31527627755919688663888898212466987574071/155551586858272209920300996340107030384859
6 0 9 9681716500007331530288851722950055424139/51850528952757403306766998780035676794953
6 0 18 5936056396487367940148567525856541380883/155551586858272209920300996340107030384859
6 1 0 1035869468264165957350860328774090861877/22221655265467458560042999477158147197837
6 1 2 96314701464671620473005023615352110061369/311103173716544419840601992680214060769718
6 1 6 29982968998548999568888400987872732871335/311103173716544419840601992680214060769718
6 1 12 2588284583380390627873893456145050941324/22221655265467458560042999477158147197837
6 1 18 9576239037878571971825858220580088042300/22221655265467458560042999477158147197837
6 2 4 1035869468264165957350860328774090861877/22221655265467458560042999477158147197837
6 2 7 67248689983670325835986442565501804918210/155551586858272209920300996340107030384859
6 2 11 2907416101061426649329484867093825683845/51850528952757403306766998780035676794953
6 2 14 25681342649458545067023231543035485354687/155551586858272209920300996340107030384859
6 2 15 23324109822054948683923422664434813513644/155551586858272209920300996340107030384859
6 2 18 23324109822054948683923422664434813513644/155551586858272209920300996340107030384859
6 3 1 29680917735281052908465658477644445052496/51850528952757403306766998780035676794953
6 3 3 11360941250203005127976043750587372107731/51850528952757403306766998780035676794953
6 3 14 1055281227759239728967966488373408003217/51850528952757403306766998780035676794953
6 3 16 9753388739514105541357330063430451631509/51850528952757403306766998780035676794953
6 4 3 28107330001494989612844709349827599673499/311103173716544419840601992680214060769718
6 4 10 67446653150956056172925866726196261826289/155551586858272209920300996340107030384859
6 4 12 7075797528713158143273033198050299542870/51850528952757403306766998780035676794953
6 4 13 105647752240858369022267350689692140186421/311103173716544419840601992680214060769718
6 5 5 28847186332736264253927131008155709364338/155551586858272209920300996340107030384859
6 5 8 33259445952832243145227227190418134913227/311103173716544419840601992680214060769718
6 5 11 20124938029551984305938676406874232312803/155551586858272209920300996340107030384859
6 5 12 2612309208912379699214153886146286703711/23931013362811109218507845590785696982286
6 5 15 24323243220545790580976525023305719225661/51850528952757403306766998780035676794953
6 6 2 96272977502713020380700971853351832319885/311103173716544419840601992680214060769718
6 6 5 67446653150956056172925866726196261826289/155551586858272209920300996340107030384859
6 6 6 79936889911919287114049287374469704797255/311103173716544419840601992680214060769718
7 0 2 65982972207136379284109793175206663788101/155551586858272209920300996340107030384859
7 0 3 347611015719339544875002374295316941619/7977004454270369739502615196928565660762
7 0 9 3294819000707598894543117231494880340333/44443310530934917120085998954316294395674
7 0 17 23752777780710704460075915518636535014674/51850528952757403306766998780035676794953
7 1 0 28007055611110579767077423824799748211703/155551586858272209920300996340107030384859
7 1 4 8497998196144373301974854888574198873503/44443310530934917120085998954316294395674
7 1 8 122126266128622147639069146417111395399213/311103173716544419840601992680214060769718
7 1 19 36738404496345249776777007196741888416289/155551586858272209920300996340107030384859
7 2 1 12142268534118298556593911705710937503485/44443310530934917120085998954316294395674
7 2 2 40762001794019318158244122684778333416640/155551586858272209920300996340107030384859
7 2 7 117919000414101018196914049618702486861/311103173716544419840601992680214060769718
7 2 8 2319497466358085001946618849270335799991/22221655265467458560042999477158147197837
7 2 16 88545624267236836042162395280498699888643/311103173716544419840601992680214060769718
7 2 17 7815594197671188846781464050259575945555/103701057905514806613533997560071353589906
7 3 0 8006645900821857931434190824200310478793/44443310530934917120085998954316294395674
7 3 1 81206561693625336170117765182005413030569/311103173716544419840601992680214060769718
7 3 15 133670928387437749558267599491082772089727/311103173716544419840601992680214060769718
7 3 16 18373668400866841732184596473410133710242/155551586858272209920300996340107030384859
7 3 17 1143941842664881709269366430301144959129/103701057905514806613533997560071353589906
7 4 2 1454434108727198452620360508601912928148/51850528952757403306766998780035676794953
7 4 6 27679735354737494550637427267074900948891/311103173716544419840601992680214060769718
7 4 9 76908634520685144681362113684387211709965/311103173716544419840601992680214060769718
7 4 10 109242574921521753850717893396641770653331/311103173716544419840601992680214060769718
7 4 15 88545624267236836042162395280498699888643/311103173716544419840601992680214060769718
7 5 0 18718802106346726490037211162121556277361/155551586858272209920300996340107030384859
7 5 3 22539107332346415978036061488228458459761/103701057905514806613533997560071353589906
7 5 7 2598206093359706019821928079691025432535/7407218421822486186680999825719382399279
7 5 11 96923591585704066093898406544262504669243/311103173716544419840601992680214060769718
7 6 0 72718315914006967566161389028336689648691/311103173716544419840601992680214060769718
7 6 5 125292961068970519506531588227318967309127/311103173716544419840601992680214060769718
7 6 6 18848649455594488794651502570759733968650/51850528952757403306766998780035676794953
7 7 7 16139139676164690249958871624991385903577/44443310530934917120085998954316294395674
7 7 10 8803546308233691195303668369680016529379/51850528952757403306766998780035676794953
7 7 13 145307918133989440919067881087194260268405/311103173716544419840601992680214060769718
8 0 1 33221743307209968186311014016113374616253/155551586858272209920300996340107030384859
8 0 13 29701749652352211413108406530770979197373/51850528952757403306766998780035676794953
8 0 15 4746370656286515356380680390240102596641/22221655265467458560042999477158147197837
8 1 2 54606475832194812143670588854707218378377/155551586858272209920300996340107030384859
8 1 6 66722100430071595813865410935249785115494/155551586858272209920300996340107030384859
8 1 16 1816545069796356069429345485512665985312/11965506681405554609253922795392848491143
8 1 19 10607924688653173060183505238485369081932/155551586858272209920300996340107030384859
8 2 3 13551418309044679182834976869890809754177/155551586858272209920300996340107030384859
8 2 6 6440174904786225869164396933531479643811/51850528952757403306766998780035676794953
8 2 8 18629545926882369365274140372911523741734/155551586858272209920300996340107030384859
8 2 12 60846718069674376006166041690779320949749/103701057905514806613533997560071353589906
8 2 18 8520013868983279836966417173694184355261/103701057905514806613533997560071353589906
8 3 0 13551418309044679182834976869890809754177/155551586858272209920300996340107030384859
8 3 1 4728327334031078786456317157392588056914/155551586858272209920300996340107030384859
8 3 4 59200612740910669359711586101979715672249/155551586858272209920300996340107030384859
8 3 12 5830855883367148509589508903592112525963/103701057905514806613533997560071353589906
8 3 14 69305272132941402328655869002121038726239/311103173716544419840601992680214060769718
8 3 15 34672308582764358662585918354395228749455/155551586858272209920300996340107030384859
8 4 2 10929072294945968816708280586933927957976/51850528952757403306766998780035676794953
8 4 15 98559052338323152503884105191530770145713/311103173716544419840601992680214060769718
8 4 16 1615051512181818180620529713923952998639/3418716194687301316929692227255099568898
8 5 0 112371294861937585990742020167338691033566/155551586858272209920300996340107030384859
8 5 4 43180291996334623929558976172768339351293/155551586858272209920300996340107030384859
8 6 3 44213400720698094664236454442740662901012/155551586858272209920300996340107030384859
8 6 6 7092871141714085302093553540583492866888/155551586858272209920300996340107030384859
8 6 10 4434274378362601392732523652619227929325/23931013362811109218507845590785696982286
8 6 11 135309982394317870213335142449008647231135/311103173716544419840601992680214060769718
8 6 13 2589180113114728598180671130084523153593/51850528952757403306766998780035676794953
8 7 1 29324214176580406066936555287907846038192/51850528952757403306766998780035676794953
8 7 2 5504145779135649511397366631674356933634/22221655265467458560042999477158147197837
8 7 13 29049923874581445139709764054662993734845/155551586858272209920300996340107030384859
8 8 4 2687640157100841871121445372155551101041/22221655265467458560042999477158147197837
8 8 10 156940767569485973511082905844585991010793/311103173716544419840601992680214060769718
8 8 11 116535443947646660133818851625450354344351/311103173716544419840601992680214060769718
9 0 4 60799687908414789801786021172647508196821/311103173716544419840601992680214060769718
9 0 12 31343613769252898830955815809879291358851/103701057905514806613533997560071353589906
9 0 15 78136322250185466772974262038964339248172/155551586858272209920300996340107030384859
9 1 3 754539211129750412352733576429155170905/22221655265467458560042999477158147197837
9 1 13 7182522503340475329853479863437345527224/51850528952757403306766998780035676794953
9 1 17 189926468693100404374918821568368390434263/311103173716544419840601992680214060769718
9 1 19 22506007015861552571208007287071141593147/103701057905514806613533997560071353589906
9 2 0 712496152683109500447322493520873722747/7407218421822486186680999825719382399279
9 2 3 70036438644865948417168732567595186219768/155551586858272209920300996340107030384859
9 2 6 111344041214542769311734211921914191276419/311103173716544419840601992680214060769718
9 2 14 4251630971368450667963252985033257242627/44443310530934917120085998954316294395674
9 3 3 75951340580333667996137276999347811631809/311103173716544419840601992680214060769718
9 3 13 95495791702317076060065664517152641602207/155551586858272209920300996340107030384859
9 3 15 14720083243858866574777795548853655311165/103701057905514806613533997560071353589906
9 4 2 39878798974788331809368108385726875255485/155551586858272209920300996340107030384859
9 4 3 2609149503968146018770611360569978446872/22221655265467458560042999477158147197837
9 4 5 23566903789920429709923421373691026455511/51850528952757403306766998780035676794953
9 4 8 1056634541419948933957787314696722891566/11965506681405554609253922795392848491143
9 4 11 10302515561467556237697295110938104503233/155551586858272209920300996340107030384859
9 4 15 2669265386018674470619814107321724541146/155551586858272209920300996340107030384859
9 5 13 7897930267429578499104297527067862467474/51850528952757403306766998780035676794953
9 5 14 69539249403210822813004781100493219103623/103701057905514806613533997560071353589906
9 5 15 18365947967444826802320621405442409551335/103701057905514806613533997560071353589906
9 6 0 1030094306057241011947877691758626982386/22221655265467458560042999477158147197837
9 6 1 143954096422179190509641143783823622729787/311103173716544419840601992680214060769718
9 6 2 58494166025803094649217420402214233709905/311103173716544419840601992680214060769718
9 6 10 60721299825041168298003893447798447269799/311103173716544419840601992680214060769718
9 6 11 859289516890245954268442240045050751457/7977004454270369739502615196928565660762
9 7 0 100992110551521240321448290545533210186607/311103173716544419840601992680214060769718
9 7 4 210111063165023179519153702134680850583111/311103173716544419840601992680214060769718
9 8 0 1004925174405979244135921785533928829771/11965506681405554609253922795392848491143
9 8 1 30064901044046095595499561139766675136365/311103173716544419840601992680214060769718
9 8 2 113297697641184117807136811475791850596353/311103173716544419840601992680214060769718
9 8 12 70806260248379373045215826820386692731477/155551586858272209920300996340107030384859
9 9 0 110007976245685801238837903995423697303171/311103173716544419840601992680214060769718
9 9 1 53727651281514594494368644226873116653225/155551586858272209920300996340107030384859
9 9 3 18358440147818360227676422124810476452379/311103173716544419840601992680214060769718
9 9 8 9672590029572413083748320741201860238586/51850528952757403306766998780035676794953
9 9 11 1231851041612613634490032404215892305443/22221655265467458560042999477158147197837
10 0 17 3542537962976198774248702657605448381798/22221655265467458560042999477158147197837
10 0 19 17/21
10 0 20 4831107946456553326983080699639390924530/155551586858272209920300996340107030384859
10 1 0 65773128169005121819188879679631014846213/311103173716544419840601992680214060769718
10 1 2 16826655435906672896353699371487145250837/103701057905514806613533997560071353589906
10 1 5 50850677618613860756330211360755533865731/103701057905514806613533997560071353589906
10 1 14 42298046383977697063361380803855008573801/311103173716544419840601992680214060769718
10 2 1 3496791420126427262323080017733081944605/11965506681405554609253922795392848491143
10 2 17 3704625528079368695219582930531359471715/44443310530934917120085998954316294395674
10 2 18 194254218096701730153664831705434413907983/311103173716544419840601992680214060769718
10 3 0 169706630485537292331140814104692494457477/311103173716544419840601992680214060769718
10 3 8 141396543231007127509461178575521566312241/311103173716544419840601992680214060769718
10 4 5 18372664934502858084697742059292806001807/103701057905514806613533997560071353589906
10 4 12 85328392971011948528836255500778547588099/103701057905514806613533997560071353589906
10 5 1 2792272187611946419254426510377423139521/103701057905514806613533997560071353589906
10 5 2 60350067253989159127699927837679162953109/311103173716544419840601992680214060769718
10 5 10 194254218096701730153664831705434413907983/311103173716544419840601992680214060769718
10 5 12 352302455356985301775310369379349323758/7407218421822486186680999825719382399279
10 5 14 33325368678024308626910918092035542892227/311103173716544419840601992680214060769718
10 6 0 37811707531001002845136149447945275733014/155551586858272209920300996340107030384859
10 6 8 24093863621875884221654935553877229790660/51850528952757403306766998780035676794953
10 6 14 3496791420126427262323080017733081944605/11965506681405554609253922795392848491143
10 7 2 62682722593829832943470438407127928814293/103701057905514806613533997560071353589906
10 7 4 13086712793666755591998358911036243547669/44443310530934917120085998954316294395674
10 7 5 15177853575745157653631245967135835040211/311103173716544419840601992680214060769718
10 7 13 5423387601214158070856973038146911484315/103701057905514806613533997560071353589906
10 8 1 11322835188591057792682908546825309386903/51850528952757403306766998780035676794953
10 8 4 4306155243141430244156431063373411915385/103701057905514806613533997560071353589906
10 8 5 88255292481449105663886886452933206126893/311103173716544419840601992680214060769718
10 8 8 25143448754281987001211200781429115713517/311103173716544419840601992680214060769718
10 8 10 116848955619842689686937160974779646861735/311103173716544419840601992680214060769718
10 9 4 103288859215726419982072093556420060094940/155551586858272209920300996340107030384859
10 9 6 37275454617932496311787890085462319143967/155551586858272209920300996340107030384859
10 9 7 14987273024613293626441012698224651145952/155551586858272209920300996340107030384859
10 10 1 13016606821645000531192050287906464937299/51850528952757403306766998780035676794953
10 10 2 12224972373345743193429651506689675621219/311103173716544419840601992680214060769718
10 10 7 31539794344761239065717148492297942217815/44443310530934917120085998954316294395674
11 0 5 133890726170580659319088126610882654522758/155551586858272209920300996340107030384859
11 0 13 1104803249200654532694195583401287562415/11965506681405554609253922795392848491143
11 0 14 1121014184509366836964849252646374567162/51850528952757403306766998780035676794953
11 0 20 3935375894554941165293779387068513849220/155551586858272209920300996340107030384859
11 1 1 3066079283019463762898007183464858326956/3988502227135184869751307598464282830381
11 1 14 922422944115721106853300414999424503425/3988502227135184869751307598464282830381
11 2 4 19345728455675412080381756420230844248780/51850528952757403306766998780035676794953
11 2 5 1565853241075735747065085954021799954450/22221655265467458560042999477158147197837
11 2 15 86553428803715823449700125401261897957369/155551586858272209920300996340107030384859
11 3 2 25514324843806372745119267702510540979509/155551586858272209920300996340107030384859
11 3 13 31473169507873017732548255194601759649241/103701057905514806613533997560071353589906
11 3 14 22641986244937918326064778661322507934571/103701057905514806613533997560071353589906
11 3 16 17624486890398232732446172826490751077662/155551586858272209920300996340107030384859
11 3 17 10413347164950400118272001675739778983990/51850528952757403306766998780035676794953
11 4 0 122078105036043898887399819167087289972343/311103173716544419840601992680214060769718
11 4 4 16379726768906940782761946413140583001567/103701057905514806613533997560071353589906
11 4 15 2278004765604201698889721638347921028213/7407218421822486186680999825719382399279
11 4 16 22104844109201613625774012731546169303864/155551586858272209920300996340107030384859
11 5 6 90430438286138759098141962779070327748987/311103173716544419840601992680214060769718
11 5 8 207327611047350581624962229885467711135297/311103173716544419840601992680214060769718
11 5 14 953223170218219936964128572548287277531/22221655265467458560042999477158147197837
11 6 3 27219086882121171437667038783588374185445/51850528952757403306766998780035676794953
11 6 10 1182014981186061127138989823024393647907/155551586858272209920300996340107030384859
11 6 12 72712311230722634480160890166317514180617/155551586858272209920300996340107030384859
11 7 0 19408071317699944160245858239768217471997/51850528952757403306766998780035676794953
11 7 9 75212011649516535222872735904166349691655/311103173716544419840601992680214060769718
11 7 11 119442734160828219656254107337438406246081/311103173716544419840601992680214060769718
11 8 3 65429437478433692916464960933291428185883/155551586858272209920300996340107030384859
11 8 4 2191288589334947666703741910999762251085/14814436843644972373361999651438764798558
11 8 6 134227238383643133006893490682636197125167/311103173716544419840601992680214060769718
11 9 0 14600787780227257248350146196770713651787/44443310530934917120085998954316294395674
11 9 4 7423330950983269868571214924202478624325/311103173716544419840601992680214060769718
11 9 7 44638917634563480598045069866498666834295/155551586858272209920300996340107030384859
11 9 10 56098246517421694018744807322809626457147/155551586858272209920300996340107030384859
11 10 2 6816071605434143363563457120946987695507/44443310530934917120085998954316294395674
11 10 7 12406382690628854000033131714053865581481/103701057905514806613533997560071353589906
11 10 10 113085762203309427147779198845711775078363/155551586858272209920300996340107030384859
11 11 1 3906840897242930426203131987416640033241/11965506681405554609253922795392848491143
11 11 2 2836712402664442046098696421182645036699/311103173716544419840601992680214060769718
11 11 3 1108539313196189288771281843213773544819/7407218421822486186680999825719382399279
11 11 7 75864690781560875970750104313018155759519/311103173716544419840601992680214060769718
11 11 8 42132628024881480307038961429101065113418/155551586858272209920300996340107030384859
12 0 2 941201290927179434610890652419787298738/22221655265467458560042999477158147197837
12 0 4 10889260755964783880212187811452090051306/51850528952757403306766998780035676794953
12 0 18 8945799657991354018260630641447096087675/11965506681405554609253922795392848491143
12 1 0 10500149372493951257935577942059854427996/22221655265467458560042999477158147197837
12 1 4 22381993185624265958441805791372111348207/311103173716544419840601992680214060769718
12 1 15 61601133295237451851898096433615389461757/311103173716544419840601992680214060769718
12 1 17 1907570381446842486170571411104490427805/7407218421822486186680999825719382399279
12 2 0 101587890047528705067994582391502972676409/311103173716544419840601992680214060769718
12 2 13 20698513327562376822317613796306863717647/155551586858272209920300996340107030384859
12 2 14 8005631286375760053712961080766540983715/14814436843644972373361999651438764798558
12 3 1 258260152216598925951908460722844803969/103701057905514806613533997560071353589906
12 3 5 134138888364550277658960252421713918114368/155551586858272209920300996340107030384859
12 3 14 42050616530794067744825762454617690129075/311103173716544419840601992680214060769718
12 4 4 26152716983509232569327009889764341333229/103701057905514806613533997560071353589906
12 4 5 34372048496917237627399930511446751370740/155551586858272209920300996340107030384859
12 4 6 18205439052875078667870746060225782834289/44443310530934917120085998954316294395674
12 4 7 6077142067009449367120979927741175698088/51850528952757403306766998780035676794953
12 5 1 4129160961377854399619742115367670201685/11965506681405554609253922795392848491143
12 5 2 5003501812006153917366181164507098200867/11965506681405554609253922795392848491143
12 5 6 1669449427755673292826720260603716690879/44443310530934917120085998954316294395674
12 5 10 6152863168437926892002014308221226786025/311103173716544419840601992680214060769718
12 5 14 9302488740972093942863155211837139780198/51850528952757403306766998780035676794953
12 6 0 23060810054891956690764499012358828979467/311103173716544419840601992680214060769718
12 6 11 71140450081753478705398801434724217115880/155551586858272209920300996340107030384859
12 6 13 145761463498145505739039890798406797558491/311103173716544419840601992680214060769718
12 7 3 6104435813847163492247309408955904295093/14814436843644972373361999651438764798558
12 7 6 16023512923104168534338840327778176931293/51850528952757403306766998780035676794953
12 7 13 28922981362376325099125151041823669661669/103701057905514806613533997560071353589906
12 8 7 55789783027752687931548270328939287486919/155551586858272209920300996340107030384859
12 8 9 13714409160759973908519028320377689649963/51850528952757403306766998780035676794953
12 8 12 8374082335462800037599377292862096278293/22221655265467458560042999477158147197837
12 9 3 13373375838562521518462892617095751465753/44443310530934917120085998954316294395674
12 9 4 146204656050031723483188901404262198700/155551586858272209920300996340107030384859
12 9 7 16009881418013196954317474268006438497860/155551586858272209920300996340107030384859
12 9 8 7874997803832018769382818924416086578509/103701057905514806613533997560071353589906
12 9 9 1358347303210611720970582161035402980509/7977004454270369739502615196928565660762
12 9 10 108576832461770398429759256968093423140949/311103173716544419840601992680214060769718
12 10 1 27073630919160870902182216110859419463793/103701057905514806613533997560071353589906
12 10 2 125505165858455090329982229483404571882667/311103173716544419840601992680214060769718
12 10 4 52188557550303358402036557432115615247836/155551586858272209920300996340107030384859
12 11 0 49355064886894164982096409346634678158065/155551586858272209920300996340107030384859
12 11 1 5667495277708727974739371897137489987485/51850528952757403306766998780035676794953
12 11 4 538096893211287857400933457707665900155/155551586858272209920300996340107030384859
12 11 5 3652351394188337600962606542758556548509/103701057905514806613533997560071353589906
12 11 9 55451608102505377836761085353476254360947/103701057905514806613533997560071353589906
12 12 3 74277069065198112683808122689112434753363/155551586858272209920300996340107030384859
12 12 4 32554904587801496547552314663989274400977/103701057905514806613533997560071353589906
12 12 6 1558876379122621107418963687191769158913/103701057905514806613533997560071353589906
12 12 7 30103846342687920754035956124223030291661/155551586858272209920300996340107030384859
13 0 2 53351331927355629847190969295084325908476/155551586858272209920300996340107030384859
13 0 4 14659099211061043977782367040264229169941/51850528952757403306766998780035676794953
13 0 7 58222957297733448139762925924230016966560/155551586858272209920300996340107030384859
13 1 14 81571299667143856191333201218890782248434/155551586858272209920300996340107030384859
13 1 16 73980287191128353728967795121216248136425/155551586858272209920300996340107030384859
13 2 1 1397991983719829819443531564134841991911/22221655265467458560042999477158147197837
13 2 3 4989662542178450198127469682003446059217/22221655265467458560042999477158147197837
13 2 4 31019544439773482545520188046283353324519/103701057905514806613533997560071353589906
13 2 7 220653945451673668537103605964243282909/44443310530934917120085998954316294395674
13 2 9 125693585792319152907572392554993622419457/311103173716544419840601992680214060769718
13 2 16 1379213624167183370715293298684642680549/311103173716544419840601992680214060769718
13 3 2 55826843658745378840184345513414006690335/103701057905514806613533997560071353589906
13 3 7 16439780709792758662200240087695956090474/155551586858272209920300996340107030384859
13 3 15 540171054771177921267869024452689512797/3418716194687301316929692227255099568898
13 3 17 10264585889424262526712065789897563808873/51850528952757403306766998780035676794953
13 4 0 51132125283823637832617055978623036151526/155551586858272209920300996340107030384859
13 4 3 40095707548062837034264177605644986500520/155551586858272209920300996340107030384859
13 4 11 8723710163175731954253762261636016179785/311103173716544419840601992680214060769718
13 4 16 39974599296531912717528587750013999761947/103701057905514806613533997560071353589906
13 5 4 19611497141193643482063972564655693219389/103701057905514806613533997560071353589906
13 5 7 3995057098571575835382887508694991873170/155551586858272209920300996340107030384859
13 5 11 695008756673663032562815828398562972605/51850528952757403306766998780035676794953
13 5 12 79485219118259603504971939977661329970270/155551586858272209920300996340107030384859
13 5 13 81138077319259152518323525043142959589041/311103173716544419840601992680214060769718
13 6 0 39458621716647726363528508274898497413691/155551586858272209920300996340107030384859
13 6 8 67132382981681221437868138229930234267077/155551586858272209920300996340107030384859
13 6 13 16320194053314420706301449945092766234697/51850528952757403306766998780035676794953
13 7 3 8710001029797808881114690242482860503465/14814436843644972373361999651438764798558
13 7 6 6104435813847163492247309408955904295093/14814436843644972373361999651438764798558
13 8 4 28938912100749668233046597278599031303322/155551586858272209920300996340107030384859
13 8 7 4790107059051218642089025122505703987848/11965506681405554609253922795392848491143
13 8 8 15228185908749607006268703179503211930306/51850528952757403306766998780035676794953
13 8 10 18656725263607878321290962930424211448595/155551586858272209920300996340107030384859
13 9 0 23973846523870844026033257540445779506823/103701057905514806613533997560071353589906
13 9 2 71381464186024923651675923979349958137271/311103173716544419840601992680214060769718
13 9 11 83900084979453482055413148039763382055989/155551586858272209920300996340107030384859
13 10 0 3766327210406640861804694601550416510517/7977004454270369739502615196928565660762
13 10 1 7406937379315167753689573580982970292315/103701057905514806613533997560071353589906
13 10 9 23665933395456653828191697079466484330435/51850528952757403306766998780035676794953
13 11 1 12510815581660897066712224361352567376253/22221655265467458560042999477158147197837
13 11 3 4091384601367889465431631029734570455703/103701057905514806613533997560071353589906
13 11 8 123677601769188192510335958532074406135067/311103173716544419840601992680214060769718
13 12 1 46368700524239071993724134143536551183445/155551586858272209920300996340107030384859
13 12 5 5245211137182127408770354275284351749073/51850528952757403306766998780035676794953
13 12 6 49910382967503960189981456156062802281587/155551586858272209920300996340107030384859
13 12 7 36395428316599614363479149909416740035207/311103173716544419840601992680214060769718
13 12 8 50678311593365976657089536519892503310009/311103173716544419840601992680214060769718
13 13 1 90308275676660430426076418602000905162935/311103173716544419840601992680214060769718
13 13 2 9070855960240322369027181913181003255973/51850528952757403306766998780035676794953
13 13 3 5864506814975834144424704958379476984060/51850528952757403306766998780035676794953
13 13 5 131182721388587050333814252848850274166585/311103173716544419840601992680214060769718
14 0 3 21748608250757323478239607725481379634463/23931013362811109218507845590785696982286
14 0 7 2182405112053785740268237865304317347823/23931013362811109218507845590785696982286
14 1 4 20172354161682484002596153869096269842191/51850528952757403306766998780035676794953
14 1 9 48444380094233774048245455531602948848948/155551586858272209920300996340107030384859
14 1 12 46590144278990983864267079201215272009338/155551586858272209920300996340107030384859
14 2 10 18938234524363709313090743247026197357873/103701057905514806613533997560071353589906
14 2 13 7274283084914600499504115528858476848157/103701057905514806613533997560071353589906
14 2 16 93263024178689215761535785802369931838371/311103173716544419840601992680214060769718
14 2 17 139202596710020274641281630550190106313257/311103173716544419840601992680214060769718
14 3 2 7871154147623994370371918186073166771607/51850528952757403306766998780035676794953
14 3 10 6810180862367830252263770581835764133363/103701057905514806613533997560071353589906
14 3 11 2498229286376524714820314898881213482719/11965506681405554609253922795392848491143
14 3 12 137971100515929410572503044163589279699289/311103173716544419840601992680214060769718
14 3 17 6753440713662984950624656713961156248334/51850528952757403306766998780035676794953
14 4 1 77279229582154935007606558488946270546216/155551586858272209920300996340107030384859
14 4 14 78272357276117274912694437851160759838643/155551586858272209920300996340107030384859
14 5 2 120662059350395258861381354565350344594067/311103173716544419840601992680214060769718
14 5 4 924876962843119617739120202968337509163/311103173716544419840601992680214060769718
14 5 5 5806116122863920794320648597666108454978/51850528952757403306766998780035676794953
14 5 6 77339770333061258297778813162949363968310/155551586858272209920300996340107030384859
14 6 2 3869090739764443308652513342538759263021/311103173716544419840601992680214060769718
14 6 6 23531224330176072807019235616536620812256/155551586858272209920300996340107030384859
14 6 9 49886743785743624431060563071659500187468/155551586858272209920300996340107030384859
14 6 13 51885465219824018274669375430743526881487/311103173716544419840601992680214060769718
14 6 14 18085446920852760630186751088423255437627/51850528952757403306766998780035676794953
14 7 1 22526314776176997239830443492127830756761/51850528952757403306766998780035676794953
14 7 9 20486197388979175478002859233518001625504/51850528952757403306766998780035676794953
14 7 10 679847445200094660687207388799218800976/3988502227135184869751307598464282830381
14 8 0 9916200112485717441171812406997625472187/22221655265467458560042999477158147197837
14 8 4 15703534429937707499372816297655330838181/51850528952757403306766998780035676794953
14 8 11 39027582781059065333979860598157659565007/155551586858272209920300996340107030384859
14 9 0 691490857375776558595212632975846907271/7977004454270369739502615196928565660762
14 9 2 5074230799679765729948171346099945443879/11965506681405554609253922795392848491143
14 9 8 11109226895378930662270215731773947080779/51850528952757403306766998780035676794953
14 9 9 41073107985687971798958192197532452219797/155551586858272209920300996340107030384859
14 9 10 1134484047855232501732855403282954307009/103701057905514806613533997560071353589906
14 10 0 4210677243863728877697920595378149150245/7977004454270369739502615196928565660762
14 10 3 3766327210406640861804694601550416510517/7977004454270369739502615196928565660762
14 11 1 61486763120550329485531427603422785500/51850528952757403306766998780035676794953
14 11 2 15902126940031987826434618044333523567216/51850528952757403306766998780035676794953
14 11 6 130211965375825046975244948340784386394119/311103173716544419840601992680214060769718
14 11 8 85109526121804143929836147507807996259303/311103173716544419840601992680214060769718
14 12 4 71146153317713310065981682896082079188929/103701057905514806613533997560071353589906
14 12 6 32554904587801496547552314663989274400977/103701057905514806613533997560071353589906
14 13 2 15258915528967347248986224801398175863651/155551586858272209920300996340107030384859
14 13 7 140292671329304862671314771538708854521208/155551586858272209920300996340107030384859
14 14 0 2371602641489605777039533816379799435820/7407218421822486186680999825719382399279
14 14 1 23255566677601507232731503899240686135364/51850528952757403306766998780035676794953
14 14 5 11993743784728655634758758166136394608849/51850528952757403306766998780035676794953
15 0 6 11507005706930159253202067527926890604892/155551586858272209920300996340107030384859
15 0 14 30930007514575651308076634040122386197894/51850528952757403306766998780035676794953
15 0 16 5183601586967062826747023694490933741487/23931013362811109218507845590785696982286
15 0 20 900571707298932736872480650134457018801/7977004454270369739502615196928565660762
15 1 5 38035943443255973483841786547877054925617/103701057905514806613533997560071353589906
15 1 6 16320941341629595053200883858733561371056/155551586858272209920300996340107030384859
15 1 8 84383954057961215500483610646075015402385/311103173716544419840601992680214060769718
15 1 11 48452264442378415879856558394064663691701/311103173716544419840601992680214060769718
15 1 13 10505747401059225967444898759658698052223/103701057905514806613533997560071353589906
15 2 2 53759624237966378831840330627452229848402/155551586858272209920300996340107030384859
15 2 6 21896289395921292694540761722166334660413/51850528952757403306766998780035676794953
15 2 7 5157584918934564714976911506593685222174/22221655265467458560042999477158147197837
15 3 10 29861340230447780042519552714912155391831/103701057905514806613533997560071353589906
15 3 12 816641790553087640718292701536918817738/3988502227135184869751307598464282830381
15 3 16 52607031120686747912338834605199308936887/103701057905514806613533997560071353589906
15 4 1 23861541792192377063336360896119347831384/51850528952757403306766998780035676794953
15 4 13 59537131199436898016365807268469057278560/155551586858272209920300996340107030384859
15 4 14 24429830282258180713926106383279929612147/155551586858272209920300996340107030384859
15 5 0 1031039944662513966607530126206602980989/311103173716544419840601992680214060769718
15 5 3 81161950573168390635497936071842895130145/103701057905514806613533997560071353589906
15 5 4 33293141026188366983750327169239386199147/155551586858272209920300996340107030384859
15 6 3 652195457397349099370723375418269532229/3988502227135184869751307598464282830381
15 6 12 74279006385705221425302081854487319835815/155551586858272209920300996340107030384859
15 6 14 55836957634070373619540702844307198792113/155551586858272209920300996340107030384859
15 7 0 16724020011182132122136029676852684891513/155551586858272209920300996340107030384859
15 7 5 71545232190072444459167139735984685255301/155551586858272209920300996340107030384859
15 7 11 67282334657017633338997826927269660238045/155551586858272209920300996340107030384859
15 8 2 197805476075360302033465181204422210173365/311103173716544419840601992680214060769718
15 8 4 1065080124204362241873699986780679895713/103701057905514806613533997560071353589906
15 8 5 28924478372632278928868327288039241749276/155551586858272209920300996340107030384859
15 8 12 8708916753884412203963176156561887901777/51850528952757403306766998780035676794953
15 9 2 35930569579615195736757871234088507030531/103701057905514806613533997560071353589906
15 9 7 75933546809783124746848020905970011241233/311103173716544419840601992680214060769718
15 9 9 2889394435110769429666128801094714760246/22221655265467458560042999477158147197837
15 9 10 2069676097056307996860822734682202899844/7407218421822486186680999825719382399279
15 10 1 24788306403268038418702735389885843068627/155551586858272209920300996340107030384859
15 10 3 18488830249503819115506770467000231955399/311103173716544419840601992680214060769718
15 10 6 158106081350578958342646156444651632064073/311103173716544419840601992680214060769718
15 10 10 42465824654962782772521797494395255306496/155551586858272209920300996340107030384859
15 11 0 59431143425599398484345346231980258679330/155551586858272209920300996340107030384859
15 11 2 7688518143809249444467088838834919632256/51850528952757403306766998780035676794953
15 11 4 1361428593461839874790030563458727930645/311103173716544419840601992680214060769718
15 11 9 48249449803009428776772912206595099228959/103701057905514806613533997560071353589906
15 12 1 96603121001975455871551062157862800618529/311103173716544419840601992680214060769718
15 12 7 214500052714568963969050930522351260151189/311103173716544419840601992680214060769718
15 13 4 140292671329304862671314771538708854521208/155551586858272209920300996340107030384859
15 13 7 15258915528967347248986224801398175863651/155551586858272209920300996340107030384859
15 14 0 81616679029705449156493870219717040602745/311103173716544419840601992680214060769718
15 14 1 169898557591328348485247290880251135011211/311103173716544419840601992680214060769718
15 14 3 109135415925843630400844013883234221897/569786032447883552821615371209183261483
15 15 0 112144748152531559619078918515506089014939/155551586858272209920300996340107030384859
15 15 3 43406838705740650301222077824600941369920/155551586858272209920300996340107030384859
16 0 7 3589116644020918981557335111040071137385/51850528952757403306766998780035676794953
16 0 10 20840021431407786905835151160471989590080/155551586858272209920300996340107030384859
16 0 11 49132375501709401894453779394514326197097/155551586858272209920300996340107030384859
16 0 16 24937279997697421391780020150666833728509/51850528952757403306766998780035676794953
16 1 3 128048157114896498473788861827944796990687/155551586858272209920300996340107030384859
16 1 7 27503429743375711446512134512162233394172/155551586858272209920300996340107030384859
16 2 6 11690082767129461578465806937614079160013/311103173716544419840601992680214060769718
16 2 8 91399530269358159064562529604913734265789/311103173716544419840601992680214060769718
16 2 13 104006780340028399598786828068843123671958/155551586858272209920300996340107030384859
16 3 9 98176975650099641825278770223991087912209/311103173716544419840601992680214060769718
16 3 13 25692081788291214522825898062103498617581/311103173716544419840601992680214060769718
16 3 14 125489638951439756415118226309267360091389/311103173716544419840601992680214060769718
16 3 17 8820639618101972439625585440693159164077/44443310530934917120085998954316294395674
16 4 4 87931489497885921821477770700063982629491/311103173716544419840601992680214060769718
16 4 7 78102195862773972187545928074485155838209/155551586858272209920300996340107030384859
16 4 10 22322430831036851214677455277059922154603/103701057905514806613533997560071353589906
16 5 5 51122019699416194475416691589065200684677/103701057905514806613533997560071353589906
16 5 7 2281574037679332764936538557988553718549/7977004454270369739502615196928565660762
16 5 15 11459287858133643096971152358577477282046/51850528952757403306766998780035676794953
16 6 1 167149077294365229330960848896390438039931/311103173716544419840601992680214060769718
16 6 3 4245302652713986067605213905288733170581/155551586858272209920300996340107030384859
16 6 4 6450642434131010398782415046345055066125/14814436843644972373361999651438764798558
16 7 4 4692560497926975588729889084139752676462/155551586858272209920300996340107030384859
16 7 12 150859026360345234331571107255967277708397/155551586858272209920300996340107030384859
16 8 1 213101261540951977489004980259495529311935/311103173716544419840601992680214060769718
16 8 5 98001912175592442351597012420718531457783/311103173716544419840601992680214060769718
16 9 5 96809715022008246560920212840362937558113/311103173716544419840601992680214060769718
16 9 8 54262426251780100352114105689703652372667/103701057905514806613533997560071353589906
16 9 11 25753089969597936111669731385370083046802/155551586858272209920300996340107030384859
16 10 1 39992607542355111924214425548738207870173/155551586858272209920300996340107030384859
16 10 8 31005192644014849560360665689661245121132/155551586858272209920300996340107030384859
16 10 9 28184595557300749478575301700569192464518/51850528952757403306766998780035676794953
16 11 0 46765378545778646453859240761492093547464/155551586858272209920300996340107030384859
16 11 5 16780444632236883029716990734171142151190/51850528952757403306766998780035676794953
16 11 6 49419479527888352984114801485036746309569/155551586858272209920300996340107030384859
16 11 8 9025394887894561393175981891064764074256/155551586858272209920300996340107030384859
16 12 2 199609769373725531700875183516669174239103/311103173716544419840601992680214060769718
16 12 5 40016061751013517803876744064175314375347/311103173716544419840601992680214060769718
16 12 6 5105524470843240738275004649954969439662/22221655265467458560042999477158147197837
16 13 0 26194810199390605374824903646161826822189/51850528952757403306766998780035676794953
16 13 2 25655718753366797931942095133873849972764/51850528952757403306766998780035676794953
16 14 2 4233142290971869402201479189791966351723/311103173716544419840601992680214060769718
16 14 6 306870031425572550438400513490422094417995/311103173716544419840601992680214060769718
16 15 0 29086407745612321474946423702542513739819/155551586858272209920300996340107030384859
16 15 1 14320430960128328826275654122058427630101/155551586858272209920300996340107030384859
16 15 3 112144748152531559619078918515506089014939/155551586858272209920300996340107030384859
16 16 0 90001991030579260107192618846219531422357/155551586858272209920300996340107030384859
16 16 2 65549595827692949813108377493887498962502/155551586858272209920300996340107030384859
17 0 5 8928272975817271481277220933019192581/11965506681405554609253922795392848491143
17 0 9 106577199931614112731425566997500549622662/155551586858272209920300996340107030384859
17 0 13 14892225746594860189756744779285990694022/51850528952757403306766998780035676794953
17 0 17 4181642138187892090348591132619259176578/155551586858272209920300996340107030384859
17 1 11 44610328097863867012492067265635859169708/155551586858272209920300996340107030384859
17 1 13 64015828654129657613020139422099199684677/103701057905514806613533997560071353589906
17 1 15 29835031558427712976557439882644743376271/311103173716544419840601992680214060769718
17 2 8 146174078927148844183908720620513661866677/311103173716544419840601992680214060769718
17 2 9 4237849087285290782438643383543460916651/51850528952757403306766998780035676794953
17 2 13 13289912375539688499960254121112885148679/103701057905514806613533997560071353589906
17 2 15 702078139543944325488436203476374026756/7407218421822486186680999825719382399279
17 2 16 35072490639109551895833164424546634416673/155551586858272209920300996340107030384859
17 3 1 20789835243260405934460958467694133449219/155551586858272209920300996340107030384859
17 3 4 96350974117361540560589410238127314712610/155551586858272209920300996340107030384859
17 3 8 8424553880798845526650535758656065710527/103701057905514806613533997560071353589906
17 3 10 1321740855202666417193580717759050443961/7977004454270369739502615196928565660762
17 4 2 78522268672464376302946964667772632471002/155551586858272209920300996340107030384859
17 4 11 77029318185807833617354031672334397913857/155551586858272209920300996340107030384859
17 5 1 58138063947826356729300972587434645399645/155551586858272209920300996340107030384859
17 5 4 49198469642537193975026174049631596250754/155551586858272209920300996340107030384859
17 5 10 2295954917519459962665421414430513749260/7407218421822486186680999825719382399279
17 6 2 152466939448263861502031087082109235476907/311103173716544419840601992680214060769718
17 6 5 16972302115220595996072890333500856602671/103701057905514806613533997560071353589906
17 6 10 45299394719465031160338092979498931373972/155551586858272209920300996340107030384859
17 6 12 407631868659254953087524967585818874687/7407218421822486186680999825719382399279
17 7 0 20071531745486416771135497780788725322701/103701057905514806613533997560071353589906
17 7 2 45996965027155827850627544615389277255963/311103173716544419840601992680214060769718
17 7 10 22292403545462302976764622303693449758585/51850528952757403306766998780035676794953
17 7 11 19031923413893644502117410496078778015849/103701057905514806613533997560071353589906
17 7 12 4692560497926975588729889084139752676462/155551586858272209920300996340107030384859
17 7 13 1552100314206879710722737081260689864557/103701057905514806613533997560071353589906
17 8 8 194590609509764790801778572821765673474365/311103173716544419840601992680214060769718
17 8 11 116512564206779629038823419858448387295353/311103173716544419840601992680214060769718
17 9 3 45837900067879609997474016890993545375309/155551586858272209920300996340107030384859
17 9 7 83897482752381352736146858108784536572271/311103173716544419840601992680214060769718
17 9 9 45176630276134615703169033596480811148943/103701057905514806613533997560071353589906
17 10 3 21670611469558541122929967952414632030373/103701057905514806613533997560071353589906
17 10 4 4408981764717083418186592610402943893171/51850528952757403306766998780035676794953
17 10 5 137630542744291501605760952908620079380457/311103173716544419840601992680214060769718
17 10 6 14450720371972804988224511079982776719273/155551586858272209920300996340107030384859
17 10 7 26552732615664592190241279045983434250285/155551586858272209920300996340107030384859
17 11 2 76018683254796580818680575401375636286061/311103173716544419840601992680214060769718
17 11 3 35499564129688891501822053165951289000097/103701057905514806613533997560071353589906
17 11 7 9184699862334368894032518412927468391669/22221655265467458560042999477158147197837
17 12 0 1
17 13 1 9089433834791479595082307457320313524807/44443310530934917120085998954316294395674
17 13 2 31193953329957105648300749348995207326379/311103173716544419840601992680214060769718
17 13 6 108141591771523478513362545564988329384845/155551586858272209920300996340107030384859
17 14 0 129879183744275528048447702172545443862533/311103173716544419840601992680214060769718
17 14 4 55014155311450138057006510126997890700794/155551586858272209920300996340107030384859
17 14 5 23731893116456205226047090084557611835199/103701057905514806613533997560071353589906
17 15 1 3228617415610565599181780413874042157611/311103173716544419840601992680214060769718
17 15 4 24672265155026487752192163186518617181875/155551586858272209920300996340107030384859
17 15 5 258530025990880878737035885893302784248357/311103173716544419840601992680214060769718
17 16 0 8654168415147417432606899802615543674588/155551586858272209920300996340107030384859
17 16 1 146897418443124792487694096537491486710271/155551586858272209920300996340107030384859
17 17 2 9297368520411984107022683669490357777036/51850528952757403306766998780035676794953
17 17 3 42553160432345419199744315110545319017917/51850528952757403306766998780035676794953
18 0 1 19186958270299765666082810807003293294027/311103173716544419840601992680214060769718
18 0 7 38476464049745380103893723544960525479241/103701057905514806613533997560071353589906
18 0 12 88243411648504256931419005619164595518984/155551586858272209920300996340107030384859
18 1 4 18033511364635772792126546575707489708974/51850528952757403306766998780035676794953
18 1 10 33817017588121630514640452204328187085979/51850528952757403306766998780035676794953
18 2 10 169592375086340993260379997170297270649679/311103173716544419840601992680214060769718
18 2 11 55117792652323774525237564968285401860405/155551586858272209920300996340107030384859
18 2 16 10425071108518625843248955191115328799743/103701057905514806613533997560071353589906
18 3 6 208393633639360003857873161517788932167841/311103173716544419840601992680214060769718
18 3 9 41286289176610600261824740967570414802135/155551586858272209920300996340107030384859
18 3 16 6712320574654405153026449742428099665869/103701057905514806613533997560071353589906
18 4 3 12479561176094438658388961719094276016899/23931013362811109218507845590785696982286
18 4 11 4463408525036033035424461634171761894561/22221655265467458560042999477158147197837
18 4 13 86381159076812254785603027453583806026177/311103173716544419840601992680214060769718
18 5 9 5545922057274228526275355472129416709596/11965506681405554609253922795392848491143
18 5 13 17942722412183020113069812318894510464393/44443310530934917120085998954316294395674
18 5 15 13770047780711112455318021390862551023157/103701057905514806613533997560071353589906
18 6 0 23181034483773331499538250754605109047373/155551586858272209920300996340107030384859
18 6 4 8363794409513961974579584605093709732433/14814436843644972373361999651438764798558
18 6 6 56826196127277883740418111566945724802275/311103173716544419840601992680214060769718
18 6 8 16137613010963335817468051448545106745802/155551586858272209920300996340107030384859
18 7 7 163817790914097755590259683533915785362403/311103173716544419840601992680214060769718
18 7 8 17155702534646916250315103885679287041138/155551586858272209920300996340107030384859
18 7 9 16139139676164690249958871624991385903577/44443310530934917120085998954316294395674
18 8 0 24358052934531485886110442093060859097509/51850528952757403306766998780035676794953
18 8 3 48978921897558595278278950445682533249087/155551586858272209920300996340107030384859
18 8 5 33498506157119156983690719615241919843245/155551586858272209920300996340107030384859
18 9 6 118276132240339713608513106254644711240892/155551586858272209920300996340107030384859
18 9 11 37275454617932496311787890085462319143967/155551586858272209920300996340107030384859
18 10 2 31328095175507693213554192596260640726227/155551586858272209920300996340107030384859
18 10 5 173472630972252918234841039771593981389261/311103173716544419840601992680214060769718
18 10 8 24991450797758705059550855905366265976001/103701057905514806613533997560071353589906
18 11 2 831172852280655271298855574515195837639/51850528952757403306766998780035676794953
18 11 5 66487817246852702953137409548970512739017/103701057905514806613533997560071353589906
18 11 7 35550894954100793117798876862070449175611/103701057905514806613533997560071353589906
18 12 2 50678311593365976657089536519892503310009/311103173716544419840601992680214060769718
18 12 8 260424862123178443183512456160321557459709/311103173716544419840601992680214060769718
18 13 0 25655718753366797931942095133873849972764/51850528952757403306766998780035676794953
18 13 1 26194810199390605374824903646161826822189/51850528952757403306766998780035676794953
18 14 2 6072720054499787675689116217962504969473/23931013362811109218507845590785696982286
18 14 3 17858293308311321542818729372823192012813/23931013362811109218507845590785696982286
18 15 1 6946464901458931138883366233994116318991/23931013362811109218507845590785696982286
18 15 2 2791144421597595209187322510720284453017/11965506681405554609253922795392848491143
18 15 4 3800753206052329220416611445117003919087/7977004454270369739502615196928565660762
18 16 0 1073939590297899973357226457522621132692/22221655265467458560042999477158147197837
18 16 2 90001991030579260107192618846219531422357/155551586858272209920300996340107030384859
18 16 4 58032018695607649999607792291229151033658/155551586858272209920300996340107030384859
18 17 0 26170906028077844588879515420703599929243/51850528952757403306766998780035676794953
18 17 2 16382254404267574610864799689841719088674/51850528952757403306766998780035676794953
18 17 3 9297368520411984107022683669490357777036/51850528952757403306766998780035676794953
18 18 0 2/21
18 18 1 19/21
19 0 6 45545787576506521493472642995486919126896/51850528952757403306766998780035676794953
19 0 11 6304741376250881813294355784548757668057/51850528952757403306766998780035676794953
19 1 8 2490308417380025159548791324214944046860/7407218421822486186680999825719382399279
19 1 11 12411659597673189908859715585716803614546/155551586858272209920300996340107030384859
19 1 12 90843450495618491660916662945876401786253/155551586858272209920300996340107030384859
19 2 5 112766110965904541631702817711100259561533/311103173716544419840601992680214060769718
19 2 7 33639968377652866062506612473987079400133/103701057905514806613533997560071353589906
19 2 10 14308774109461616688695156065490096360035/103701057905514806613533997560071353589906
19 2 12 7784405041328061422184838478668896275383/44443310530934917120085998954316294395674
19 3 6 102709540077184415982728831162425128601877/311103173716544419840601992680214060769718
19 3 11 208393633639360003857873161517788932167841/311103173716544419840601992680214060769718
19 4 6 75971662358769682638742738134333739180760/155551586858272209920300996340107030384859
19 4 7 8459709256352841375913161211771192493198/22221655265467458560042999477158147197837
19 4 9 20361959705032637650166129723374943751713/155551586858272209920300996340107030384859
19 5 5 65206045215639783140573764310710389257143/311103173716544419840601992680214060769718
19 5 6 4069291034230183388995580798564992847830/155551586858272209920300996340107030384859
19 5 8 7419959563234557659622957431811972629583/103701057905514806613533997560071353589906
19 5 10 2377664319264574060497907876746140434465/51850528952757403306766998780035676794953
19 5 11 32618889729327419504623223508467974412759/103701057905514806613533997560071353589906
19 5 12 34458670879723631355437025563685667361033/103701057905514806613533997560071353589906
19 6 7 105664843072528585489240433268447530197391/155551586858272209920300996340107030384859
19 6 10 49886743785743624431060563071659500187468/155551586858272209920300996340107030384859
19 7 7 17155702534646916250315103885679287041138/155551586858272209920300996340107030384859
19 7 8 138395884323625293669985892454427743343721/155551586858272209920300996340107030384859
19 8 3 13714409160759973908519028320377689649963/51850528952757403306766998780035676794953
19 8 9 38136119791997429398247970459657987144990/51850528952757403306766998780035676794953
19 9 1 101823935576757615425932352113233913731634/155551586858272209920300996340107030384859
19 9 3 53727651281514594494368644226873116653225/155551586858272209920300996340107030384859
19 10 2 63004343895689196345137526650969617944829/311103173716544419840601992680214060769718
19 10 4 12330065630936102992372728740741945037573/51850528952757403306766998780035676794953
19 10 8 174118436035238605541228093584792772599451/311103173716544419840601992680214060769718
19 11 3 24295279394855687801741183779696332253320/51850528952757403306766998780035676794953
19 11 4 27555249557901715505025815000339344541633/51850528952757403306766998780035676794953
19 12 1 40587550555363606660534220745092719261433/103701057905514806613533997560071353589906
19 12 2 30407546374726455741318636321826191610303/155551586858272209920300996340107030384859
19 12 3 7004746693233993247422067506623674337939/23931013362811109218507845590785696982286
19 12 6 18731861144479388079937590107587876685803/155551586858272209920300996340107030384859
19 13 3 9416462312885873822088204893753358326930/22221655265467458560042999477158147197837
19 13 5 12805192952581584737954794583404788870907/22221655265467458560042999477158147197837
19 14 1 1671216059607027958965678404518808946323/311103173716544419840601992680214060769718
19 14 2 4191124715277511787859927928031385286129/14814436843644972373361999651438764798558
19 14 3 1489032585614355198853667634866667649799/23931013362811109218507845590785696982286
19 14 4 9960913691115762331790165304751552468183/103701057905514806613533997560071353589906
19 14 5 7997382459943041445424198734748707505287/14814436843644972373361999651438764798558
19 14 6 4233142290971869402201479189791966351723/311103173716544419840601992680214060769718
19 15 0 14320430960128328826275654122058427630101/155551586858272209920300996340107030384859
19 15 1 1465073528107951642781715470451323362540/7407218421822486186680999825719382399279
19 15 2 9137801253273274557947117990436112366650/51850528952757403306766998780035676794953
19 15 4 113529268370450604739969819947613673561575/311103173716544419840601992680214060769718
19 15 5 52573147725663541103566106786911276521361/311103173716544419840601992680214060769718
19 16 0 2351326203831439646047661547076838445670/7407218421822486186680999825719382399279
19 16 1 8654168415147417432606899802615543674588/155551586858272209920300996340107030384859
19 16 4 97519568162664559920693204048877879351201/155551586858272209920300996340107030384859
19 17 0 25679622924679558717887483359332076865710/51850528952757403306766998780035676794953
19 17 1 26170906028077844588879515420703599929243/51850528952757403306766998780035676794953
19 18 2 1
19 19 0 20/21
19 19 1 1/21
20 0 10 127304347005041936827784845353915658395500/155551586858272209920300996340107030384859
20 0 11 28247239853230273092516150986191371989359/155551586858272209920300996340107030384859
20 1 6 21389570044476811972123436795375012543866/155551586858272209920300996340107030384859
20 1 7 84413803355707107652405118432393537522359/155551586858272209920300996340107030384859
20 1 9 49748213458088290295772441112338480318634/155551586858272209920300996340107030384859
20 2 9 159982493400513522238397739823959672850355/311103173716544419840601992680214060769718
20 2 10 41769772728727448574864297572367908966315/311103173716544419840601992680214060769718
20 2 11 54675453793651724513669977641943239476524/155551586858272209920300996340107030384859
20 3 7 46672547688564964403757680963492991260163/103701057905514806613533997560071353589906
20 3 8 72216484421570377875594603414362148662948/155551586858272209920300996340107030384859
20 3 9 26652561807708770878139742961010789663333/311103173716544419840601992680214060769718
20 4 8 245875097008230974160298878706585687537819/311103173716544419840601992680214060769718
20 4 11 65228076708313445680303113973628373231899/311103173716544419840601992680214060769718
20 5 7 81013209026186526702199907382467100341171/311103173716544419840601992680214060769718
20 5 8 48256238026657922091543663308892296832445/311103173716544419840601992680214060769718
20 5 9 54965371159993911310639377081223436597570/155551586858272209920300996340107030384859
20 5 11 2765499397835082631753064147169530400037/11965506681405554609253922795392848491143
20 6 7 49886743785743624431060563071659500187468/155551586858272209920300996340107030384859
20 6 9 105664843072528585489240433268447530197391/155551586858272209920300996340107030384859
20 7 5 50944951920218124422878822413702951739635/103701057905514806613533997560071353589906
20 7 6 28922981362376325099125151041823669661669/103701057905514806613533997560071353589906
20 7 10 11916562311460178545765012052272366094301/51850528952757403306766998780035676794953
20 8 4 59246414257935773723702691845449015013335/311103173716544419840601992680214060769718
20 8 6 176875935332901286833708501997577863644551/311103173716544419840601992680214060769718
20 8 7 12496804020951226547198466472864530351972/51850528952757403306766998780035676794953
20 9 4 96809715022008246560920212840362937558113/311103173716544419840601992680214060769718
20 9 5 214293458694536173279681779839851123211605/311103173716544419840601992680214060769718
20 10 3 80715747852505983745922228895503688813037/311103173716544419840601992680214060769718
20 10 4 53145887121009292286586474854556748344791/155551586858272209920300996340107030384859
20 10 6 124095651622019851521506814075596875267099/311103173716544419840601992680214060769718
20 11 2 2040877867675048612443317764560808219626/7407218421822486186680999825719382399279
20 11 4 143334053989249711220855205199303933788965/311103173716544419840601992680214060769718
20 11 6 82052249284942666897127441369356181756461/311103173716544419840601992680214060769718
20 12 3 10212475510586611750928409959411632124255/44443310530934917120085998954316294395674
20 12 5 34230835020348305369157588994904662271419/44443310530934917120085998954316294395674
20 13 2 41031941047009897888513131446093382343615/311103173716544419840601992680214060769718
20 13 3 72042830223143590732409447208695091144169/155551586858272209920300996340107030384859
20 13 4 15258915528967347248986224801398175863651/155551586858272209920300996340107030384859
20 13 5 215916997271727725140205221232247470145/103701057905514806613533997560071353589906
20 13 6 47409995086748731406938450775118701000014/155551586858272209920300996340107030384859
20 14 2 139911051696247563109383516168250438806137/311103173716544419840601992680214060769718
20 14 4 171192122020296856731218476511963621963581/311103173716544419840601992680214060769718
20 15 1 63698281240588561393276546610672034989171/155551586858272209920300996340107030384859
20 15 2 91853305617683648527024449729434995395688/155551586858272209920300996340107030384859
20 16 3 1
20 17 1 25679622924679558717887483359332076865710/51850528952757403306766998780035676794953
20 17 2 26170906028077844588879515420703599929243/51850528952757403306766998780035676794953
20 18 0 19/21
20 18 1 2/21
20 19 0 1/21
20 19 1 20/21
20 20 0 1
