# exact hook decomposition of the 14-box: a s i value
0 0 0 1/14
0 0 1 1/14
0 0 2 1/14
0 0 3 1/14
0 0 4 1/14
0 0 5 1/14
0 0 6 1/14
0 0 7 1/14
0 0 8 1/14
0 0 9 1/14
0 0 10 1/14
0 0 11 1/14
0 0 12 1/14
0 0 13 1/14
1 0 2 3/14
1 0 5 3/14
1 0 6 3/14
1 0 9 1/14
1 0 10 1/14
1 0 11 3/14
1 1 0 3/14
1 1 3 3/14
1 1 7 3/14
1 1 9 1/7
1 1 12 3/14
2 0 0 7541687526547/21657689595696
2 0 1 3160400803/11719529002
2 0 11 538272676883/21657689595696
2 0 12 403261167/3609614932616
2 0 13 5/14
2 1 2 3160400803/11719529002
2 1 5 1701266842603/43315379191392
2 1 6 1701266842603/43315379191392
2 1 8 8270742251201/43315379191392
2 1 9 6383532494831/43315379191392
2 1 11 2262954898711/7219229865232
2 2 0 193201614773/21657689595696
2 2 1 3588008442/41018351507
2 2 2 1701266842603/21657689595696
2 2 4 6033622298717/21657689595696
2 2 5 13768511440037/43315379191392
2 2 8 1028433718777/6187911313056
2 2 9 25484485519/1353605599731
2 2 10 314534959395/7219229865232
3 0 0 1/2
3 0 1 2316235500541/21657689595696
3 0 10 1/3
3 0 13 1293379432075/21657689595696
3 1 1 1/3
3 1 4 1/3
3 1 6 1293379432075/21657689595696
3 1 7 1975283477719/7219229865232
3 2 1 1293379432075/21657689595696
3 2 2 1/6
3 2 5 1/6
3 2 8 1/6
3 2 11 9535465365773/21657689595696
3 3 3 9535465365773/21657689595696
3 3 8 1293379432075/21657689595696
3 3 9 1/2
4 0 0 248597063291/3093955656528
4 0 1 6011769764905/43315379191392
4 0 2 384502624841/2707211199462
4 0 7 3569290711059/14438459730464
4 0 12 4240834102445/10828844797848
4 1 0 963928904285/7219229865232
4 1 2 388986289291/5414422398924
4 1 6 686134512079/3093955656528
4 1 10 497563135117/1546977828264
4 1 12 2720566124743/10828844797848
4 2 0 2322708574621/5414422398924
4 2 3 3091713824303/5414422398924
4 3 1 4312789134603/14438459730464
4 3 6 2720566124743/10828844797848
4 3 7 298017267491/1968880872336
4 3 8 4312789134603/14438459730464
4 4 1 388986289291/5414422398924
4 4 4 4969077834981/14438459730464
4 4 6 1226242206779/7219229865232
4 4 7 975465721667/43315379191392
4 4 9 4240834102445/10828844797848
5 0 3 4600609263235/14438459730464
5 0 7 9837850467229/14438459730464
5 1 0 245569042617/1031318552176
5 1 3 245569042617/1031318552176
5 1 9 5540927922547/14438459730464
5 1 11 2021598614641/14438459730464
5 2 3 12260595427/257829638044
5 2 6 12003489325/1312587248224
5 2 9 1246057539187/3609614932616
5 2 10 1160590505275/3609614932616
5 2 11 363021438739/1312587248224
5 3 2 1332238841253/1804807466308
5 3 3 2619334870151/14438459730464
5 3 7 1161214130289/14438459730464
5 4 0 3953268738649/7219229865232
5 4 2 12260595427/257829638044
5 4 7 172719738209/7219229865232
5 4 8 4680543438195/14438459730464
5 4 9 819345994641/14438459730464
5 5 1 3953268738649/7219229865232
5 5 8 3265961126583/7219229865232
6 0 1 5965447133663/14438459730464
6 0 8 2352992443727/21657689595696
6 0 13 1883004809359/3937761744672
6 1 2 2645686028331/7219229865232
6 1 8 6660055702771/21657689595696
6 1 9 1765143951983/5414422398924
6 2 0 4057884560813/7219229865232
6 2 4 13154073613931/43315379191392
6 2 10 528545292053/3937761744672
6 3 0 608659727059/10828844797848
6 3 1 3472513319731/7219229865232
6 3 3 1497914165225/10828844797848
6 3 10 2342333950645/7219229865232
6 4 5 2130026752243/7219229865232
6 4 7 3277454721901/5414422398924
6 4 8 2157790451363/21657689595696
6 5 0 6719738630875/21657689595696
6 5 1 496667405163/14438459730464
6 5 3 2653501965957/7219229865232
6 5 7 1500879053573/6187911313056
6 5 8 244841817925/5414422398924
6 6 4 6232270002547/43315379191392
6 6 5 1750223219957/5414422398924
6 6 6 612052845142/1353605599731
6 6 7 3495632384645/43315379191392
7 0 3 835164252619/10828844797848
7 0 4 137091108471/257829638044
7 0 5 4235853989447/10828844797848
7 1 3 1850376184981/43315379191392
7 1 4 1842520100609/14438459730464
7 1 10 3376366371677/43315379191392
7 1 11 9409828610071/43315379191392
7 1 12 5787811930709/10828844797848
7 2 8 4128159042103/6187911313056
7 2 9 1043283846501/7219229865232
7 2 10 8158562817665/43315379191392
7 3 0 533954686191/656293624112
7 3 1 1936874714861/43315379191392
7 3 4 1752607905693/14438459730464
7 3 8 62833676489/3093955656528
7 4 0 3314761801415/43315379191392
7 4 1 2019400409377/6187911313056
7 4 2 669260783403/1804807466308
7 4 5 233394183873/1031318552176
7 5 6 2999019058813/6187911313056
7 5 7 1422423924337/10828844797848
7 5 8 16632550082353/43315379191392
7 6 0 7853563757899/43315379191392
7 6 1 361150681755/515659276088
7 6 7 465923469643/3937761744672
7 7 2 1264461501927/1804807466308
7 7 3 5977292363857/43315379191392
7 7 4 5490631904629/43315379191392
7 7 6 750189438329/21657689595696
8 0 2 3463101198565/10828844797848
8 0 9 1811299200825/7219229865232
8 0 10 1054057329043/6187911313056
8 0 12 11216777888881/43315379191392
8 1 0 747334958591/1804807466308
8 1 4 169474899425/2062637104352
8 1 7 7273455765761/14438459730464
8 2 1 13253090457637/43315379191392
8 2 7 741564489679/1804807466308
8 2 11 12264740981459/43315379191392
8 3 4 618063386257/2062637104352
8 3 9 15170503409483/43315379191392
8 3 10 947846541907/2707211199462
8 4 0 16281004958083/43315379191392
8 4 1 15856564316597/43315379191392
8 4 2 7967962503023/43315379191392
8 4 9 458549630527/6187911313056
8 5 0 18380202196709/43315379191392
8 5 5 14801506759745/43315379191392
8 5 6 5066835117469/21657689595696
8 6 2 10258959621231/14438459730464
8 6 6 4179500109233/14438459730464
8 7 3 7625896713709/21657689595696
8 7 4 3053236334329/21657689595696
8 7 6 784182610547/1546977828264
8 8 1 925258730093/7219229865232
8 8 3 8030787425307/14438459730464
8 8 4 4557154844971/14438459730464
9 0 2 946747377911/10828844797848
9 0 4 1467604429213/5414422398924
9 0 9 344377770917/1312587248224
9 0 10 978261406153/14438459730464
9 0 12 4012156700733/14438459730464
9 0 13 1451833485125/43315379191392
9 1 1 3045108809821/43315379191392
9 1 10 8669081678813/14438459730464
9 1 11 3565756336283/10828844797848
9 2 1 7895530984951/14438459730464
9 2 2 17402359264343/43315379191392
9 2 9 79515249007/1546977828264
9 3 2 472568625055/1804807466308
9 3 3 3464929062831/14438459730464
9 3 7 7545879407683/21657689595696
9 3 9 6487186186213/43315379191392
9 4 3 8847461409089/21657689595696
9 4 4 2964620826373/6187911313056
9 4 5 172005470055/1804807466308
9 4 6 739979307283/43315379191392
9 5 6 4062858514921/14438459730464
9 5 7 1083269826687/1804807466308
9 5 8 1709442602047/14438459730464
9 6 0 35461815433493/43315379191392
9 6 2 7853563757899/43315379191392
9 7 1 25050920125381/43315379191392
9 7 2 3751868184501/14438459730464
9 7 3 1752213628127/10828844797848
9 8 5 1
9 9 0 23323342040539/43315379191392
9 9 1 7002535583977/43315379191392
9 9 2 683314095917/7219229865232
9 9 4 251873321/1227273168
10 0 2 20307159835/123055054521
10 0 4 340580117377/2707211199462
10 0 9 66411025508/1353605599731
10 0 11 54153076203/82036703014
10 1 2 6324265669595/21657689595696
10 1 4 18185959920727/43315379191392
10 1 5 2850565161043/14438459730464
10 1 6 178599656743/1968880872336
10 2 6 20336377355957/43315379191392
10 2 9 859134499451/3937761744672
10 2 10 322107674797/1031318552176
10 3 1 237658036073/1353605599731
10 3 6 3602415203341/7219229865232
10 3 10 7047915408505/21657689595696
10 4 1 2552780423707/10828844797848
10 4 8 24958167974081/43315379191392
10 4 9 246851197651/1312587248224
10 5 0 11495699732933/43315379191392
10 5 1 250983625705/1031318552176
10 5 2 18246652128035/43315379191392
10 5 5 1515857525407/21657689595696
10 6 1 154508594333/515659276088
10 6 4 361150681755/515659276088
10 7 0 9939500762245/14438459730464
10 7 5 4498958968219/14438459730464
10 8 0 9839261728525/21657689595696
10 8 1 11818427867171/21657689595696
10 9 2 2448160459813/3937761744672
10 9 3 3247375391719/10828844797848
10 9 4 1132037522191/14438459730464
10 10 0 284310236455/3093955656528
10 10 3 2809645420073/3093955656528
11 0 5 3499035151873/10828844797848
11 0 8 7329809645975/10828844797848
11 1 1 8610603550369/14438459730464
11 1 5 16224530687839/43315379191392
11 1 8 57228993293/1968880872336
11 2 3 1032618035327/2707211199462
11 2 5 2454702140969/6187911313056
11 2 9 9610575639377/43315379191392
11 3 0 2819865497275/21657689595696
11 3 6 5409311736187/21657689595696
11 3 7 3701396294763/14438459730464
11 3 8 15752835840179/43315379191392
11 4 2 17225377854961/43315379191392
11 4 4 820676094701/5414422398924
11 4 7 3493262358653/21657689595696
11 4 9 379941450349/1312587248224
11 5 1 976652606123/7219229865232
11 5 4 314791232311/451201866577
11 5 5 1205917542133/7219229865232
11 6 3 238191351473/2062637104352
11 6 4 4731698384201/43315379191392
11 6 6 11191187819149/43315379191392
11 6 7 1066213076529/2062637104352
11 7 0 4498958968219/14438459730464
11 7 1 18264459066011/43315379191392
11 7 2 570899530547/14438459730464
11 7 6 894667693553/3937761744672
11 8 3 4557154844971/14438459730464
11 8 4 9881304885493/14438459730464
11 9 1 3247375391719/10828844797848
11 9 3 7581469406129/10828844797848
11 10 0 265909742515/328146812056
11 10 1 62237069541/328146812056
11 11 0 2417755169851/6187911313056
11 11 2 3770156143205/6187911313056
12 0 3 23078938734683/43315379191392
12 0 8 1032700010585/7219229865232
12 0 9 1824293345267/6187911313056
12 0 11 635093488165/21657689595696
12 1 3 1988112386083/3937761744672
12 1 5 16837886177821/43315379191392
12 1 6 768042794443/7219229865232
12 2 2 15291256376611/43315379191392
12 2 5 1695991328041/43315379191392
12 2 6 407441936695/1968880872336
12 2 7 2894068146575/7219229865232
12 3 4 2089852030243/3609614932616
12 3 7 252836043431/1546977828264
12 3 8 1394718201551/5414422398924
12 4 6 35217946643435/43315379191392
12 4 7 8097432547957/43315379191392
12 5 1 81168410841/2062637104352
12 5 3 4565727899275/7219229865232
12 5 4 136410634266/451201866577
12 5 7 373684759515/14438459730464
12 6 4 83948064051/1804807466308
12 6 5 28996511620603/43315379191392
12 6 7 12304114033565/43315379191392
12 7 3 1740167157161/21657689595696
12 7 5 9939500762245/14438459730464
12 7 6 10016542590335/43315379191392
12 8 0 11818427867171/21657689595696
12 8 1 3531742769123/10828844797848
12 8 2 287538404209/3093955656528
12 8 3 47687960051/1353605599731
12 9 0 19992037150853/43315379191392
12 9 1 23323342040539/43315379191392
12 10 0 1103784001343/21657689595696
12 10 2 20553905594353/21657689595696
12 11 0 4383499989045/7219229865232
12 11 1 90093068165/43315379191392
12 11 2 2417755169851/6187911313056
12 12 0 5211430591049/43315379191392
12 12 1 38103948600343/43315379191392
13 0 6 5/7
13 0 10 2/7
13 1 4 534808783483/14438459730464
13 1 6 6961340366843/14438459730464
13 1 7 120481352737/14438459730464
13 1 8 6821829227401/14438459730464
13 2 4 6031353660009/14438459730464
13 2 5 164225312919/2062637104352
13 2 6 1134930340035/3609614932616
13 2 7 194129108563/1031318552176
13 3 5 1
13 4 3 12810228186607/21657689595696
13 4 4 545195572115/21657689595696
13 4 5 1383710972829/3609614932616
13 5 2 25068727063357/43315379191392
13 5 5 18246652128035/43315379191392
13 6 2 585617071225/5414422398924
13 6 3 1824445752879/2062637104352
13 6 5 317081811133/43315379191392
13 7 3 3865701524429/14438459730464
13 7 4 10572758206035/14438459730464
13 8 2 2806417252319/3093955656528
13 8 3 287538404209/3093955656528
13 9 2 12285729557947/43315379191392
13 9 4 31029649633445/43315379191392
13 10 0 2194136219/46878116008
13 10 1 265909742515/328146812056
13 10 2 1103784001343/21657689595696
13 10 3 284310236455/3093955656528
13 11 0 90093068165/43315379191392
13 11 1 43225286123227/43315379191392
13 12 0 38103948600343/43315379191392
13 12 1 5211430591049/43315379191392
13 13 0 1
