# exact hook decomposition of the 20-box: a s i value
0 0 0 1/20
0 0 1 1/20
0 0 2 1/20
0 0 3 1/20
0 0 4 1/20
0 0 5 1/20
0 0 6 1/20
0 0 7 1/20
0 0 8 1/20
0 0 9 1/20
0 0 10 1/20
0 0 11 1/20
0 0 12 1/20
0 0 13 1/20
0 0 14 1/20
0 0 15 1/20
0 0 16 1/20
0 0 17 1/20
0 0 18 1/20
0 0 19 1/20
1 0 0 3/20
1 0 3 3431408795444546009418303139415651/37374351665927977483001311841071530
1 0 5 4349487908889301226063787273490157/74748703331855954966002623682143060
1 0 6 3/20
1 0 9 3/20
1 0 10 3/20
1 0 11 3/20
1 0 12 1/20
1 0 15 1/20
1 1 1 3/20
1 1 3 4349487908889301226063787273490157/74748703331855954966002623682143060
1 1 4 3431408795444546009418303139415651/37374351665927977483001311841071530
1 1 7 3/20
1 1 12 1/10
1 1 13 1/20
1 1 14 1/10
1 1 16 3/20
1 1 18 3/20
2 0 6 20292057775047943346071879367581339/149497406663711909932005247364286120
2 0 7 20292057775047943346071879367581339/149497406663711909932005247364286120
2 0 9 4657021837262402074930507074485619/49832468887903969977335082454762040
2 0 11 4657021837262402074930507074485619/49832468887903969977335082454762040
2 0 12 1/4
2 0 16 17082293890880034136929432473490191/149497406663711909932005247364286120
2 0 19 26514514533233599170347701867648007/149497406663711909932005247364286120
2 1 0 1/4
2 1 2 1/4
2 1 4 20292057775047943346071879367581339/149497406663711909932005247364286120
2 1 13 4657021837262402074930507074485619/49832468887903969977335082454762040
2 1 14 1555614189546413956068955625016667/74748703331855954966002623682143060
2 1 17 26514514533233599170347701867648007/149497406663711909932005247364286120
2 1 18 10859837132694378312653609973423523/149497406663711909932005247364286120
2 2 4 17082293890880034136929432473490191/149497406663711909932005247364286120
2 2 5 17082293890880034136929432473490191/149497406663711909932005247364286120
2 2 8 1/4
2 2 9 7801095384713590419403263539204891/49832468887903969977335082454762040
2 2 13 7801095384713590419403263539204891/49832468887903969977335082454762040
2 2 14 20292057775047943346071879367581339/149497406663711909932005247364286120
2 2 15 10859837132694378312653609973423523/149497406663711909932005247364286120
3 0 0 15117556485664237944417196793601147/49832468887903969977335082454762040
3 0 4 1/5
3 0 6 7307054513892548545383590311041771/49832468887903969977335082454762040
3 0 14 7/20
3 1 1 863656309749212020518507638275633/18687175832963988741500655920535765
3 1 2 863656309749212020518507638275633/18687175832963988741500655920535765
3 1 4 20789923831293846971246368409106829/149497406663711909932005247364286120
3 1 8 3629000744998815733255027641679819/24916234443951984988667541227381020
3 1 12 30825086036143584395106066641401/649988724624834391008718466801244
3 1 15 3739956857371548157356411129945187/149497406663711909932005247364286120
3 1 16 2996115842845403518849994785772269/14949740666371190993200524736428612
3 1 17 5590733475961283321925472179944363/74748703331855954966002623682143060
3 1 18 5142828172547075229043861527201427/18687175832963988741500655920535765
3 2 0 2323807625102151547650082065565567/49832468887903969977335082454762040
3 2 1 22707420927152736156026887735647539/74748703331855954966002623682143060
3 2 6 10134309596873840946683688548124943/49832468887903969977335082454762040
3 2 9 2545840655192189506389305893951769/12458117221975992494333770613690510
3 2 11 1441789693220542877527304051135501/9966493777580793995467016490952408
3 2 13 3349812930941476253517984197577043/149497406663711909932005247364286120
3 2 17 5590733475961283321925472179944363/74748703331855954966002623682143060
3 3 2 31534168501005321504955468168393313/149497406663711909932005247364286120
3 3 4 1634687168262939518554418695536089/149497406663711909932005247364286120
3 3 7 50689405164036228957647417881964053/149497406663711909932005247364286120
3 3 8 49053023894917078873535027682133/49832468887903969977335082454762040
3 3 10 1634687168262939518554418695536089/149497406663711909932005247364286120
3 3 12 245838709478185565572431745923793/812485905781042988760898083501555
3 3 13 3724595409294717026069095517966453/29899481332742381986401049472857224
4 0 1 294785766825554923107368208498717/4983246888790396997733508245476204
4 0 4 103060845334169554932719402157271/14949740666371190993200524736428612
4 0 12 17685058752521788040361500336540377/74748703331855954966002623682143060
4 0 13 18459058721033813375397191939411231/74748703331855954966002623682143060
4 0 14 7953842196845886318800252378391003/24916234443951984988667541227381020
4 0 18 9805968538708522972569054132751333/74748703331855954966002623682143060
4 1 1 4869188332825309314681776254913937/12458117221975992494333770613690510
4 1 3 294785766825554923107368208498717/4983246888790396997733508245476204
4 1 7 5459171113587580077425992557237701/24916234443951984988667541227381020
4 1 10 425655593949348537938297351289103/74748703331855954966002623682143060
4 1 11 797592887340669584716984016021200/3737435166592797748300131184107153
4 1 13 1040772690135536571559607133849064/18687175832963988741500655920535765
4 1 16 4193669390453148480507059146356221/74748703331855954966002623682143060
4 2 0 294785766825554923107368208498717/4983246888790396997733508245476204
4 2 4 11440422611708568611003857533445993/74748703331855954966002623682143060
4 2 14 1403074787063843623015498746598778/18687175832963988741500655920535765
4 2 15 7360811777220507813548530377652039/37374351665927977483001311841071530
4 2 16 5957736990156664190533031631053261/18687175832963988741500655920535765
4 2 17 7360811777220507813548530377652039/37374351665927977483001311841071530
4 3 0 4869188332825309314681776254913937/12458117221975992494333770613690510
4 3 4 2876567193095406583737200497541879/12458117221975992494333770613690510
4 3 8 2876567193095406583737200497541879/12458117221975992494333770613690510
4 3 10 367158900591974002435518672738563/2491623444395198498866754122738102
4 4 5 9/20
4 4 6 5549123471906652780924330780879596/18687175832963988741500655920535765
4 4 15 18915292944894164107604119901660299/74748703331855954966002623682143060
5 0 0 6551639692895369328904214047410427/29899481332742381986401049472857224
5 0 2 574029144957273334591470892255619/1245811722197599249433377061369051
5 0 16 5148702564612815049110750411923649/149497406663711909932005247364286120
5 0 17 322293317673261749780734474495227/24916234443951984988667541227381020
5 0 19 20386624166854938794356256398832347/74748703331855954966002623682143060
5 1 1 2223346045028125051937729829947181/24916234443951984988667541227381020
5 1 7 205901734957016297922287567726993/541657270520695325840598722334370
5 1 8 18277547428884682068612862340121101/149497406663711909932005247364286120
5 1 9 21479042063413058330300315045292481/149497406663711909932005247364286120
5 1 10 1744615963317624311815158638430064/18687175832963988741500655920535765
5 1 13 15547425840804802905009159171021793/149497406663711909932005247364286120
5 1 16 6521351076761014784443035732103727/149497406663711909932005247364286120
5 1 17 443269678625263601367607286996669/18687175832963988741500655920535765
5 2 5 10032578840468542140315277910995561/74748703331855954966002623682143060
5 2 8 7117147388020370167438655017586197/149497406663711909932005247364286120
5 2 9 3910549234519326921568752155211743/14949740666371190993200524736428612
5 2 10 13637339453358614794825753485294077/149497406663711909932005247364286120
5 2 15 34786134898101285736711380743648647/74748703331855954966002623682143060
5 3 1 6551639692895369328904214047410427/29899481332742381986401049472857224
5 3 3 11/20
5 3 11 7288110221784844611900388837938849/49832468887903969977335082454762040
5 3 15 1581412983604872373647515570382509/18687175832963988741500655920535765
5 4 0 49465375200564703818081815813305231/149497406663711909932005247364286120
5 4 1 7225059786079190701291087366724429/29899481332742381986401049472857224
5 4 12 21085565691904989237452057009782371/49832468887903969977335082454762040
5 4 13 650035457036284895111823688011631/149497406663711909932005247364286120
5 5 5 8677705684569504225172297798248033/49832468887903969977335082454762040
5 5 7 666192141995995994427620191964522/18687175832963988741500655920535765
5 5 9 1680745913775270424001093556413177/74748703331855954966002623682143060
5 5 11 7296822947952752916692928876982877/149497406663711909932005247364286120
5 5 13 33013056183600231331240951595661971/74748703331855954966002623682143060
5 5 14 5181290666416459109236296656586584/18687175832963988741500655920535765
6 0 1 2838719725454494656272873021979029/12458117221975992494333770613690510
6 0 6 34954916840529171733390642611253969/74748703331855954966002623682143060
6 0 17 22761468138599815294974742939014917/74748703331855954966002623682143060
6 1 0 11293469257194875278308613253330627/49832468887903969977335082454762040
6 1 3 7456197159826878955610403021945407/29899481332742381986401049472857224
6 1 5 681587016258859949725553139106951/3737435166592797748300131184107153
6 1 9 22688444376029272726033746379241213/74748703331855954966002623682143060
6 1 11 949273948429990979656295695301123/24916234443951984988667541227381020
6 2 5 27480046507343576236790380243039663/149497406663711909932005247364286120
6 2 10 4581503132748180086571347211712465/29899481332742381986401049472857224
6 2 12 3883929268599411105901064788449926/18687175832963988741500655920535765
6 2 13 273133871493650559154928130772143/2491623444395198498866754122738102
6 2 17 6456297256776638858231740613594518/18687175832963988741500655920535765
6 3 0 59892328532278346677751395677058943/149497406663711909932005247364286120
6 3 1 9742756618124726581867698254348583/49832468887903969977335082454762040
6 3 5 8485957434742953445998180995893655/29899481332742381986401049472857224
6 3 10 5982340367781538759553283981571051/49832468887903969977335082454762040
6 4 0 1700289013774884471563087674867577/74748703331855954966002623682143060
6 4 4 681587016258859949725553139106951/3737435166592797748300131184107153
6 4 11 14494428231219755951385902456076923/74748703331855954966002623682143060
6 4 12 2374261134075077848849024905893251/14949740666371190993200524736428612
6 4 14 6610188018261745260859489247918657/14949740666371190993200524736428612
6 5 2 13938653564813833043802606108749263/29899481332742381986401049472857224
6 5 11 31244407089196641837546915851412697/74748703331855954966002623682143060
6 5 13 17315324661249461037898385117714411/149497406663711909932005247364286120
6 6 2 27480046507343576236790380243039663/149497406663711909932005247364286120
6 6 9 6474553197419274500466989753537944/18687175832963988741500655920535765
6 6 10 79289049364265791972603840761073/1083314541041390651681197444668740
6 6 12 13756109487545827809310133189884997/149497406663711909932005247364286120
6 6 13 22761468138599815294974742939014917/74748703331855954966002623682143060
7 0 0 11666310132869878827990159394059203/74748703331855954966002623682143060
7 0 7 3128296303240609813778758048864557/6229058610987996247166885306845255
7 0 16 55058998919942043674033853401747/4983246888790396997733508245476204
7 0 17 5378000111781843879318654222439141/24916234443951984988667541227381020
7 0 18 1716590448190819215920179446673109/14949740666371190993200524736428612
7 1 1 11666310132869878827990159394059203/74748703331855954966002623682143060
7 1 4 26974425484416279810835614260350421/74748703331855954966002623682143060
7 1 10 14867616383987350482131500853979329/149497406663711909932005247364286120
7 1 15 9849336192312277235425359046703639/74748703331855954966002623682143060
7 1 18 7529929332105537540274296221616053/29899481332742381986401049472857224
7 2 0 11098804341505521849127952091887023/18687175832963988741500655920535765
7 2 5 7025049119207701854233854809483651/49832468887903969977335082454762040
7 2 14 39631824574044629576280066200738983/149497406663711909932005247364286120
7 3 3 1841188083836427852313048665352703/7474870333185595496600262368214306
7 3 13 7529929332105537540274296221616053/29899481332742381986401049472857224
7 3 14 18932576351984273911827286889156691/49832468887903969977335082454762040
7 3 15 9113134635251421724445466140840861/74748703331855954966002623682143060
7 4 3 55058998919942043674033853401747/29899481332742381986401049472857224
7 4 5 7419811334265653452926228514812559/29899481332742381986401049472857224
7 4 8 4109663066116463877446803375178289/6229058610987996247166885306845255
7 4 12 2248523568498133231713442419822609/24916234443951984988667541227381020
7 5 1 7529929332105537540274296221616053/14949740666371190993200524736428612
7 5 10 7419811334265653452926228514812559/14949740666371190993200524736428612
7 6 3 15004799665291133036874558589830359/29899481332742381986401049472857224
7 6 13 14894681667451248949526490883026865/29899481332742381986401049472857224
7 7 1 2248523568498133231713442419822609/24916234443951984988667541227381020
7 7 4 14543551007237843206833176750628437/37374351665927977483001311841071530
7 7 7 7846750683893240568621004327502767/74748703331855954966002623682143060
7 7 10 7685775090380015812536716507036557/49832468887903969977335082454762040
7 7 11 39081234584845209139539727666721513/149497406663711909932005247364286120
8 0 1 21603416176784580861865915119747139/74748703331855954966002623682143060
8 0 2 4621894024725419411044549892438329/37374351665927977483001311841071530
8 0 9 7028941255972683856290440726087987/24916234443951984988667541227381020
8 0 12 3802445889617080618862714433209217/12458117221975992494333770613690510
8 1 4 20370469453379687977671279254617253/74748703331855954966002623682143060
8 1 13 10648497624485420081935641644400127/24916234443951984988667541227381020
8 1 16 6188628432065116332276059317060919/149497406663711909932005247364286120
8 1 17 560534109825723147141634487994057/2166629082082781303362394889337480
8 2 2 55651423234934636109057342637811473/149497406663711909932005247364286120
8 2 3 4019207627657977098224859074678879/9966493777580793995467016490952408
8 2 7 16778934506953808674787509303145731/74748703331855954966002623682143060
8 3 11 5503206651903172712605509198366667/49832468887903969977335082454762040
8 3 12 18426400971799893602316676825146563/149497406663711909932005247364286120
8 3 16 28640346434050624547968010736009889/37374351665927977483001311841071530
8 4 0 10883091815380786466000567420589463/74748703331855954966002623682143060
8 4 2 52933796330318809688968918052078413/149497406663711909932005247364286120
8 4 11 24932475567543842437011731490342927/49832468887903969977335082454762040
8 5 1 49677107587364767603521764917407911/149497406663711909932005247364286120
8 5 3 15443402134874064013944776842636199/149497406663711909932005247364286120
8 5 10 16924483994861851264426294481733929/74748703331855954966002623682143060
8 5 13 6315991118968671973210764580096769/18687175832963988741500655920535765
8 6 1 34188855723221194114950865102741013/149497406663711909932005247364286120
8 6 3 25670639557205701477443398648411909/74748703331855954966002623682143060
8 6 6 4076981957745257691618962881692813/24916234443951984988667541227381020
8 6 7 1581735120686653395613061719058536/18687175832963988741500655920535765
8 6 11 26851499114114539547549313922096123/149497406663711909932005247364286120
8 7 4 8914249891699538445803424271418297/149497406663711909932005247364286120
8 7 5 26043742342526091013489015630225511/149497406663711909932005247364286120
8 7 7 15557396653844361604258027599380813/49832468887903969977335082454762040
8 7 10 18451938180000190136535435782965409/49832468887903969977335082454762040
8 7 12 6255704963976312625166208657801823/74748703331855954966002623682143060
8 8 0 26326653008348387627550831354616069/37374351665927977483001311841071530
8 8 8 2107593831962502972685452666180909/49832468887903969977335082454762040
8 8 10 37868013134430850503745563947279117/149497406663711909932005247364286120
9 0 4 2917089024577816018474854395870573/24916234443951984988667541227381020
9 0 9 32095575527069512590208571455763561/149497406663711909932005247364286120
9 0 13 99899296989175501230947549533299121/149497406663711909932005247364286120
9 1 2 25605602089673271907293881383695277/37374351665927977483001311841071530
9 1 3 14985734633644679751487758796944433/149497406663711909932005247364286120
9 1 12 193147841349511973415396503302503/9966493777580793995467016490952408
9 1 15 11075726161995939579041711570420261/149497406663711909932005247364286120
9 1 18 18116319889135523371069303912602773/149497406663711909932005247364286120
9 2 4 109534267549414738573068099823903943/149497406663711909932005247364286120
9 2 7 5026829945837816021316887918828767/49832468887903969977335082454762040
9 2 16 6220662319195930823746620945973969/37374351665927977483001311841071530
9 3 5 8327470923053778222517999225563119/149497406663711909932005247364286120
9 3 11 26035918485012769830188794453133441/74748703331855954966002623682143060
9 3 12 74568930592271692881261707372107669/149497406663711909932005247364286120
9 3 13 1452916817836089916784795186034845/14949740666371190993200524736428612
9 4 2 32488268781111575862336885172167871/149497406663711909932005247364286120
9 4 3 24614393338188547054741700664346273/149497406663711909932005247364286120
9 4 5 1499869677219554948586051107112071/24916234443951984988667541227381020
9 4 14 8339552648109445732341035488509955/14949740666371190993200524736428612
9 5 0 56729698680542514215706816879878089/74748703331855954966002623682143060
9 5 5 159545555886061995583453312951349/14949740666371190993200524736428612
9 5 9 3277586439703158725808520602352691/74748703331855954966002623682143060
9 5 11 2451868036169466729440239371167491/29899481332742381986401049472857224
9 5 13 3125608136702522089187768482894723/29899481332742381986401049472857224
9 6 1 11125075086820438774169356040556545/29899481332742381986401049472857224
9 6 2 1422371838144330188778514857824567/29899481332742381986401049472857224
9 6 7 9068812859234623989439693638413083/149497406663711909932005247364286120
9 6 11 25897119726551147042608733077989159/49832468887903969977335082454762040
9 7 0 7140784742360321500997837809078909/37374351665927977483001311841071530
9 7 5 3213664808069852711374170746188867/49832468887903969977335082454762040
9 7 8 204267679624125659330078137875159/541657270520695325840598722334370
9 7 12 54915393693802383818789817835859999/149497406663711909932005247364286120
9 8 1 4986967624115611110177872058113269/49832468887903969977335082454762040
9 8 8 2925221943353841803912201892826749/6229058610987996247166885306845255
9 8 9 21443725716957624435859595254034779/49832468887903969977335082454762040
9 9 1 35718129012038643617012294309474641/74748703331855954966002623682143060
9 9 7 2267581473011553863108698874431949/37374351665927977483001311841071530
9 9 10 34495411373794203622772931623804521/74748703331855954966002623682143060
10 0 9 7839409189069176498215365213920139/37374351665927977483001311841071530
10 0 16 29534942476858800984785946627151391/37374351665927977483001311841071530
10 1 0 8389504415127011194095072786534677/49832468887903969977335082454762040
10 1 5 2056090308858349711928711175488241/12458117221975992494333770613690510
10 1 12 16182711462507857968557154282232741/74748703331855954966002623682143060
10 1 15 19416253544731150744730861611947431/74748703331855954966002623682143060
10 1 17 18478431408084986260676025876815401/149497406663711909932005247364286120
10 1 18 831620690788973009943619769470621/12458117221975992494333770613690510
10 2 1 21342367039820064222205687732923659/149497406663711909932005247364286120
10 2 3 5947286149922816897242157416273529/9966493777580793995467016490952408
10 2 17 19472873687524796125583599193629763/74748703331855954966002623682143060
10 3 4 11786140938590569169685467832203479/29899481332742381986401049472857224
10 3 7 7117375909280376171641585771856713/49832468887903969977335082454762040
10 3 9 34607287121458967784326575443849293/74748703331855954966002623682143060
10 4 0 49949308449948983015242961895860621/149497406663711909932005247364286120
10 4 13 99548098213762926916762285468425499/149497406663711909932005247364286120
10 5 10 5181290666416459109236296656586584/18687175832963988741500655920535765
10 5 14 13505885166547529632264359263949181/18687175832963988741500655920535765
10 6 0 9613364182704181870327865668288147/18687175832963988741500655920535765
10 6 5 2866368895519100174424045289607431/24916234443951984988667541227381020
10 6 6 27696139914481926961419025140168179/74748703331855954966002623682143060
10 7 1 13835710908239806640470839556984121/24916234443951984988667541227381020
10 7 2 10031261753018941170706374633453781/74748703331855954966002623682143060
10 7 3 5802577213529398468470932594434229/18687175832963988741500655920535765
10 8 2 12291410564667143243210544384402517/74748703331855954966002623682143060
10 8 5 5011751171623772514945783139921889/29899481332742381986401049472857224
10 8 7 19172361144025882766313353313978223/37374351665927977483001311841071530
10 8 10 23166385100155229805601829639958749/149497406663711909932005247364286120
10 9 0 2473770919967016934227202065365299/74748703331855954966002623682143060
10 9 2 11232693236152533660077167169678783/14949740666371190993200524736428612
10 9 5 104116476315198975694428368160571/18687175832963988741500655920535765
10 9 9 2615833387644245638101978715956927/12458117221975992494333770613690510
10 10 1 2744713126225756778128956629806801/14949740666371190993200524736428612
10 10 4 4809226385399567656493520867562241/14949740666371190993200524736428612
10 10 8 1232633525790977759763007873176595/2491623444395198498866754122738102
11 0 2 3368046287221343144517131689985854/18687175832963988741500655920535765
11 0 17 15574459869149012517714791734108943/37374351665927977483001311841071530
11 0 19 15063799222336278676252256726990879/37374351665927977483001311841071530
11 1 1 414256137607821440511167434440599/2491623444395198498866754122738102
11 1 3 68138307344972316201073906996360939/149497406663711909932005247364286120
11 1 15 201783165113358097526066863970680/1245811722197599249433377061369051
11 1 17 32289751248667335597133270625007641/149497406663711909932005247364286120
11 2 1 27580065923195457799248594720022461/49832468887903969977335082454762040
11 2 8 22252402964708512178086487734739579/49832468887903969977335082454762040
11 3 2 40569289684642002803455865310980759/149497406663711909932005247364286120
11 3 6 33457908818541576622807344724670671/149497406663711909932005247364286120
11 3 8 557011544574328114719902577489967/14949740666371190993200524736428612
11 3 10 8717768807577665842603721447383882/18687175832963988741500655920535765
11 3 14 13161854513643551476103331221997/12458117221975992494333770613690510
11 4 0 2076330112907240101962763288683849/12458117221975992494333770613690510
11 4 13 1291462453490144699165508033911441/14949740666371190993200524736428612
11 4 15 55833410386961790858398503780482761/74748703331855954966002623682143060
11 5 3 5260878137177501705746585828125179/37374351665927977483001311841071530
11 5 11 11242071559419756615502881654773399/24916234443951984988667541227381020
11 5 12 6100146475848336341600161412314501/14949740666371190993200524736428612
11 6 0 18102628966031726742071787925097959/49832468887903969977335082454762040
11 6 4 2512578036156301442302026128821359/49832468887903969977335082454762040
11 6 6 10455854493466223658087116924719507/49832468887903969977335082454762040
11 6 8 3752281478449943626974830295224643/9966493777580793995467016490952408
11 7 1 742231953264690583757958258298009/4983246888790396997733508245476204
11 7 4 7829139928770667898934296458589801/24916234443951984988667541227381020
11 7 9 6687967374428932085471726738650587/12458117221975992494333770613690510
11 8 5 2704586141059555642193919653349356/6229058610987996247166885306845255
11 8 6 24518596319579230596887121294165847/74748703331855954966002623682143060
11 8 7 32289751248667335597133270625007641/149497406663711909932005247364286120
11 8 9 3260395390456777728443662470562241/149497406663711909932005247364286120
11 9 0 9158017493520526174149051068314847/24916234443951984988667541227381020
11 9 4 6088793820579146819166777717589757/37374351665927977483001311841071530
11 9 5 13288532118639471641139219495512747/29899481332742381986401049472857224
11 9 6 250097721804987160316515507098285/9966493777580793995467016490952408
11 10 0 3485615525006616102476340162396896/18687175832963988741500655920535765
11 10 1 2803966202618154605376763766232363/9966493777580793995467016490952408
11 10 2 79552989424386662031543069571625507/149497406663711909932005247364286120
11 11 0 9865140249110549107332483520364723/149497406663711909932005247364286120
11 11 7 139632266414601360824672763843921397/149497406663711909932005247364286120
12 0 1 27953747133368284571588816118933839/74748703331855954966002623682143060
12 0 4 46794956198487670394413807563209221/74748703331855954966002623682143060
12 1 6 12268399655315180652206424318019129/14949740666371190993200524736428612
12 1 17 17488491798606847304505268369817057/149497406663711909932005247364286120
12 1 18 3108306103984418701811911938092591/49832468887903969977335082454762040
12 2 8 14239390686272238343256689890750077/149497406663711909932005247364286120
12 2 13 578023235266362113429248829906336/812485905781042988760898083501555
12 2 16 28901740688429042717766772770770219/149497406663711909932005247364286120
12 3 0 31174818137529851478072536628259933/149497406663711909932005247364286120
12 3 2 5460891280393558267284121595763909/49832468887903969977335082454762040
12 3 7 1387982592597132465447407950137381/49832468887903969977335082454762040
12 3 8 17260483866580727711713347595730491/149497406663711909932005247364286120
12 3 15 1750336587839766490087495097882431/3249943623124171955043592334006220
12 4 1 22674421546663191285109962106132795/29899481332742381986401049472857224
12 4 5 7225059786079190701291087366724429/29899481332742381986401049472857224
12 5 2 3124796971293290947026971311799681/18687175832963988741500655920535765
12 5 4 1524705270798016142762119857033181/12458117221975992494333770613690510
12 5 6 590220857952028070888013511478313/4983246888790396997733508245476204
12 5 12 8849594190522854651600363324114111/14949740666371190993200524736428612
12 6 6 3261042676490888007223982750278813/29899481332742381986401049472857224
12 6 7 259278940817606114669303989341353/4983246888790396997733508245476204
12 6 10 25082765011345857291161242786530293/29899481332742381986401049472857224
12 7 0 6553513440882551652210875261253123/49832468887903969977335082454762040
12 7 2 24350611658390202806687859551485819/149497406663711909932005247364286120
12 7 4 4626860706585573864138755480683021/74748703331855954966002623682143060
12 7 6 5890830149268622033136331641169677/149497406663711909932005247364286120
12 7 9 4135550039138690772193953606841369/74748703331855954966002623682143060
12 7 12 16414120608391380172576602442564495/29899481332742381986401049472857224
12 8 1 1278315568793179603209172562312792/18687175832963988741500655920535765
12 8 3 96216287304519507886730435334239819/149497406663711909932005247364286120
12 8 10 2870306320589797681306762102102931/9966493777580793995467016490952408
12 9 0 2240043996566367975466413420591661/3737435166592797748300131184107153
12 9 8 1497391170026429772833717763515492/3737435166592797748300131184107153
12 10 3 9913442147931754675033931207142983/24916234443951984988667541227381020
12 10 4 32865830634958602592377997416587497/74748703331855954966002623682143060
12 10 6 6071273126551044174261416322063307/37374351665927977483001311841071530
12 11 0 11608660001701915490411214992417977/37374351665927977483001311841071530
12 11 7 32984911657280510972489461810247/649988724624834391008718466801244
12 11 8 47738118487864865223343905589128701/74748703331855954966002623682143060
12 12 1 7365631779241925020605735938323661/149497406663711909932005247364286120
12 12 2 15142512132465335278781320546522832/18687175832963988741500655920535765
12 12 5 6997225941582434227049649017926601/49832468887903969977335082454762040
13 0 3 12829690114874813039773177243840921/14949740666371190993200524736428612
13 0 11 2120050551496377953427347492587691/14949740666371190993200524736428612
13 1 0 8845688996803045505298812900603113/24916234443951984988667541227381020
13 1 3 11549830063415269056042945659311889/149497406663711909932005247364286120
13 1 9 8859123673509707668198125241312129/149497406663711909932005247364286120
13 1 16 3167263289415360840665470794168476/6229058610987996247166885306845255
13 2 2 93845983428777273822947904726474647/149497406663711909932005247364286120
13 2 15 39622052625932928891734754392957147/149497406663711909932005247364286120
13 2 17 348464578456558852550491048801181/3249943623124171955043592334006220
13 3 2 848458617625182771607649008765393/7474870333185595496600262368214306
13 3 4 6801651060668905695022135442153761/18687175832963988741500655920535765
13 3 5 16073488819999389819408635421191/108331454104139065168119744466874
13 3 13 4111754560900026802124009522236281/12458117221975992494333770613690510
13 3 14 329627826172876468170157625183461/7474870333185595496600262368214306
13 4 4 2857124304810016258110067210432401/24916234443951984988667541227381020
13 4 10 2790232887281351691585329678492823/6229058610987996247166885306845255
13 4 11 10606994508610353246204531341989661/49832468887903969977335082454762040
13 4 12 1972639265910874205001816265455861/49832468887903969977335082454762040
13 4 13 2304180851377974119306490749627283/12458117221975992494333770613690510
13 5 2 544595082384902082532129034606983/7474870333185595496600262368214306
13 5 6 6397306312724923057142415882062627/24916234443951984988667541227381020
13 5 7 50110833569832164969254085689885349/74748703331855954966002623682143060
13 6 2 6517496991258453704721455604134531/149497406663711909932005247364286120
13 6 3 23132129222844841792745657118310507/149497406663711909932005247364286120
13 6 4 6746451583965957361587819149659013/74748703331855954966002623682143060
13 6 8 6214212299130850368492186195727765/9966493777580793995467016490952408
13 6 10 13141692794713944183979703406606581/149497406663711909932005247364286120
13 7 1 9287931243506127127428296656037713/74748703331855954966002623682143060
13 7 3 3792469870164484242313482507381841/149497406663711909932005247364286120
13 7 5 2771814085593671520353220845815973/29899481332742381986401049472857224
13 7 10 2853831799700113040603547618184381/149497406663711909932005247364286120
13 7 11 110416172078866700792465519697564607/149497406663711909932005247364286120
13 8 0 11047698657579589855450480486455461/37374351665927977483001311841071530
13 8 1 442018248607491717723001178649511/3249943623124171955043592334006220
13 8 2 18399236143943413449435540685932391/37374351665927977483001311841071530
13 8 4 5688414010837638848601554228428603/74748703331855954966002623682143060
13 9 1 4779735954866205038536627960356497/37374351665927977483001311841071530
13 9 6 32594615711061772444464683880715033/37374351665927977483001311841071530
13 10 9 1
13 11 1 4796304994132715383475129921485927/29899481332742381986401049472857224
13 11 3 7010033738167670583874645243674563/29899481332742381986401049472857224
13 11 5 28703257363397764903881259205966651/74748703331855954966002623682143060
13 11 6 4132399784426806285936731640818796/18687175832963988741500655920535765
13 12 0 3097632709220460909223240098152085/9966493777580793995467016490952408
13 12 1 66738194302107535034777397559359029/149497406663711909932005247364286120
13 12 7 197253922409225332928691567025249/812485905781042988760898083501555
13 13 0 11618415949313506463252736624012893/29899481332742381986401049472857224
13 13 5 18281065383428875523148312848844331/29899481332742381986401049472857224
14 0 11 1514043328707139408879079506218707/12458117221975992494333770613690510
14 0 15 11604615373787437723055467603027981/149497406663711909932005247364286120
14 0 18 52622347385600538165532541131919029/74748703331855954966002623682143060
14 0 19 4826525524745907657111914474265199/49832468887903969977335082454762040
14 1 1 34203399979986850599723376705577/24916234443951984988667541227381020
14 1 7 1921892915446427496743801182737151/149497406663711909932005247364286120
14 1 13 1342895923664583074717119922146663/4983246888790396997733508245476204
14 1 14 52880837961114250049185554979684807/74748703331855954966002623682143060
14 1 17 440579905406522997259466099182001/49832468887903969977335082454762040
14 2 6 1195442126970645583106806102507495/3737435166592797748300131184107153
14 2 10 8079693374902769594761448507155337/24916234443951984988667541227381020
14 2 12 3941428507394321577560818072986177/49832468887903969977335082454762040
14 2 16 1799011991882021926368776434873729/6499887246248343910087184668012440
14 3 1 21877734586215220885470270591047059/37374351665927977483001311841071530
14 3 3 15225035660970901211570694003437347/74748703331855954966002623682143060
14 3 7 522723927404198891433293076950732/18687175832963988741500655920535765
14 3 10 26533395045343385121322022254548941/149497406663711909932005247364286120
14 3 14 225747320128143524210543711366963/74748703331855954966002623682143060
14 3 15 369715892075960665773322700334467/149497406663711909932005247364286120
14 4 2 12908092511527655341386137234535757/49832468887903969977335082454762040
14 4 9 67684090090604202181974111699975589/149497406663711909932005247364286120
14 4 12 2154451951926237086293636198035163/7474870333185595496600262368214306
14 5 3 982699930261981209522383714862167/1299977449249668782017436933602488
14 5 6 317277518987687572495053218740321/1299977449249668782017436933602488
14 6 0 18282606303983274743166958242687067/149497406663711909932005247364286120
14 6 4 28753417329928235310736184971125511/49832468887903969977335082454762040
14 6 11 1123863709248598231415743355205563/3737435166592797748300131184107153
14 7 0 20254745474324593794276254068842223/29899481332742381986401049472857224
14 7 6 1769645224564657824933370473265667/12458117221975992494333770613690510
14 7 7 26987936597313047061423531340887001/149497406663711909932005247364286120
14 8 2 8552940159767328274640332641958587/24916234443951984988667541227381020
14 8 6 88445280340900442327067675983234/812485905781042988760898083501555
14 8 9 40952917061191129447991399565809771/74748703331855954966002623682143060
14 9 2 3717047430218657333123357566749829/14949740666371190993200524736428612
14 9 3 7032921107935943489739457315836577/37374351665927977483001311841071530
14 9 7 5671310826795251439454381528940593/49832468887903969977335082454762040
14 9 9 67181315449395808323450697846619743/149497406663711909932005247364286120
14 10 1 15998156472436404614012844914546533/29899481332742381986401049472857224
14 10 6 1371555141049802146637168727867161/49832468887903969977335082454762040
14 10 7 16347989719595120105507379151987993/37374351665927977483001311841071530
14 11 4 1081158421517383845671643430926493/6499887246248343910087184668012440
14 11 5 22408082747338850557931643347014493/49832468887903969977335082454762040
14 11 6 423168129851668790305635278238073/18687175832963988741500655920535765
14 11 8 27010584843991089742658718093014359/74748703331855954966002623682143060
14 12 0 28416023473504723805108636730758251/49832468887903969977335082454762040
14 12 1 16354766185153147228621320493686837/49832468887903969977335082454762040
14 12 2 632709903655762367950640653789619/6229058610987996247166885306845255
14 13 0 3988945188753951423844489966347313/49832468887903969977335082454762040
14 13 2 74168588779390542463759909504173473/149497406663711909932005247364286120
14 13 3 21976039332509655468491722951974553/74748703331855954966002623682143060
14 13 4 3022234272139475246145028748223461/24916234443951984988667541227381020
14 13 5 319124505050837695714562391945209/37374351665927977483001311841071530
14 14 3 1226913263549542987250818294895561/149497406663711909932005247364286120
14 14 5 148270493400162366944754429069390559/149497406663711909932005247364286120
15 0 0 3025739523960034968641869747575819/24916234443951984988667541227381020
15 0 7 46651367277703735558642912455741107/149497406663711909932005247364286120
15 0 11 36358353026990487293589198194613421/149497406663711909932005247364286120
15 0 14 6995898469525304674400272358037609/24916234443951984988667541227381020
15 0 15 264910766587735384230011836677126/6229058610987996247166885306845255
15 1 8 31627389303923220014124474759499309/149497406663711909932005247364286120
15 1 12 30731751887923099663195023728777417/49832468887903969977335082454762040
15 1 14 641869042400484773207392535461364/3737435166592797748300131184107153
15 2 0 8978395210318926560562067635506345/29899481332742381986401049472857224
15 2 8 8003102676455262468016375803553193/49832468887903969977335082454762040
15 2 14 13058154336351431337588218637195929/24916234443951984988667541227381020
15 2 17 1123598282321450849808234976459621/74748703331855954966002623682143060
15 3 5 12759788999224034421452071046335191/24916234443951984988667541227381020
15 3 12 4324045846654437678103697063419321/74748703331855954966002623682143060
15 3 13 3669320005943677038369027817398721/18687175832963988741500655920535765
15 3 16 8734005231877352935033301105061641/37374351665927977483001311841071530
15 4 6 9241461768081357087307408630753559/49832468887903969977335082454762040
15 4 7 107882881386658027690498367516890933/149497406663711909932005247364286120
15 4 11 1389013997280981097958465395513451/14949740666371190993200524736428612
15 5 0 18019004651313440750295806802264971/74748703331855954966002623682143060
15 5 2 43913861421598375486133865634002697/149497406663711909932005247364286120
15 5 4 69545535939486652945279768125753481/149497406663711909932005247364286120
15 6 2 2489282796307429890824442749289781/4983246888790396997733508245476204
15 6 5 2899700609863784092631833975825027/149497406663711909932005247364286120
15 6 12 71919222164625229114640130909767663/149497406663711909932005247364286120
15 7 1 3037294679582824732826053610607511/37374351665927977483001311841071530
15 7 3 99284319085312237941924304101430447/149497406663711909932005247364286120
15 7 4 12584819236897230583419514440729973/74748703331855954966002623682143060
15 7 8 6348943196283025395842304022674989/74748703331855954966002623682143060
15 7 10 39276798741572220050618378723141/29899481332742381986401049472857224
15 8 1 103977139805075020760540196473566471/149497406663711909932005247364286120
15 8 11 45520266858636889171465050890719649/149497406663711909932005247364286120
15 9 3 42419907467319840570882169191784817/149497406663711909932005247364286120
15 9 9 1771394352017904444977579603721615/9966493777580793995467016490952408
15 9 10 40253291958061751343229692058338539/74748703331855954966002623682143060
15 10 3 15002792296020230313633610020238037/24916234443951984988667541227381020
15 10 4 3774963031612681677185027958378461/149497406663711909932005247364286120
15 10 6 55705689855977846373018559284479437/149497406663711909932005247364286120
15 11 1 5512834446576738787764455999973371/49832468887903969977335082454762040
15 11 2 19906039974497584246645567352534839/149497406663711909932005247364286120
15 11 6 14131607918685513665258289001478896/18687175832963988741500655920535765
15 12 5 116224536420918588272672259556277371/149497406663711909932005247364286120
15 12 7 33272870242793321659332987808008749/149497406663711909932005247364286120
15 13 0 41395144469296494937268702526401/24916234443951984988667541227381020
15 13 1 81946938765860971717196458066409237/149497406663711909932005247364286120
15 13 2 32064055211987725807584140856646273/149497406663711909932005247364286120
15 13 6 2936503484920619453133419685506017/12458117221975992494333770613690510
15 14 2 8133281889926122663350469457617261/74748703331855954966002623682143060
15 14 4 66615421441929832302652154224525799/74748703331855954966002623682143060
15 15 0 132388186963955957309731350931968499/149497406663711909932005247364286120
15 15 1 17109219699755952622273896432317621/149497406663711909932005247364286120
16 0 6 1/20
16 0 8 19/20
16 1 5 24390210576764328849959646923537297/37374351665927977483001311841071530
16 1 15 12984141089163648633041664917534233/37374351665927977483001311841071530
16 2 5 63794761226928109714953314397314191/149497406663711909932005247364286120
16 2 6 2259026017075287874710978874074097/14949740666371190993200524736428612
16 2 9 56438540302071595381436264467132789/149497406663711909932005247364286120
16 2 16 222461498798644202950195991969939/4983246888790396997733508245476204
16 3 9 2626508788216549248088324725191915/14949740666371190993200524736428612
16 3 14 28499228063293849722328635598582979/49832468887903969977335082454762040
16 3 15 37734634591664868284136093316618033/149497406663711909932005247364286120
16 4 2 5070212803539711671308206487286513/29899481332742381986401049472857224
16 4 7 41614525277053882241506879847395187/149497406663711909932005247364286120
16 4 10 3438825723706644555581555628352432/6229058610987996247166885306845255
16 5 1 24521005755291766925740520230717679/149497406663711909932005247364286120
16 5 6 5791897684017063764924913857337956/18687175832963988741500655920535765
16 5 9 26213739812094544295621805424954931/49832468887903969977335082454762040
16 6 1 17534197048959570263601325529268197/49832468887903969977335082454762040
16 6 2 33709520085165332321867554749295661/149497406663711909932005247364286120
16 6 5 374508848489002741979209910954137/29899481332742381986401049472857224
16 6 12 61312751189222853109437666472415183/149497406663711909932005247364286120
16 7 4 1010753283471382370146797495989281/149497406663711909932005247364286120
16 7 5 23311489179032883532561949151904509/49832468887903969977335082454762040
16 7 9 1325449958527985725259926506234703/3249943623124171955043592334006220
16 7 10 8790743875427266801107991562893487/74748703331855954966002623682143060
16 8 4 44579207193318827599900948485512119/74748703331855954966002623682143060
16 8 7 1454838107773803604458579349154429/24916234443951984988667541227381020
16 8 10 45408413620278864403056422245504289/149497406663711909932005247364286120
16 8 11 6201550010152568702395452052831019/149497406663711909932005247364286120
16 9 4 31285557845348830663834534123481773/37374351665927977483001311841071530
16 9 9 6088793820579146819166777717589757/37374351665927977483001311841071530
16 10 0 33716334085010594682859639233107489/49832468887903969977335082454762040
16 10 8 16116134802893375294475443221654551/49832468887903969977335082454762040
16 11 0 31065875469264566287675967958083163/49832468887903969977335082454762040
16 11 2 18766593418639403689659114496678877/49832468887903969977335082454762040
16 12 1 7092210230930602242169910754386423/49832468887903969977335082454762040
16 12 4 1646533989531366358867413412644076/18687175832963988741500655920535765
16 12 5 6140596209023009489092020377114473/74748703331855954966002623682143060
16 12 6 11418748469501013171289577911056871/74748703331855954966002623682143060
16 12 7 5328654313174741800919534081575437/9966493777580793995467016490952408
16 13 0 21976039332509655468491722951974553/74748703331855954966002623682143060
16 13 3 52772663999346299497510900730168507/74748703331855954966002623682143060
16 14 1 148270493400162366944754429069390559/149497406663711909932005247364286120
16 14 5 1226913263549542987250818294895561/149497406663711909932005247364286120
16 15 2 43770118878780849880140909158435747/49832468887903969977335082454762040
16 15 4 6062350009123120097194173296326293/49832468887903969977335082454762040
16 16 0 2093003416819964384804597668387759/37374351665927977483001311841071530
16 16 3 35281348249108013098196714172683771/37374351665927977483001311841071530
17 0 2 4617848756496848580685537472626231/24916234443951984988667541227381020
17 0 13 5205121899283186453663051583950231/149497406663711909932005247364286120
17 0 15 116585192225447631994228970944578503/149497406663711909932005247364286120
17 1 2 465232693516191442613391480371403/24916234443951984988667541227381020
17 1 8 6484872121742592787478145367882233/12458117221975992494333770613690510
17 1 9 18091496495261934607411089753272173/74748703331855954966002623682143060
17 1 10 817613801279494465294124364023164/3737435166592797748300131184107153
17 2 11 42895719670978253579890972526557939/149497406663711909932005247364286120
17 2 12 106601686992733656352114274837728181/149497406663711909932005247364286120
17 3 2 14680700761460085129862856307437487/49832468887903969977335082454762040
17 3 6 112506451587616751615102609821274/812485905781042988760898083501555
17 3 7 4755625706116683065126408359110281/29899481332742381986401049472857224
17 3 8 36522783275625900257347988435730091/149497406663711909932005247364286120
17 3 9 21833544618655552635365740213362413/149497406663711909932005247364286120
17 3 12 436610143724217337815337965035889/24916234443951984988667541227381020
17 4 3 17835874118869466920442179976832631/74748703331855954966002623682143060
17 4 4 52545590092248707197161359268706837/74748703331855954966002623682143060
17 4 13 1091809780184445212099771109150898/18687175832963988741500655920535765
17 5 5 94966357382551349387749217201766469/149497406663711909932005247364286120
17 5 7 39534007248272264727453743971476269/149497406663711909932005247364286120
17 5 8 108674217629625332005813668051039/1083314541041390651681197444668740
17 6 7 39998781538151958445860646764388053/49832468887903969977335082454762040
17 6 13 9833687349752011531474435690373987/49832468887903969977335082454762040
17 7 2 35028090499761274927968212848630913/49832468887903969977335082454762040
17 7 5 1054357235008190836936060914102895/7474870333185595496600262368214306
17 7 10 23325990464264268409379390536335481/149497406663711909932005247364286120
17 8 3 12930454217197364468465125735887667/37374351665927977483001311841071530
17 8 11 24443897448730613014536186105183863/37374351665927977483001311841071530
17 9 1 7549740008441491092011442730146991/37374351665927977483001311841071530
17 9 5 76658213599500592414502379570054541/149497406663711909932005247364286120
17 9 7 8528046606089070629891419374728723/29899481332742381986401049472857224
17 10 0 4092696041725439412723121673157697/29899481332742381986401049472857224
17 10 2 69944417239325247900462177792660613/149497406663711909932005247364286120
17 10 4 2126567900545756433675267726474017/9966493777580793995467016490952408
17 10 8 394072329095262586417368772590243/2166629082082781303362394889337480
17 11 4 5418728824730960064415541237085947/6499887246248343910087184668012440
17 11 5 1081158421517383845671643430926493/6499887246248343910087184668012440
17 12 1 505265133411120146424842012238365/14949740666371190993200524736428612
17 12 3 1482070467074235406527561308310841/12458117221975992494333770613690510
17 12 6 63329954862354941794713045771086189/74748703331855954966002623682143060
17 13 0 2936503484920619453133419685506017/12458117221975992494333770613690510
17 13 6 9521613737055373041200350928184493/12458117221975992494333770613690510
17 14 0 15487347520358415703087837527535911/49832468887903969977335082454762040
17 14 3 34345121367545554274247244927226129/49832468887903969977335082454762040
17 15 1 21383075802318740137854088617283705/29899481332742381986401049472857224
17 15 2 118422274698644630456111167211/6499887246248343910087184668012440
17 15 3 7096550656633356736039052286836957/24916234443951984988667541227381020
17 16 0 87198205924556960091833844016129231/149497406663711909932005247364286120
17 16 1 13565803498153068986723554110632687/37374351665927977483001311841071530
17 16 3 2678662248847557964425728968542047/49832468887903969977335082454762040
17 17 0 24086230382729668226231727232301019/49832468887903969977335082454762040
17 17 1 65190257289412699912550332315579823/149497406663711909932005247364286120
17 17 2 301211455652755133518993333795081/3737435166592797748300131184107153
18 0 5 6666178025637385599163870522454575/7474870333185595496600262368214306
18 0 12 808692307548209897436391845759731/7474870333185595496600262368214306
18 1 6 2681341011056010340994100418409483/14949740666371190993200524736428612
18 1 7 35566997219046717254353335040829777/149497406663711909932005247364286120
18 1 10 87116999334105089267710908139361513/149497406663711909932005247364286120
18 2 6 24086886045309803523233258046379/74748703331855954966002623682143060
18 2 10 8059298912149472141969258347187212/18687175832963988741500655920535765
18 2 11 42487420797212756594602357035347833/74748703331855954966002623682143060
18 3 6 4657834775477842318612547103690961/14949740666371190993200524736428612
18 3 8 731123997271852807462830199637897/2491623444395198498866754122738102
18 3 11 5905161907262231829810996434910269/14949740666371190993200524736428612
18 4 3 8893597009318471881800901747926585/14949740666371190993200524736428612
18 4 8 2119395544871532369720081931666966/6229058610987996247166885306845255
18 4 9 4847971746805207120357131762506543/74748703331855954966002623682143060
18 5 4 61655407474649063273580040954134467/149497406663711909932005247364286120
18 5 5 4483746111431904652150767273043677/24916234443951984988667541227381020
18 5 9 60939522520471418745520602771889591/149497406663711909932005247364286120
18 6 1 2360194786503270385134541823652597/49832468887903969977335082454762040
18 6 4 10551629349381596237428743941281871/37374351665927977483001311841071530
18 6 9 12212622635544714241033666166997821/18687175832963988741500655920535765
18 6 12 836441274105999966205772264072759/49832468887903969977335082454762040
18 7 6 122370833819667393999668470043928439/149497406663711909932005247364286120
18 7 10 27126572844044515932336777320357681/149497406663711909932005247364286120
18 8 3 519767496800981390471436362165211/49832468887903969977335082454762040
18 8 5 59528583420163711944622259984292131/149497406663711909932005247364286120
18 8 7 10596394064099407214289029129479671/49832468887903969977335082454762040
18 8 8 56620338560847032173101590905059343/149497406663711909932005247364286120
18 9 1 14371622393201919087894187991661443/74748703331855954966002623682143060
18 9 3 15784924022263339988161555322345081/149497406663711909932005247364286120
18 9 6 15367477992390012749398779234951713/149497406663711909932005247364286120
18 9 8 2240043996566367975466413420591661/3737435166592797748300131184107153
18 10 6 16347989719595120105507379151987993/37374351665927977483001311841071530
18 10 7 21026361946332857377493932689083537/37374351665927977483001311841071530
18 11 1 27244344588329529162834057439234093/37374351665927977483001311841071530
18 11 3 7648283548491552339401822060668367/29899481332742381986401049472857224
18 11 7 2278610567936031583659907304007913/149497406663711909932005247364286120
18 12 0 1482070467074235406527561308310841/12458117221975992494333770613690510
18 12 3 10976046754901757087806209305379669/12458117221975992494333770613690510
18 13 1 67550467897850938214808789297876883/149497406663711909932005247364286120
18 13 4 1047139876645699590991292688088567/6229058610987996247166885306845255
18 13 5 56815581726364181533405433552283629/149497406663711909932005247364286120
18 14 0 50787175094464596418761240901718323/149497406663711909932005247364286120
18 14 2 5496244519293004545769537836488885/9966493777580793995467016490952408
18 14 4 8133281889926122663350469457617261/74748703331855954966002623682143060
18 15 1 6062350009123120097194173296326293/49832468887903969977335082454762040
18 15 4 43770118878780849880140909158435747/49832468887903969977335082454762040
18 16 0 53927187071875092300953012674605853/149497406663711909932005247364286120
18 16 1 2570440438015291559245993657176147/9966493777580793995467016490952408
18 16 2 56677586100870260596421126064113167/149497406663711909932005247364286120
18 16 3 67205384147436729188240753584979/29899481332742381986401049472857224
18 17 0 301211455652755133518993333795081/3737435166592797748300131184107153
18 17 2 3436223710940042614781137850312072/3737435166592797748300131184107153
18 18 0 19/20
18 18 1 1/20
19 0 10 4/5
19 0 11 1/5
19 1 9 18799679592103364633308567406327369/74748703331855954966002623682143060
19 1 11 55949023739752590332694056275815691/74748703331855954966002623682143060
19 2 6 48638358851421065413525682362777763/149497406663711909932005247364286120
19 2 7 100859047812290844518479565001508357/149497406663711909932005247364286120
19 3 6 48759962998270427825893551395591423/149497406663711909932005247364286120
19 3 7 3777667170352179050499371825431877/12458117221975992494333770613690510
19 3 8 3870206283540400708836020842034367/49832468887903969977335082454762040
19 3 9 32184199919972929247103109011305971/149497406663711909932005247364286120
19 3 10 3870206283540400708836020842034367/49832468887903969977335082454762040
19 4 6 15476006716842923284537675044997735/29899481332742381986401049472857224
19 4 9 14423474615899458701863374427859489/29899481332742381986401049472857224
19 5 6 2116969378616189701235983142744081/29899481332742381986401049472857224
19 5 7 4412195139807347310622370477322977/149497406663711909932005247364286120
19 5 8 974640323411765319675383776617701/1083314541041390651681197444668740
19 6 5 21254491406381418513822182016007637/24916234443951984988667541227381020
19 6 6 3661743037570566474845359211373383/24916234443951984988667541227381020
19 7 5 2232996807936358961555137382160679/37374351665927977483001311841071530
19 7 7 10023963122846549486760937428375191/24916234443951984988667541227381020
19 7 8 40210820347443588582609536632696129/74748703331855954966002623682143060
19 8 4 12240541063849744258750060484101169/37374351665927977483001311841071530
19 8 6 8418628244182776735005055239503937/14949740666371190993200524736428612
19 8 8 8174479983242582773477226516421037/74748703331855954966002623682143060
19 9 3 31580445371192477707001846793404957/74748703331855954966002623682143060
19 9 5 1390900165123091876562835842845819/37374351665927977483001311841071530
19 9 7 2692430508694486233725007013536431/4983246888790396997733508245476204
19 10 5 1
19 11 2 7329158643329611461638233652171465/14949740666371190993200524736428612
19 11 3 7620582023041579531562291084257147/14949740666371190993200524736428612
19 12 2 1646533989531366358867413412644076/18687175832963988741500655920535765
19 12 4 17040641843432622382633242507891689/18687175832963988741500655920535765
19 13 2 7210793778722273610110199500577729/24916234443951984988667541227381020
19 13 4 17705440665229711378557341726803291/24916234443951984988667541227381020
19 14 0 6531023626021508300497561734995008/18687175832963988741500655920535765
19 14 1 1226913263549542987250818294895561/149497406663711909932005247364286120
19 14 2 50787175094464596418761240901718323/149497406663711909932005247364286120
19 14 3 11308782324381426030503173571928043/37374351665927977483001311841071530
19 15 0 17109219699755952622273896432317621/149497406663711909932005247364286120
19 15 1 1457151584998579265775677591314219/29899481332742381986401049472857224
19 15 2 9092163157525645732541014666066513/74748703331855954966002623682143060
19 15 3 17819683787318628252628488940544063/24916234443951984988667541227381020
19 16 1 56677586100870260596421126064113167/149497406663711909932005247364286120
19 16 2 92819820562841649335584121300172953/149497406663711909932005247364286120
19 17 0 65190257289412699912550332315579823/149497406663711909932005247364286120
19 17 1 84307149374299210019454915048706297/149497406663711909932005247364286120
19 18 0 1/20
19 18 1 19/20
19 19 0 1
