# exact hook decomposition of the 16-box: a s i value
0 0 0 1/16
0 0 1 1/16
0 0 2 1/16
0 0 3 1/16
0 0 4 1/16
0 0 5 1/16
0 0 6 1/16
0 0 7 1/16
0 0 8 1/16
0 0 9 1/16
0 0 10 1/16
0 0 11 1/16
0 0 12 1/16
0 0 13 1/16
0 0 14 1/16
0 0 15 1/16
1 0 0 6607311254755414370155/47872813472581005324832
1 0 1 6607311254755414370155/47872813472581005324832
1 0 6 7799302177152860473089/47872813472581005324832
1 0 7 7799302177152860473089/47872813472581005324832
1 0 8 3/16
1 0 11 276820389136644660383/23936406736290502662416
1 0 12 276820389136644660383/23936406736290502662416
1 0 15 3/16
1 1 0 2368841271353524128251/47872813472581005324832
1 1 2 3/16
1 1 4 3/16
1 1 6 1176850348956078025317/47872813472581005324832
1 1 9 3/16
1 1 11 1052813968479456147205/5984101684072625665604
1 1 13 3/16
2 0 1 249124054034066987678/1496025421018156416401
2 0 8 5/16
2 0 9 2495083830781933347779/23936406736290502662416
2 0 10 2495083830781933347779/23936406736290502662416
2 0 12 5/16
2 1 3 124562027017033493839/1496025421018156416401
2 1 4 7485251492345800043337/47872813472581005324832
2 1 6 11471236356890871846185/47872813472581005324832
2 1 9 2492521637154424367113/11968203368145251331208
2 1 14 5/16
2 2 0 5/16
2 2 1 3494142240545710279157/23936406736290502662416
2 2 3 124562027017033493839/1496025421018156416401
2 2 4 3489017853290692317825/47872813472581005324832
2 2 5 3489017853290692317825/47872813472581005324832
2 2 11 5/16
3 0 8 141761669228674925785/1496025421018156416401
3 0 9 19335797169446295176371/47872813472581005324832
3 0 11 862387803846760313195/3682524113275461948064
3 0 15 6394800718904614225903/23936406736290502662416
3 1 0 7/32
3 1 1 7/32
3 1 4 3896668224101328865039/47872813472581005324832
3 1 6 639705191216268760081/47872813472581005324832
3 1 10 32385533926021630963/11968203368145251331208
3 1 11 76877053689753120971/460315514159432743508
3 1 13 7885597007775737100271/47872813472581005324832
3 1 14 6381731435795069664991/47872813472581005324832
3 2 0 7/32
3 2 3 5755012539112779122439/23936406736290502662416
3 2 6 10870319887009289484797/47872813472581005324832
3 2 9 1608558724807894653243/47872813472581005324832
3 2 10 1404224527989296929277/11968203368145251331208
3 2 12 208657107833855720761/1496025421018156416401
3 2 13 1117806272770597245647/47872813472581005324832
3 3 3 294822838000894737023/1496025421018156416401
3 3 4 17047687670152860964575/47872813472581005324832
3 3 5 5537662591927302719697/47872813472581005324832
3 3 7 1628481516442530052479/23936406736290502662416
3 3 10 746309538356740967731/2992050842036312832802
3 3 12 327608373939647233585/23936406736290502662416
4 0 1 2064294364561855011101/23936406736290502662416
4 0 6 9658821351338964810703/47872813472581005324832
4 0 12 7787126750417320399763/47872813472581005324832
4 0 13 1591633987537242275173/23936406736290502662416
4 0 15 11557504333313262770909/23936406736290502662416
4 1 0 15502917403274648092061/47872813472581005324832
4 1 2 15502917403274648092061/47872813472581005324832
4 1 5 315614075282545796581/1841262056637730974032
4 1 7 2676960373723410131275/23936406736290502662416
4 1 9 127195844663026852579/3682524113275461948064
4 1 13 127195844663026852579/3682524113275461948064
4 2 0 11425540175052167403157/47872813472581005324832
4 2 3 11425540175052167403157/47872813472581005324832
4 2 6 9063670269641659973409/47872813472581005324832
4 2 11 15958062852835010545109/47872813472581005324832
4 3 4 5393634207719998808167/11968203368145251331208
4 3 8 7156945813791514996709/47872813472581005324832
4 3 9 19141330827909495095455/47872813472581005324832
4 4 1 7296951445928457380955/47872813472581005324832
4 4 4 2676960373723410131275/23936406736290502662416
4 4 9 1533395192449492829059/11968203368145251331208
4 4 10 1944223969054420493207/3682524113275461948064
4 4 11 476681113962536244175/5984101684072625665604
5 0 0 3677588878141533430429/23936406736290502662416
5 0 2 1196008954841264850563/2992050842036312832802
5 0 5 4850693568550639647347/11968203368145251331208
5 0 7 989359082317571132789/23936406736290502662416
5 1 1 8750417976418645890115/47872813472581005324832
5 1 4 6588172256213649971017/23936406736290502662416
5 1 6 16443251940406356627333/47872813472581005324832
5 1 8 2184547554364427591271/47872813472581005324832
5 1 12 7318251488964275274079/47872813472581005324832
5 2 0 5025998008520557661699/47872813472581005324832
5 2 1 24162141285980795270707/47872813472581005324832
5 2 6 16469307321993084533489/47872813472581005324832
5 2 13 2215366856086567858937/47872813472581005324832
5 3 0 8750417976418645890115/47872813472581005324832
5 3 5 41680059471197828675/5984101684072625665604
5 3 7 1011470326759987937929/11968203368145251331208
5 3 11 11/16
5 3 12 1830514450953383892779/47872813472581005324832
5 4 0 5890482760588585374075/23936406736290502662416
5 4 8 13319085472163791477769/47872813472581005324832
5 4 9 22772762479240043098913/47872813472581005324832
5 5 4 3977624614397485235319/23936406736290502662416
5 5 7 10444707850317990516195/47872813472581005324832
5 5 8 606178438108554928893/47872813472581005324832
5 5 10 14433338977679744704553/23936406736290502662416
6 0 3 749940773791753408222/1496025421018156416401
6 0 9 165976526012097451669/23936406736290502662416
6 0 14 905490602277719283015/1841262056637730974032
6 1 1 2522926519310282855525/5984101684072625665604
6 1 3 10125629629122027896141/47872813472581005324832
6 1 4 2353727638189774687859/47872813472581005324832
6 1 9 1901255506348367487079/5984101684072625665604
6 2 5 618802835391116445361/5984101684072625665604
6 2 9 613790707315325071654/1496025421018156416401
6 2 12 223856616878477610279/920631028318865487016
6 2 13 223856616878477610279/920631028318865487016
6 3 0 2412945429042202473895/47872813472581005324832
6 3 7 18203751174747571759019/47872813472581005324832
6 3 12 1048312187261201195843/1841262056637730974032
6 4 0 7388379800739714253959/23936406736290502662416
6 4 1 191139937229604853447/23936406736290502662416
6 4 2 9356624395994901991113/23936406736290502662416
6 4 3 1179990563485863696643/23936406736290502662416
6 4 4 223856616878477610279/920631028318865487016
6 5 0 202250209917966598891/1496025421018156416401
6 5 1 4948462955906758164099/47872813472581005324832
6 5 5 5482865720937555170775/47872813472581005324832
6 5 8 1048312187261201195843/1841262056637730974032
6 5 9 35705396245870478207/460315514159432743508
6 6 0 15234949198575504680101/47872813472581005324832
6 6 1 13382505961623836111233/47872813472581005324832
6 6 5 9627679156190832266749/23936406736290502662416
7 0 0 26512500687747613545957/47872813472581005324832
7 0 10 21360312784833391778875/47872813472581005324832
7 1 2 23393743543197418734365/47872813472581005324832
7 1 3 868294979327638432265/3682524113275461948064
7 1 5 5386048765439544520779/23936406736290502662416
7 1 14 302392208405649741183/5984101684072625665604
7 2 2 2549796089021993534555/23936406736290502662416
7 2 10 4937062514247006884991/23936406736290502662416
7 2 13 8224774066510751121435/11968203368145251331208
7 3 3 2549796089021993534555/11968203368145251331208
7 3 7 584589922276644469743/23936406736290502662416
7 3 10 5990833182250844003145/23936406736290502662416
7 3 11 5/16
7 3 12 4781264348628245038413/23936406736290502662416
7 4 1 10755928964552921982817/23936406736290502662416
7 4 7 13180477771737580679599/23936406736290502662416
7 5 1 1981665923892583397357/47872813472581005324832
7 5 4 28493335721241405803475/47872813472581005324832
7 5 5 495478608162309997397/47872813472581005324832
7 5 6 1779776438443983484411/23936406736290502662416
7 5 7 1026367718645903012137/3682524113275461948064
7 6 0 18368261942797078946073/47872813472581005324832
7 6 1 751378459598187376971/11968203368145251331208
7 6 8 26499037691391176870875/47872813472581005324832
7 7 1 18381724939153515621155/47872813472581005324832
7 7 2 16387426909303286688555/47872813472581005324832
7 7 5 12101328562397449487441/47872813472581005324832
7 7 7 1002333061726753527681/47872813472581005324832
8 0 3 7353669526048893022889/23936406736290502662416
8 0 10 4066549947094068238189/11968203368145251331208
8 0 14 8449637316053473163149/23936406736290502662416
8 1 0 11249227307838115647651/47872813472581005324832
8 1 4 208804966916252360799/3682524113275461948064
8 1 11 9797431435472435420427/47872813472581005324832
8 1 14 24111690159359173566367/47872813472581005324832
8 2 2 38018913949429807059863/47872813472581005324832
8 2 12 9853899523151198264969/47872813472581005324832
8 3 0 21372150876288530716787/47872813472581005324832
8 3 6 7784839658099830840925/23936406736290502662416
8 3 8 10930983280092812926195/47872813472581005324832
8 4 1 8825177420144068864337/47872813472581005324832
8 4 6 2009915477249949047849/23936406736290502662416
8 4 7 14015594805459916913005/47872813472581005324832
8 4 8 1313263143279820090737/2992050842036312832802
8 5 1 5228890525664063043153/47872813472581005324832
8 5 3 14785374386231001395069/47872813472581005324832
8 5 5 9486163108569534551037/47872813472581005324832
8 5 6 3694486492270956319939/23936406736290502662416
8 5 8 2068148177908191192289/23936406736290502662416
8 5 10 6847116111758111311117/47872813472581005324832
8 6 0 3980684032094126221997/47872813472581005324832
8 6 1 10172442106053447406859/47872813472581005324832
8 6 4 1399603986225990149255/47872813472581005324832
8 6 7 12414025304707408266571/47872813472581005324832
8 6 9 9953029021750016640075/23936406736290502662416
8 7 0 14262802098396545571199/47872813472581005324832
8 7 4 8731881809050240258129/47872813472581005324832
8 7 5 5100661531758281510223/23936406736290502662416
8 7 6 7338403250808828237529/23936406736290502662416
8 8 1 7694563477458811597817/23936406736290502662416
8 8 2 12845950365187511097771/47872813472581005324832
8 8 5 19637736152475871031427/47872813472581005324832
9 0 1 7251979061320096994829/47872813472581005324832
9 0 7 3243604529620553137821/47872813472581005324832
9 0 9 20222844747510335716763/47872813472581005324832
9 0 11 12715652794912974668077/47872813472581005324832
9 0 14 2219366169608522403671/23936406736290502662416
9 1 0 4139824771493811271031/23936406736290502662416
9 1 1 4233402697276500837855/23936406736290502662416
9 1 4 4635102254748291298885/23936406736290502662416
9 1 12 10928077012771899254645/23936406736290502662416
9 2 0 117029680872513369829/1496025421018156416401
9 2 1 434407238604597669419/5984101684072625665604
9 2 3 20951263354758207873949/47872813472581005324832
9 2 12 19701342421065588261003/47872813472581005324832
9 3 1 18406073837199153565965/47872813472581005324832
9 3 2 6606360058407226878587/47872813472581005324832
9 3 5 14201013754875988818487/47872813472581005324832
9 3 9 8659365822098636061793/47872813472581005324832
9 4 6 20089424739783622531133/47872813472581005324832
9 4 11 27783388732797382793699/47872813472581005324832
9 5 2 15761444500800709481685/23936406736290502662416
9 5 6 8174962235489793180731/23936406736290502662416
9 6 2 6507961756207868471043/47872813472581005324832
9 6 8 13398096287292164809107/47872813472581005324832
9 6 9 13983377714540486022341/23936406736290502662416
9 7 0 22082472467467971722047/47872813472581005324832
9 7 3 25790341005113033602785/47872813472581005324832
9 8 0 22741894200313921724601/47872813472581005324832
9 8 5 5820124321151937654445/47872813472581005324832
9 8 6 9655397475557572972893/23936406736290502662416
9 9 1 1371150031724160961165/5984101684072625665604
9 9 3 414506483123870061947/2992050842036312832802
9 9 4 29172687651994207659503/47872813472581005324832
9 9 6 1098821836811588984857/47872813472581005324832
10 0 3 1543829704277699345787/11968203368145251331208
10 0 13 10424373663867551985421/11968203368145251331208
10 1 5 193205353282831306321/23936406736290502662416
10 1 8 15775196098468244954671/47872813472581005324832
10 1 11 21657656705538596145781/47872813472581005324832
10 1 12 8793620645094169505319/47872813472581005324832
10 1 13 96917639762640931263/3682524113275461948064
10 2 0 2243893343779193346631/47872813472581005324832
10 2 1 13247129796672008140459/47872813472581005324832
10 2 10 16190895166064901918871/23936406736290502662416
10 3 2 599193947927747045191/920631028318865487016
10 3 4 9250588971548149127589/47872813472581005324832
10 3 7 3503236189014986794893/47872813472581005324832
10 3 10 1980451509887511526209/23936406736290502662416
10 4 1 2464136700735856351753/11968203368145251331208
10 4 2 2800323411201687244215/23936406736290502662416
10 4 3 9018523973642035968655/47872813472581005324832
10 4 9 3560560022754418441501/23936406736290502662416
10 4 11 16275975828083332577733/47872813472581005324832
10 5 0 2679003110126329389907/5984101684072625665604
10 5 3 5481738078006810233485/11968203368145251331208
10 5 9 1128459069885782317909/11968203368145251331208
10 6 0 10288918299114295476661/47872813472581005324832
10 6 1 8509173650156773788361/23936406736290502662416
10 6 4 20565547873153162271449/47872813472581005324832
10 7 2 23830442224337155303849/47872813472581005324832
10 7 7 24042371248243850020983/47872813472581005324832
10 8 0 25130919272267083600231/47872813472581005324832
10 8 1 790519339769494973997/3682524113275461948064
10 8 3 779071423956905441415/2992050842036312832802
10 9 0 1315721617901768413723/47872813472581005324832
10 9 6 46557091854679236911109/47872813472581005324832
10 10 0 605397567172398383085/11968203368145251331208
10 10 1 388571636432192303209/1496025421018156416401
10 10 4 8254232709515314522451/11968203368145251331208
11 0 2 25208303469459299828339/47872813472581005324832
11 0 10 2264082395771161064841/47872813472581005324832
11 0 11 392315915525972008301/920631028318865487016
11 1 7 4408315116118716938597/11968203368145251331208
11 1 9 491236904370943154373/11968203368145251331208
11 1 12 177016749459716416743/47872813472581005324832
11 1 13 28097588641162648536209/47872813472581005324832
11 2 5 1584546448055514345583/2992050842036312832802
11 2 7 423644906912065399411/2992050842036312832802
11 2 11 491929743534366543904/1496025421018156416401
11 3 0 585388425293240490737/5984101684072625665604
11 3 1 29466739635381851758867/47872813472581005324832
11 3 7 1062061304070242146455/23936406736290502662416
11 3 10 11598843826712745347159/47872813472581005324832
11 4 0 361205061503374481051/11968203368145251331208
11 4 2 2280729435082482576839/11968203368145251331208
11 4 6 23763557778297484698001/47872813472581005324832
11 4 8 13541517707940092395271/47872813472581005324832
11 5 1 35713794067117600720223/47872813472581005324832
11 5 10 12159019405463404604609/47872813472581005324832
11 6 1 909158916083935668839/11968203368145251331208
11 6 3 22557679533409515691511/47872813472581005324832
11 6 5 21678498274835746957965/47872813472581005324832
11 7 0 10230422278160770320045/47872813472581005324832
11 7 8 37642391194420235004787/47872813472581005324832
11 8 3 428400852703604459401/23936406736290502662416
11 8 4 7688094184632846691195/11968203368145251331208
11 8 5 13201968356400355449407/47872813472581005324832
11 8 7 3061666672242054191843/47872813472581005324832
11 9 0 37516223705348860454867/47872813472581005324832
11 9 2 10139689986141965441099/47872813472581005324832
11 9 6 108449890545089714433/23936406736290502662416
11 10 0 7471297867483071264717/23936406736290502662416
11 10 2 6086564542725999894413/11968203368145251331208
11 10 5 4291979783355431608873/23936406736290502662416
11 11 3 40719580725672546618237/47872813472581005324832
11 11 4 7153232746908458706595/47872813472581005324832
12 0 1 4730228464063831874787/11968203368145251331208
12 0 4 21138819241689059265449/47872813472581005324832
12 0 6 7813080374636618560235/47872813472581005324832
12 1 7 9395979581530721128835/47872813472581005324832
12 1 10 38476833891050284195997/47872813472581005324832
12 2 4 33792183705307853410041/47872813472581005324832
12 2 5 14080629767273151914791/47872813472581005324832
12 3 0 10654191788485702318139/47872813472581005324832
12 3 8 900880438631612799107/1496025421018156416401
12 3 10 8390447647883693435269/47872813472581005324832
12 4 0 1241891756494431759035/2992050842036312832802
12 4 5 1998207617484917649789/11968203368145251331208
12 4 7 7496263123645927052629/47872813472581005324832
12 4 10 12513451775084499528487/47872813472581005324832
12 5 0 2496097734274429880133/5984101684072625665604
12 5 5 38344150475987200063/11968203368145251331208
12 5 7 11205833541444898641799/47872813472581005324832
12 5 9 16544821455036718841717/47872813472581005324832
12 6 1 25283407763910847953/1841262056637730974032
12 6 2 13924631437650169999883/47872813472581005324832
12 6 3 25315133939171489633321/47872813472581005324832
12 6 8 306756903611448601725/1841262056637730974032
12 7 1 4446384223456886155013/47872813472581005324832
12 7 6 16598003485481674424887/23936406736290502662416
12 7 8 10230422278160770320045/47872813472581005324832
12 8 1 7953808518714782644807/23936406736290502662416
12 8 7 15982598217575720017609/23936406736290502662416
12 9 0 4520434074665188228121/23936406736290502662416
12 9 3 19415972661625314434295/23936406736290502662416
12 10 0 15267161134985394860045/47872813472581005324832
12 10 5 32605652337595610464787/47872813472581005324832
12 11 1 24763492186212293309661/47872813472581005324832
12 11 2 23109321286368712015171/47872813472581005324832
12 12 1 2526373786423016629959/11968203368145251331208
12 12 2 9441829581722234701249/11968203368145251331208
13 0 0 1101443232939649428765/11968203368145251331208
13 0 2 536315883625155054683/47872813472581005324832
13 0 7 10675491882762366973799/23936406736290502662416
13 0 12 21579740891672518607491/47872813472581005324832
13 1 3 11236682123827303003199/23936406736290502662416
13 1 6 15671678661407353699033/47872813472581005324832
13 1 12 9727770563519045619401/47872813472581005324832
13 2 4 845847292355439823975/23936406736290502662416
13 2 6 11469515993936971333137/47872813472581005324832
13 2 7 2022162695062611491271/11968203368145251331208
13 2 9 26622952113682708378661/47872813472581005324832
13 3 2 10108368121930932096313/47872813472581005324832
13 3 3 7059824575116099900469/11968203368145251331208
13 3 8 9199137908510267601/460315514159432743508
13 3 12 8568436707700605796139/47872813472581005324832
13 4 2 784705513572325712247/11968203368145251331208
13 4 5 22804191140468509064509/47872813472581005324832
13 4 9 11845350178034154026681/47872813472581005324832
13 4 10 5042225049894519692327/23936406736290502662416
13 5 4 11424228522544629050719/47872813472581005324832
13 5 6 10287181570085769677335/23936406736290502662416
13 5 8 15874221809864836919443/47872813472581005324832
13 6 2 13720110139361483426953/23936406736290502662416
13 6 4 10216296596929019235463/23936406736290502662416
13 7 1 3130588038746325443583/5984101684072625665604
13 7 7 2853513645326300222021/5984101684072625665604
13 8 2 35026863107393494227061/47872813472581005324832
13 8 7 12845950365187511097771/47872813472581005324832
13 9 5 1
13 10 0 15241466333939874403013/47872813472581005324832
13 10 1 32631347138641130921819/47872813472581005324832
13 11 1 23109321286368712015171/47872813472581005324832
13 11 4 24763492186212293309661/47872813472581005324832
13 12 0 4450025821429891111863/11968203368145251331208
13 12 3 7518177546715360219345/11968203368145251331208
13 13 0 43338030183562409920129/47872813472581005324832
13 13 2 4534783289018595404703/47872813472581005324832
14 0 4 23741943388855633226581/47872813472581005324832
14 0 6 9200969278114278057427/23936406736290502662416
14 0 8 440687040576678152569/3682524113275461948064
14 1 5 14254169638895031479763/23936406736290502662416
14 1 9 10098036748964307760323/47872813472581005324832
14 1 10 9266437445826634604983/47872813472581005324832
14 2 2 4754307345107211195859/47872813472581005324832
14 2 7 19544263916914317235349/47872813472581005324832
14 2 8 1720115199545751975603/3682524113275461948064
14 2 11 1212744616464701210785/47872813472581005324832
14 3 5 868771770312754098664/1496025421018156416401
14 3 9 627253650705402317737/1496025421018156416401
14 4 2 1412147257946074212229/5984101684072625665604
14 4 3 2848643380779531149613/23936406736290502662416
14 4 4 15439174323726674663887/23936406736290502662416
14 5 2 8174962235489793180731/23936406736290502662416
14 5 7 8422094473170791485419/47872813472581005324832
14 5 9 23100794528430627477951/47872813472581005324832
14 6 4 2737534209671907216601/23936406736290502662416
14 6 5 6938956885363593833369/47872813472581005324832
14 6 7 35458788167873597058261/47872813472581005324832
14 7 0 1297116628555717711541/47872813472581005324832
14 7 2 1913736084735140833107/11968203368145251331208
14 7 3 22082472467467971722047/47872813472581005324832
14 7 5 526196251175523517463/1496025421018156416401
14 8 1 6299318063230382177623/47872813472581005324832
14 8 4 13011476887884763768163/47872813472581005324832
14 8 6 14281009260732929689523/23936406736290502662416
14 9 1 2185745217919445993483/5984101684072625665604
14 9 2 21478521998817137177289/47872813472581005324832
14 9 4 8908329730408300199679/47872813472581005324832
14 10 3 41189611904306473682533/47872813472581005324832
14 10 5 6683201568274531642299/47872813472581005324832
14 11 0 1
14 12 0 7106376549451972542819/11968203368145251331208
14 12 2 205900498631693838263/5984101684072625665604
14 12 3 4450025821429891111863/11968203368145251331208
14 13 1 6071354814998643911137/11968203368145251331208
14 13 2 5896848553146607420071/11968203368145251331208
14 14 0 9174038120108458943609/47872813472581005324832
14 14 1 38698775352472546381223/47872813472581005324832
15 0 5 12738994178171066951321/23936406736290502662416
15 0 6 1207620171187692533149/47872813472581005324832
15 0 7 1313519249201425333493/5984101684072625665604
15 0 8 10679050951439776221097/47872813472581005324832
15 1 6 2470090973704076366883/47872813472581005324832
15 1 7 15489652679128596179059/47872813472581005324832
15 1 8 14956534909874166389445/23936406736290502662416
15 2 4 1112489666158947493627/5984101684072625665604
15 2 7 13461580264823195733823/47872813472581005324832
15 2 8 1962408913729709972461/3682524113275461948064
15 3 6 16151567078190671821491/23936406736290502662416
15 3 7 7784839658099830840925/23936406736290502662416
15 4 3 30797021610408179663665/47872813472581005324832
15 4 5 17075791862172825661167/47872813472581005324832
15 5 3 11160486774322762995823/47872813472581005324832
15 5 5 32254929433007656805371/47872813472581005324832
15 5 7 2228698632625292761819/23936406736290502662416
15 6 6 1
15 7 4 39140931663530765066703/47872813472581005324832
15 7 5 8731881809050240258129/47872813472581005324832
15 8 3 17275434491931654671695/23936406736290502662416
15 8 4 4108959846164854791889/47872813472581005324832
15 8 5 9212984642552841189553/47872813472581005324832
15 9 1 606801608607254677739/1496025421018156416401
15 9 2 312588490146575052047/920631028318865487016
15 9 3 1204382209674227732545/23936406736290502662416
15 9 4 4895898045089248732825/23936406736290502662416
15 10 1 2807173968109720700325/47872813472581005324832
15 10 2 5881638825419251436795/11968203368145251331208
15 10 3 6683201568274531642299/47872813472581005324832
15 10 4 3713970658629936808757/11968203368145251331208
15 11 2 24763492186212293309661/47872813472581005324832
15 11 3 7153232746908458706595/47872813472581005324832
15 11 4 498627766858132915893/1496025421018156416401
15 12 0 205900498631693838263/5984101684072625665604
15 12 1 9441829581722234701249/11968203368145251331208
15 12 2 2114572789159628953433/11968203368145251331208
15 13 0 4534783289018595404703/47872813472581005324832
15 13 1 5896848553146607420071/11968203368145251331208
15 13 2 1519279690075075403065/3682524113275461948064
15 14 0 38698775352472546381223/47872813472581005324832
15 14 1 9174038120108458943609/47872813472581005324832
15 15 0 1
