# exact hook decomposition of the 13-box: a s i value
0 0 0 1/13
0 0 1 1/13
0 0 2 1/13
0 0 3 1/13
0 0 4 1/13
0 0 5 1/13
0 0 6 1/13
0 0 7 1/13
0 0 8 1/13
0 0 9 1/13
0 0 10 1/13
0 0 11 1/13
0 0 12 1/13
1 0 2 3/13
1 0 3 3/13
1 0 6 3/13
1 0 7 2/13
1 0 10 2/13
1 1 0 3/13
1 1 4 3/13
1 1 7 1/13
1 1 8 2/13
1 1 9 1/13
1 1 11 3/13
2 0 0 2314565680/6113034447
2 0 3 309717838/2037678149
2 0 5 1385412166/6113034447
2 0 6 117413570/2037678149
2 0 7 1131662377/6113034447
2 1 1 2314565680/6113034447
2 1 3 1385412166/6113034447
2 1 4 965754929/6113034447
2 1 7 79447411/2037678149
2 1 8 37966159/2037678149
2 1 10 547530481/6113034447
2 1 11 547530481/6113034447
2 2 0 36601415/6113034447
2 2 1 36601415/6113034447
2 2 6 666308795/2037678149
2 2 7 981162485/6113034447
2 2 9 1256106133/6113034447
2 2 10 138741278/470233419
3 0 1 7/13
3 0 5 6/13
3 1 5 1/13
3 1 6 442176937/2037678149
3 1 8 1987662806/6113034447
3 1 10 256775159/6113034447
3 1 11 2071832252/6113034447
3 2 2 7/13
3 2 6 1792497409/12226068894
3 2 7 50015343/2037678149
3 2 9 370202733/4075356298
3 2 10 1219801681/6113034447
3 3 0 7/13
3 3 6 1197241997/12226068894
3 3 7 605019031/2037678149
3 3 8 815444845/12226068894
4 0 3 858749342/2037678149
4 0 12 1178928807/2037678149
4 1 3 332798624/2037678149
4 1 6 291939876/2037678149
4 1 7 533760933/2037678149
4 1 9 647407266/2037678149
4 1 11 231771450/2037678149
4 2 0 1274385158/2037678149
4 2 7 52358211/2037678149
4 2 9 710934780/2037678149
4 3 1 876939324/2037678149
4 3 3 219152291/2037678149
4 3 4 64647210/2037678149
4 3 5 876939324/2037678149
4 4 0 136315099/2037678149
4 4 1 533760933/2037678149
4 4 2 136315099/2037678149
4 4 6 763292991/2037678149
4 4 7 467994027/2037678149
5 0 0 3328235348/6113034447
5 0 3 406247969/12226068894
5 0 9 71797634/470233419
5 0 11 3296611745/12226068894
5 1 0 18373160/156744473
5 1 4 2336525398/6113034447
5 1 8 4582689913/12226068894
5 1 9 512407235/4075356298
5 2 0 20212213/4075356298
5 2 1 1485338123/2037678149
5 2 2 411562691/4075356298
5 2 10 336452574/2037678149
5 3 0 58554919/2037678149
5 3 2 2836042211/6113034447
5 3 3 51963769/940466838
5 3 8 1056213615/4075356298
5 3 9 90710966/470233419
5 4 0 1843591889/12226068894
5 4 4 99761710/470233419
5 4 6 2263066023/4075356298
5 4 7 38441326/470233419
5 5 2 1688863042/6113034447
5 5 6 1440204076/6113034447
5 5 7 2983967329/6113034447
6 0 8 693412810/2037678149
6 0 10 1344265339/2037678149
6 1 2 1342830395/12226068894
6 1 3 3729226409/6113034447
6 1 8 119947903/940466838
6 1 11 932731471/6113034447
6 2 0 341993729/940466838
6 2 2 1146200279/12226068894
6 2 7 1236736639/6113034447
6 2 10 693412810/2037678149
6 3 2 135669737/313488946
6 3 8 964646292/2037678149
6 3 9 382357133/4075356298
6 4 1 177819209/313488946
6 4 7 2286364100/6113034447
6 4 8 718391543/12226068894
6 5 1 726325452/2037678149
6 5 4 1207138599/4075356298
6 5 7 1415566795/4075356298
6 6 0 598473109/940466838
6 6 1 311055677/4075356298
6 6 3 1141595227/4075356298
6 6 6 87965765/12226068894
7 0 2 7355592187/12226068894
7 0 6 4870476707/12226068894
7 1 0 7964142959/12226068894
7 1 2 365264462/6113034447
7 1 5 550154445/4075356298
7 1 10 2/13
7 2 3 145768510/470233419
7 2 5 634714533/4075356298
7 2 7 412399879/6113034447
7 2 8 5707144277/12226068894
7 3 4 192627661/6113034447
7 3 7 1674415421/4075356298
7 3 9 6817567309/12226068894
7 4 1 927186025/12226068894
7 4 2 6020881459/12226068894
7 4 8 2639000705/6113034447
7 5 0 1945076117/4075356298
7 5 1 1257549809/12226068894
7 5 3 1040618961/4075356298
7 5 7 2011433851/12226068894
7 6 0 153815630/6113034447
7 6 1 3958123777/12226068894
7 6 3 2154878501/4075356298
7 6 4 747839177/6113034447
7 7 4 1
8 0 1 341287733/940466838
8 0 7 1757226992/6113034447
8 0 11 20948389/4075356298
8 0 12 702004869/2037678149
8 1 2 2387235730/6113034447
8 1 10 3725798717/6113034447
8 2 1 2537765989/12226068894
8 2 2 525393419/6113034447
8 2 5 716646053/2037678149
8 2 9 4337639749/12226068894
8 3 1 1160738825/2037678149
8 3 5 1679345437/6113034447
8 3 9 73190195/470233419
8 4 0 884961521/6113034447
8 4 2 1063388399/6113034447
8 4 5 4164684527/6113034447
8 5 3 4045107499/6113034447
8 5 6 2067926948/6113034447
8 6 0 4138287217/12226068894
8 6 2 194637851/4075356298
8 6 4 1916849789/12226068894
8 6 6 1862339445/4075356298
8 7 0 4086802972/6113034447
8 7 1 341499463/2037678149
8 7 2 472660791/4075356298
8 7 3 585483799/12226068894
8 8 0 1906120043/12226068894
8 8 2 232077124/470233419
8 8 4 4285943627/12226068894
9 0 1 265593661/12226068894
9 0 3 8206435/940466838
9 0 7 33186796/156744473
9 0 10 223179391/2037678149
9 0 11 3963072572/6113034447
9 1 0 7418941/12226068894
9 1 1 3798468767/6113034447
9 1 5 1108183796/6113034447
9 1 9 801781609/4075356298
9 2 7 5707144277/12226068894
9 2 8 6518924617/12226068894
9 3 3 2884453483/4075356298
9 3 7 1190902815/4075356298
9 4 0 2598221123/4075356298
9 4 4 1477135175/4075356298
9 5 1 6610566373/12226068894
9 5 2 5226927013/12226068894
9 5 6 194287754/6113034447
9 6 2 1926726355/12226068894
9 6 3 389441285/2037678149
9 6 5 7962694829/12226068894
9 7 0 257840033/4075356298
9 7 2 519713170/2037678149
9 7 3 107410379/2037678149
9 7 5 2563269167/4075356298
9 8 0 4991813425/12226068894
9 8 3 1591454441/12226068894
9 8 4 6/13
9 9 0 2150727044/6113034447
9 9 1 3388353413/12226068894
9 9 3 1512087131/4075356298
10 0 3 1/13
10 0 4 12/13
10 1 6 5814177977/12226068894
10 1 7 758521213/12226068894
10 1 9 576431988/2037678149
10 1 10 642463252/6113034447
10 1 11 454925636/6113034447
10 2 2 368520973/2037678149
10 2 3 2554887053/4075356298
10 2 4 853098305/6113034447
10 2 7 644085287/12226068894
10 3 0 881911919/2037678149
10 3 2 1262864729/12226068894
10 3 4 2207434598/6113034447
10 3 8 418954485/4075356298
10 4 1 28010517/2037678149
10 4 3 186123349/470233419
10 4 4 66004949/6113034447
10 4 6 285704293/4075356298
10 4 8 2076558647/4075356298
10 5 3 1013997013/12226068894
10 5 5 2130280181/4075356298
10 5 6 2410615669/6113034447
10 6 2 1411610035/12226068894
10 6 5 4263374065/12226068894
10 6 6 3275542397/6113034447
10 7 0 3278942851/12226068894
10 7 1 8947126043/12226068894
10 8 1 10634614453/12226068894
10 8 2 1591454441/12226068894
10 9 0 835418655/2037678149
10 9 2 1202259494/2037678149
10 10 0 6166877303/12226068894
10 10 2 6059191591/12226068894
11 0 2 1108609355/12226068894
11 0 5 1435988348/6113034447
11 0 6 27346031/4075356298
11 0 7 173053259/2037678149
11 0 8 1187520866/2037678149
11 1 2 5378238115/12226068894
11 1 7 6847830779/12226068894
11 2 1 703071337/12226068894
11 2 3 771426475/12226068894
11 2 4 5259936142/6113034447
11 2 5 115849399/6113034447
11 3 6 11028826897/12226068894
11 3 8 1197241997/12226068894
11 4 1 496652509/6113034447
11 4 3 284110070/470233419
11 4 7 640983676/2037678149
11 5 0 2130280181/4075356298
11 5 5 1945076117/4075356298
11 6 1 2280124267/12226068894
11 6 2 566201938/6113034447
11 6 4 2937846917/4075356298
11 7 2 2563269167/4075356298
11 7 5 1512087131/4075356298
11 8 0 888022571/2037678149
11 8 2 4600609229/12226068894
11 8 4 2297324239/12226068894
11 9 0 1456051438/6113034447
11 9 1 1922826491/12226068894
11 9 3 7391139527/12226068894
11 10 0 229266226/6113034447
11 10 1 5023233622/6113034447
11 10 2 860534599/6113034447
11 11 0 6541125977/12226068894
11 11 1 5684942917/12226068894
12 0 6 1403602661/6113034447
12 0 9 4709431786/6113034447
12 1 4 35898817/156744473
12 1 5 7418771129/12226068894
12 1 6 2007190039/12226068894
12 2 5 5790350179/12226068894
12 2 6 6435718715/12226068894
12 3 3 791132851/6113034447
12 3 4 1173010186/2037678149
12 3 5 1802871038/6113034447
12 4 2 3260520043/12226068894
12 4 4 1689616337/4075356298
12 4 5 1948349920/6113034447
12 5 2 1207138599/4075356298
12 5 4 2868217699/4075356298
12 6 1 5054653819/12226068894
12 6 2 7171415075/12226068894
12 7 1 1229946073/12226068894
12 7 3 10996122821/12226068894
12 8 1 1591454441/12226068894
12 8 3 10634614453/12226068894
12 9 1 3457444495/6113034447
12 9 2 835418655/2037678149
12 9 3 149333987/6113034447
12 10 0 5600659139/12226068894
12 10 1 1089800825/6113034447
12 10 2 1481936035/4075356298
12 11 0 5684942917/12226068894
12 11 1 6541125977/12226068894
12 12 0 1
