# exact hook decomposition of the 18-box: a s i value
0 0 0 1/18
0 0 1 1/18
0 0 2 1/18
0 0 3 1/18
0 0 4 1/18
0 0 5 1/18
0 0 6 1/18
0 0 7 1/18
0 0 8 1/18
0 0 9 1/18
0 0 10 1/18
0 0 11 1/18
0 0 12 1/18
0 0 13 1/18
0 0 14 1/18
0 0 15 1/18
0 0 16 1/18
0 0 17 1/18
1 0 0 1/6
1 0 1 1/6
1 0 2 1/6
1 0 3 1/6
1 0 4 1/18
1 0 5 1/18
1 0 8 1/9
1 0 9 1/9
1 1 4 1/9
1 1 6 1/6
1 1 8 1/18
1 1 10 1/6
1 1 12 1/6
1 1 14 1/6
1 1 16 1/6
2 0 0 5/18
2 0 1 1/12
2 0 2 5/18
2 0 4 1/12
2 0 9 5/18
2 1 4 1/24
2 1 6 1/8
2 1 11 5/18
2 1 13 5/18
2 1 15 5/36
2 1 16 5/36
2 2 1 7/36
2 2 3 1/12
2 2 4 11/72
2 2 5 11/72
2 2 8 5/18
2 2 15 5/36
3 0 3 733311619820860298719229/2219539767375081240984564
3 0 7 8494613269838427398522327/31073556743251137373783896
3 0 9 411398980728560032882811/31073556743251137373783896
3 0 14 212521103842716174291242/554884941843770310246141
3 1 5 733311619820860298719229/2219539767375081240984564
3 1 7 1771749407653616783546879/31073556743251137373783896
3 1 10 473626151504184375391915/2219539767375081240984564
3 1 11 137538440821449622269745/31073556743251137373783896
3 1 14 6534969304166781608959/1109769883687540620492282
3 1 16 7/18
3 2 0 7/18
3 2 5 129842734158337961663657/2219539767375081240984564
3 2 8 1249138788556603523552419/7768389185812784343445974
3 2 10 136930269953555205306533/15536778371625568686891948
3 2 13 212521103842716174291242/554884941843770310246141
3 3 1 7/18
3 3 3 129842734158337961663657/2219539767375081240984564
3 3 8 5315856393828744767603849/31073556743251137373783896
3 3 9 3890920658326738537492531/10357852247750379124594632
3 3 10 6534969304166781608959/1109769883687540620492282
4 0 0 281129941212451807135135/4439079534750162481969128
4 0 2 2174290867102291708072055/20715704495500758249189264
4 0 4 12466523186235486604207327/62147113486502274747567792
4 0 7 194008137588915484415917/1479693178250054160656376
4 0 13 1/2
4 1 1 1708421057005499725958855/4439079534750162481969128
4 1 7 198062162895508330540211/1109769883687540620492282
4 1 10 194008137588915484415917/2959386356500108321312752
4 1 14 194008137588915484415917/2959386356500108321312752
4 1 16 11/36
4 2 4 449854804213367513129791/10357852247750379124594632
4 2 5 845266703026301465575969/4439079534750162481969128
4 2 6 8530704009261161304315437/62147113486502274747567792
4 2 9 1285685040661138676240459/2959386356500108321312752
4 2 15 7/36
4 3 0 10624250553019268101319/58795755427154469959856
4 3 2 632789343867266086143761/62147113486502274747567792
4 3 3 18773627160557966878609/58795755427154469959856
4 3 5 1272374623537945506579627/6905234831833586083063088
4 3 9 194008137588915484415917/2959386356500108321312752
4 3 12 2130746414025019507955605/8878159069500324963938256
4 4 0 2272557818819349384399689/8878159069500324963938256
4 4 1 511118710369581515025709/4439079534750162481969128
4 4 10 1285685040661138676240459/2959386356500108321312752
4 4 12 7/36
5 0 6 1288010908716751077813499/20715704495500758249189264
5 0 9 887638632898845751911437/31073556743251137373783896
5 0 11 135310073966593274915995/986462118833369440437584
5 0 12 14417587335724479442596443/62147113486502274747567792
5 0 17 3729520166548274916444477/6905234831833586083063088
5 1 0 1866195011329439834167571/5178926123875189562297316
5 1 6 23677109572235852742005951/62147113486502274747567792
5 1 7 2002028563434229318139/205785143995040644859496
5 1 9 72634042967868576251047/291770485852123355622384
5 2 2 13455885119924271476001925/62147113486502274747567792
5 2 7 2880312557453437912897865/62147113486502274747567792
5 2 12 7638926918116164839651993/62147113486502274747567792
5 2 13 3916062117019920950910509/31073556743251137373783896
5 2 14 10113288218989519539064997/20715704495500758249189264
5 3 0 1103142316912911054997817/15536778371625568686891948
5 3 2 1327598821032769360292683/4439079534750162481969128
5 3 5 1903978320747253482956645/31073556743251137373783896
5 3 6 4501126315996936544653039/62147113486502274747567792
5 3 10 317010428491953756554563/875311457556370066867152
5 3 12 692410425855534417886667/62147113486502274747567792
5 3 13 7638926918116164839651993/62147113486502274747567792
5 4 0 232747545239162525559268/1294731530968797390574329
5 4 1 3896112859782861361709033/15536778371625568686891948
5 4 2 5936522960701680936747497/62147113486502274747567792
5 4 11 4207750987884192448162757/8878159069500324963938256
5 5 3 932395064095363312134881/1726308707958396520765772
5 5 4 13351024283680650754000195/62147113486502274747567792
5 5 7 600930934402127530436955/3452617415916793041531544
5 5 12 4413110076150249208846691/62147113486502274747567792
6 0 1 2198134689517955601335431/10357852247750379124594632
6 0 3 8759043435785711171108465/62147113486502274747567792
6 0 4 807233525108910824593385/31073556743251137373783896
6 0 7 11566854075041400509410177/62147113486502274747567792
6 0 16 1929852913453543414989271/4439079534750162481969128
6 1 1 1945719057049734032587403/6905234831833586083063088
6 1 7 1374125075282968362278458/3884194592906392171722987
6 1 12 22649640768527174657825837/62147113486502274747567792
6 2 4 6062227900832706575738419/20715704495500758249189264
6 2 10 22234385638391134882084235/62147113486502274747567792
6 2 13 17301236711218014224991997/62147113486502274747567792
6 2 14 1474935811465001971092101/20715704495500758249189264
6 3 0 14863480385478151895924639/31073556743251137373783896
6 3 1 14183746756362969638610859/62147113486502274747567792
6 3 2 16076480691678891284015/1479693178250054160656376
6 3 11 2059957792979396033197525/62147113486502274747567792
6 3 14 61512841179178935912625/246615529708342360109396
6 4 2 26697342704420189812694815/62147113486502274747567792
6 4 3 914003171453756368136047/8878159069500324963938256
6 4 5 3631468572738223794740081/7768389185812784343445974
6 5 0 2526177605993667624676799/10357852247750379124594632
6 5 4 5449564448919699262448593/31073556743251137373783896
6 5 10 22649640768527174657825837/62147113486502274747567792
6 5 11 13441278184173695816783975/62147113486502274747567792
6 6 7 2466574463586560328546119/31073556743251137373783896
6 6 8 318028127810983551992427/863154353979198260382886
6 6 9 2466574463586560328546119/31073556743251137373783896
6 6 11 1049385372491614917497449/2219539767375081240984564
7 0 0 8044177115606699571124559/31073556743251137373783896
7 0 3 748597186142608528650173/3884194592906392171722987
7 0 9 8952389705356131688879951/62147113486502274747567792
7 0 17 25128814571651007458035955/62147113486502274747567792
7 1 1 5075693444233156695999841/20715704495500758249189264
7 1 10 65003540992980839007829/1109769883687540620492282
7 1 14 43279834858195877675129845/62147113486502274747567792
7 2 0 9442178691585584637885/123307764854171180054698
7 2 3 128770712240378149249303/246615529708342360109396
7 2 5 5689246087049380946677613/62147113486502274747567792
7 2 6 5075693444233156695999841/20715704495500758249189264
7 2 8 299937487408304814481201/15536778371625568686891948
7 2 9 58790824416370337221822/1294731530968797390574329
7 3 8 28000944180524340723302797/62147113486502274747567792
7 3 11 8509426380556017947843315/62147113486502274747567792
7 3 12 2752334719799566089363815/20715704495500758249189264
7 3 13 5793246255341072602776745/20715704495500758249189264
7 4 5 911476684650960986916287/8878159069500324963938256
7 4 11 126211110578659839875935/31073556743251137373783896
7 4 12 258557699598164348040403/493231059416684720218792
7 4 13 22936084323419520306311135/62147113486502274747567792
7 5 0 3634729437285247078528591/31073556743251137373783896
7 5 1 12187393635350808511657879/20715704495500758249189264
7 5 3 1840371693973716388436509/15536778371625568686891948
7 5 7 1217109658887165500198993/6905234831833586083063088
7 6 4 1304147583153104149461387/1726308707958396520765772
7 6 7 5736719074654578754165895/31073556743251137373783896
7 6 11 1862181171840683929313035/31073556743251137373783896
7 7 0 1972715839367405638847735/5178926123875189562297316
7 7 2 10601107615164430292493199/20715704495500758249189264
7 7 4 403329020436678853530269/5178926123875189562297316
7 7 9 610417441119989987184049/20715704495500758249189264
8 0 15 725489481053961925032889/1479693178250054160656376
8 0 16 754203697196092235623487/1479693178250054160656376
8 1 0 28762121651369682046460797/62147113486502274747567792
8 1 1 686333355284775275357209/7768389185812784343445974
8 1 3 9298108330951463499416441/20715704495500758249189264
8 2 2 10034622411312512797800535/31073556743251137373783896
8 2 5 4422921723217311433271197/8878159069500324963938256
8 2 12 3705805533785356373022781/20715704495500758249189264
8 3 1 170332162779461358923585/986462118833369440437584
8 3 5 7544714348813740693777481/62147113486502274747567792
8 3 7 986796670707682626757249/15536778371625568686891948
8 3 8 14507941836586712243686261/62147113486502274747567792
8 3 11 25416344363165025690889199/62147113486502274747567792
8 4 1 3427695330457882961132981/15536778371625568686891948
8 4 9 1025033666843109829086579/6905234831833586083063088
8 4 13 39211029163082754441256657/62147113486502274747567792
8 5 0 134969757029563106975593/1294731530968797390574329
8 5 7 2403209182913190894992081/10357852247750379124594632
8 5 9 13713361801027391156215699/62147113486502274747567792
8 5 10 27535948250576709086571143/62147113486502274747567792
8 6 0 15278507792920475686020449/62147113486502274747567792
8 6 2 1680820114934184408205787/62147113486502274747567792
8 6 3 4009987068965782478775379/20715704495500758249189264
8 6 6 33157824371750267217015419/62147113486502274747567792
8 7 0 232239306975058288209613/62147113486502274747567792
8 7 2 23725870061072754651715201/62147113486502274747567792
8 7 6 2564540976478684700750095/15536778371625568686891948
8 7 7 8447373305036995739863007/62147113486502274747567792
8 7 10 19483466907502727264779591/62147113486502274747567792
8 8 0 7943078981901236550516925/62147113486502274747567792
8 8 2 551992444976808203404037/4439079534750162481969128
8 8 3 670364638244062277552171/2219539767375081240984564
8 8 7 76443290638041307564863/6905234831833586083063088
8 8 8 1929852913453543414989271/4439079534750162481969128
9 0 6 8579862245875177361725289/10357852247750379124594632
9 0 10 123027260536189507575135/1726308707958396520765772
9 0 13 1039826438658064717418533/10357852247750379124594632
9 1 2 578210667640954981959757/1109769883687540620492282
9 1 4 2159405602024341768550035/6905234831833586083063088
9 1 11 10332665680389719840871085/62147113486502274747567792
9 2 0 296606549236835614279937/554884941843770310246141
9 2 1 1896049293207825659405849/8878159069500324963938256
9 2 3 1661546028810498878462171/7768389185812784343445974
9 2 13 1015022851832137021767989/62147113486502274747567792
9 2 14 336860959301444570727137/15536778371625568686891948
9 3 7 65124793332122334459911/8878159069500324963938256
9 3 11 4388879028713425311178775/15536778371625568686891948
9 3 12 573304023214888086406755/1726308707958396520765772
9 3 14 23496778982587746050990135/62147113486502274747567792
9 4 0 2894929434503430813393879/6905234831833586083063088
9 4 7 2368151271206374594826345/62147113486502274747567792
9 4 9 3126119460471033881545237/8878159069500324963938256
9 4 10 1252682234352524762830257/6905234831833586083063088
9 4 12 47301747691255232992297/5178926123875189562297316
9 5 0 2165632330191957921698191/62147113486502274747567792
9 5 7 8652371546600114775986393/20715704495500758249189264
9 5 9 1490731482324889918126655/7768389185812784343445974
9 5 11 11049257328955426576448591/31073556743251137373783896
9 6 3 6655220231586818155814633/62147113486502274747567792
9 6 5 1655610397257302369473703/7768389185812784343445974
9 6 7 3496692825202268243576935/31073556743251137373783896
9 6 10 35253624426452501148809665/62147113486502274747567792
9 7 1 16762045134791633732189983/31073556743251137373783896
9 7 5 112547010752749579357199/863154353979198260382886
9 7 9 301548905169279638503637/2959386356500108321312752
9 7 10 14187111434166165160893121/62147113486502274747567792
9 8 0 2079900073585321873751645/31073556743251137373783896
9 8 1 6267765193460340236292809/20715704495500758249189264
9 8 5 668486569376261018088965/4439079534750162481969128
9 8 7 29825205787682956037940565/62147113486502274747567792
9 9 4 10055357786834557275802055/31073556743251137373783896
9 9 6 7060278713584001809373801/31073556743251137373783896
9 9 8 1744740030354072286076005/3884194592906392171722987
10 0 7 1/6
10 0 8 5/6
10 1 0 10990651699179314691096143/62147113486502274747567792
10 1 3 3669473552849706515220721/10357852247750379124594632
10 1 12 29139620470224720965147323/62147113486502274747567792
10 2 4 1034919618287488865021543/2959386356500108321312752
10 2 14 6138282487131280910120609/15536778371625568686891948
10 2 15 15860671553939884941632953/62147113486502274747567792
10 3 2 9689514877581833848961081/31073556743251137373783896
10 3 3 2819817964487857475030033/31073556743251137373783896
10 3 13 9282111950590723024896391/15536778371625568686891948
10 4 1 9725052796321443558093121/62147113486502274747567792
10 4 7 416283882083858817891626/1294731530968797390574329
10 4 11 32440434350155607930676623/62147113486502274747567792
10 5 2 3143252966389209956431767/6905234831833586083063088
10 5 8 6236897461665040807429537/62147113486502274747567792
10 5 12 4/9
10 6 0 13159901252868431745058645/31073556743251137373783896
10 6 6 5248135312231196191587583/20715704495500758249189264
10 6 11 20082905044071822682687753/62147113486502274747567792
10 7 1 14478807033835717441759727/62147113486502274747567792
10 7 3 2803030530511168739423627/3884194592906392171722987
10 7 10 2819817964487857475030033/62147113486502274747567792
10 8 1 37310454204916178181213433/62147113486502274747567792
10 8 2 24836659281586096566354359/62147113486502274747567792
10 9 0 35194511529336475690948991/62147113486502274747567792
10 9 5 19197023352610381616294293/62147113486502274747567792
10 9 7 646298217046284786693709/5178926123875189562297316
10 10 4 3194979159235238735042855/6905234831833586083063088
10 10 5 168082359931646951387867/431577176989599130191443
10 10 6 85216927189145019215831/1726308707958396520765772
10 10 7 680070204935416048951037/6905234831833586083063088
11 0 0 460390972294308872151787/2589463061937594781148658
11 0 1 557982272059115534391727/2219539767375081240984564
11 0 4 18346622258747047535774755/62147113486502274747567792
11 0 14 17127604275036579317181793/62147113486502274747567792
11 1 2 518478422117719674946249/62147113486502274747567792
11 1 3 5374357469227513799885129/62147113486502274747567792
11 1 7 391457354423156831470477/15536778371625568686891948
11 1 11 11043891375986326732410713/20715704495500758249189264
11 1 15 3079539149929347678517481/8878159069500324963938256
11 2 3 701599977972987534171797/3884194592906392171722987
11 2 11 25350776401872842644073465/62147113486502274747567792
11 2 15 25570737437061631556745575/62147113486502274747567792
11 3 3 15377711023948342886754871/31073556743251137373783896
11 3 4 467735437689473956876283/3884194592906392171722987
11 3 11 8605868834948133830922653/62147113486502274747567792
11 3 14 1700228400069541314790541/6905234831833586083063088
11 4 4 11810695124820839088778219/20715704495500758249189264
11 4 5 8905009370679919160411045/20715704495500758249189264
11 5 2 3761981865444376126631321/6905234831833586083063088
11 5 3 6250508662093605407148631/20715704495500758249189264
11 5 9 1589625118537012231073335/10357852247750379124594632
11 6 0 20548803187844935571430053/62147113486502274747567792
11 6 1 17971106301993165889956275/62147113486502274747567792
11 6 2 1869215371690913756947051/31073556743251137373783896
11 6 10 3314795542213724295381227/10357852247750379124594632
11 7 9 12654884421099486811105261/20715704495500758249189264
11 7 10 8060820074401271438084003/20715704495500758249189264
11 8 0 2490291130533556453458619/7768389185812784343445974
11 8 2 702336142789810483246617/3452617415916793041531544
11 8 5 25406020122842678382887881/62147113486502274747567792
11 8 7 3073372883866487151267/45730031998897921079888
11 9 0 649096059940743581779573/7768389185812784343445974
11 9 3 12784816992995703938689747/62147113486502274747567792
11 9 5 1003972042727250221522234/3884194592906392171722987
11 9 6 395858807469642515637827/875311457556370066867152
11 10 0 3242416645626213024321005/8878159069500324963938256
11 10 1 12321881201306283282997255/62147113486502274747567792
11 10 4 4257789486872526014403481/20715704495500758249189264
11 10 7 1594994145021658027901451/6905234831833586083063088
11 11 1 16746854722565777909651813/31073556743251137373783896
11 11 2 14326702020685359464132083/31073556743251137373783896
12 0 4 14110541228148815277073907/62147113486502274747567792
12 0 7 184638435387022173484417/986462118833369440437584
12 0 10 21271122105336266155001683/62147113486502274747567792
12 0 13 5044409574544932128657977/20715704495500758249189264
12 1 2 3249870852943452898097239/6905234831833586083063088
12 1 13 9609659533285248553228429/20715704495500758249189264
12 1 14 678216201692575500834559/10357852247750379124594632
12 2 2 7679058508915670756251345/20715704495500758249189264
12 2 6 2338231093197472638758879/8878159069500324963938256
12 2 8 18766999334508273525955799/62147113486502274747567792
12 2 10 3975320972864680481545805/62147113486502274747567792
12 3 0 993724257607880815285225/6905234831833586083063088
12 3 5 13856511537279424000631107/31073556743251137373783896
12 3 12 5881176389112311465085755/20715704495500758249189264
12 3 14 980880365766945626685161/7768389185812784343445974
12 4 0 4506480836378075254690097/31073556743251137373783896
12 4 1 15971165984043712687746689/62147113486502274747567792
12 4 2 10868513637844463511178571/62147113486502274747567792
12 4 3 32198378005569506697879/3452617415916793041531544
12 4 7 6428725346939424229675129/15536778371625568686891948
12 5 9 20072524936086202537928231/62147113486502274747567792
12 5 10 2990381116849597750792703/15536778371625568686891948
12 5 12 30113064083017681206468749/62147113486502274747567792
12 6 1 44176007184509108857611517/62147113486502274747567792
12 6 4 6801927975798733943907899/62147113486502274747567792
12 6 10 7004715806767427826470765/62147113486502274747567792
12 6 11 4164462519427004119577611/62147113486502274747567792
12 7 1 3379526087532076019089043/62147113486502274747567792
12 7 5 3842613463855614439446309/6905234831833586083063088
12 7 8 8165385332980696829338483/62147113486502274747567792
12 7 9 5339560297096323981374495/20715704495500758249189264
12 8 0 2980720978989405797832727/15536778371625568686891948
12 8 1 1508340925301268964368983/15536778371625568686891948
12 8 9 87680289423292808926113/123307764854171180054698
12 9 1 2361974962178007586033691/8878159069500324963938256
12 9 4 33352828994469114039172565/62147113486502274747567792
12 9 5 670643763718061282855243/5178926123875189562297316
12 9 7 2106367296085186105948237/31073556743251137373783896
12 10 3 85216927189145019215831/1726308707958396520765772
12 10 6 1641091780769251501549941/1726308707958396520765772
12 11 0 56436071490735125000010473/62147113486502274747567792
12 11 2 5711041995767149747557319/62147113486502274747567792
12 12 1 110773852691899757064791/31073556743251137373783896
12 12 2 4362466640267531106980881/15536778371625568686891948
12 12 3 22237849610024175402757343/31073556743251137373783896
13 0 5 4870945696068764878031377/10357852247750379124594632
13 0 14 1174375360942651156181155/15536778371625568686891948
13 0 15 2015995561879934346761065/4439079534750162481969128
13 1 10 1467302848174313378801279/2959386356500108321312752
13 1 15 1492083508325794942511473/2959386356500108321312752
13 2 11 2323747538757063927102349/5178926123875189562297316
13 2 12 2855178585118125635194967/5178926123875189562297316
13 3 0 3917116147441016507533019/31073556743251137373783896
13 3 1 6532059281807844103025135/31073556743251137373783896
13 3 3 757578348162213368908625/20715704495500758249189264
13 3 6 38976027583517913419725609/62147113486502274747567792
13 4 3 797365124230346563885874/1294731530968797390574329
13 4 10 497366406738450826688455/1294731530968797390574329
13 5 1 8528310860149949737531385/20715704495500758249189264
13 5 5 130953747938759805499403/3452617415916793041531544
13 5 8 11401671147718249678661461/20715704495500758249189264
13 6 2 12448112639400837806992673/31073556743251137373783896
13 6 3 33250424987879948322646871/62147113486502274747567792
13 6 8 190498248562888133854075/2959386356500108321312752
13 7 0 38242284107118348793185359/62147113486502274747567792
13 7 3 482906330810339817099623/2589463061937594781148658
13 7 8 12315077439935770343991481/62147113486502274747567792
13 8 0 17803890848040566316454903/62147113486502274747567792
13 8 6 26386975021299009382306049/62147113486502274747567792
13 8 9 35627475430878371128585/123307764854171180054698
13 9 0 63291042524851069378591/1294731530968797390574329
13 9 1 8195601164100453125366261/20715704495500758249189264
13 9 2 3835815550334229337921849/6905234831833586083063088
13 10 2 33802104997943672466069701/62147113486502274747567792
13 10 5 1940024721496695669975619/10357852247750379124594632
13 10 7 16704860159578428261644377/62147113486502274747567792
13 11 1 203473358780217441928057/5178926123875189562297316
13 11 4 539319606648705172783925/3452617415916793041531544
13 11 5 1190420958606261246055249/1479693178250054160656376
13 12 0 3244963129289946104257957/8878159069500324963938256
13 12 1 983683403143710929409707/2219539767375081240984564
13 12 4 188718036403948349115719/986462118833369440437584
13 13 0 3587551033489989936667321/62147113486502274747567792
13 13 4 58559562453012284810900471/62147113486502274747567792
14 0 2 8183561380648087416522577/20715704495500758249189264
14 0 3 216832049154837354410725/4439079534750162481969128
14 0 5 13008102239128049698158221/31073556743251137373783896
14 0 6 478755695597737757463431/8878159069500324963938256
14 0 10 1298321577237506459422363/15536778371625568686891948
14 1 3 3430794853661065679054507/31073556743251137373783896
14 1 5 176435309105326745604287/3884194592906392171722987
14 1 9 35782468804069186978189769/62147113486502274747567792
14 1 13 16055047807062563880224785/62147113486502274747567792
14 1 15 620081569804726787079/61653882427085590027349
14 2 1 5255801068334102783766635/8878159069500324963938256
14 2 8 2132023830617712652515731/8878159069500324963938256
14 2 9 745167085274254763827945/4439079534750162481969128
14 3 2 22873698703962056485475677/62147113486502274747567792
14 3 10 39273414782540218262092115/62147113486502274747567792
14 4 2 18644734183535940486946909/62147113486502274747567792
14 4 3 16895994519169093983531689/62147113486502274747567792
14 4 7 1564714943056997775026987/6905234831833586083063088
14 4 8 4174650098761420100615437/20715704495500758249189264
14 5 4 2486665585045017581299299/6905234831833586083063088
14 5 6 2193300429446565122997911/10357852247750379124594632
14 5 11 8869106881472575259295545/20715704495500758249189264
14 6 2 15308003344114594223313853/31073556743251137373783896
14 6 9 15765553399136543150470043/31073556743251137373783896
14 7 3 9382512661579372605883/15536778371625568686891948
14 7 7 9484337882564219575146697/31073556743251137373783896
14 7 8 10416662678396451893559457/15536778371625568686891948
14 7 10 737128478570855266306519/31073556743251137373783896
14 8 0 65855091527292219015469/10357852247750379124594632
14 8 2 3440781343915550535796753/62147113486502274747567792
14 8 4 1338043977328613496800177/1726308707958396520765772
14 8 5 10141618409592885012871853/62147113486502274747567792
14 9 5 5984156598362894826110491/31073556743251137373783896
14 9 7 25089400144888242547673405/31073556743251137373783896
14 10 1 5974001359856222503284427/10357852247750379124594632
14 10 5 4383850887894156621310205/10357852247750379124594632
14 11 6 1
14 12 0 5633195940210378859680299/8878159069500324963938256
14 12 4 3244963129289946104257957/8878159069500324963938256
14 13 0 11551941354130443683075341/20715704495500758249189264
14 13 1 9163763141370314566113923/20715704495500758249189264
14 14 0 4273763144759876970555641/10357852247750379124594632
14 14 3 6084089102990502154038991/10357852247750379124594632
15 0 1 7172702972098472224081679/31073556743251137373783896
15 0 4 503542686777761147994947/8878159069500324963938256
15 0 12 14758969578287000754479935/20715704495500758249189264
15 1 4 33217765174512017966405731/62147113486502274747567792
15 1 6 18035754781713175753257049/62147113486502274747567792
15 1 9 2723398382569270256976253/15536778371625568686891948
15 2 2 930801336200994234535127/10357852247750379124594632
15 2 5 44448920363237454927841/5178926123875189562297316
15 2 6 974155042367074373470013/2959386356500108321312752
15 2 9 21893428866793019666279467/62147113486502274747567792
15 2 13 145194834036048453313901/739846589125027080328188
15 2 14 740933804703904146852757/31073556743251137373783896
15 3 5 2907511952448417381849541/15536778371625568686891948
15 3 6 15789647029533986870291279/62147113486502274747567792
15 3 9 3858602071908290927764261/6905234831833586083063088
15 4 6 22615026038686273147179373/31073556743251137373783896
15 4 12 8458530704564864226604523/31073556743251137373783896
15 5 0 10358802769452929261974387/20715704495500758249189264
15 5 3 2467878416893513735520147/62147113486502274747567792
15 5 8 1356575161355155306509617/3884194592906392171722987
15 5 9 1724406044891872080492653/15536778371625568686891948
15 6 3 1458786722876880118968593/8878159069500324963938256
15 6 4 8395872517191791423049961/62147113486502274747567792
15 6 7 19373570379807730047494947/31073556743251137373783896
15 6 11 2396296574778431198373893/31073556743251137373783896
15 7 2 3308960289968114609186497/31073556743251137373783896
15 7 4 1882869440842017554220695/2219539767375081240984564
15 7 5 1404424281494777005507669/31073556743251137373783896
15 8 7 1929852913453543414989271/4439079534750162481969128
15 8 8 2509226621296619066979857/4439079534750162481969128
15 9 1 765356200365095491210847/15536778371625568686891948
15 9 2 3069419281499356745141239/6905234831833586083063088
15 9 3 4150451269632840604967663/31073556743251137373783896
15 9 6 7518430115092313526700517/62147113486502274747567792
15 9 8 7820791248594843669908705/31073556743251137373783896
15 10 0 5635742423874111939617251/8878159069500324963938256
15 10 7 3242416645626213024321005/8878159069500324963938256
15 11 3 1
15 12 1 1910135027394142733887023/3452617415916793041531544
15 12 5 1542482388522650307644521/3452617415916793041531544
15 13 2 11551941354130443683075341/20715704495500758249189264
15 13 3 1493983649413809610104653/3884194592906392171722987
15 13 4 3587551033489989936667321/62147113486502274747567792
15 14 0 6084089102990502154038991/10357852247750379124594632
15 14 1 4273763144759876970555641/10357852247750379124594632
15 15 1 14799649893054713420585429/31073556743251137373783896
15 15 2 16273906850196423953198467/31073556743251137373783896
16 0 3 1343890455205281208680607/20715704495500758249189264
16 0 9 22975709226556987156846993/62147113486502274747567792
16 0 10 3089011808555151937848917/6905234831833586083063088
16 0 14 7338626617333076524038725/62147113486502274747567792
16 1 5 9697855796458239613440197/15536778371625568686891948
16 1 7 5838922575167329073451751/15536778371625568686891948
16 2 4 1254161385114437863988705/7768389185812784343445974
16 2 6 782227801225386520535203/31073556743251137373783896
16 2 10 32509373237978800649813755/62147113486502274747567792
16 2 11 8911366619544664978266139/62147113486502274747567792
16 2 12 2282156736403133291626963/15536778371625568686891948
16 3 4 2456916104365267784264903/4439079534750162481969128
16 3 7 9371886671827396761244057/31073556743251137373783896
16 3 8 750542890144477687114253/5178926123875189562297316
16 4 4 591294908989812382474451/2589463061937594781148658
16 4 6 8458530704564864226604523/31073556743251137373783896
16 4 9 15519487130808524557485961/31073556743251137373783896
16 5 4 323270209157855567437015/1294731530968797390574329
16 5 6 971461321810941823137314/1294731530968797390574329
16 6 2 173661523022199823550693/8878159069500324963938256
16 6 8 11749541688096936064392491/20715704495500758249189264
16 6 9 6420714440264016947383867/15536778371625568686891948
16 7 1 224264376990650287965397/1294731530968797390574329
16 7 5 16651358974614221067817345/62147113486502274747567792
16 7 7 34731064416336839857411391/62147113486502274747567792
16 8 3 1549175129131018963432393/2219539767375081240984564
16 8 4 2406806495545041014959/137190095996693763239664
16 8 5 4310165745699764274640637/15536778371625568686891948
16 8 7 48807060616975899235757/6905234831833586083063088
16 9 0 18721863436446999072209849/62147113486502274747567792
16 9 1 2245632557186810038048723/7768389185812784343445974
16 9 5 6870499088913364540433857/62147113486502274747567792
16 9 8 9294845251823715415267151/31073556743251137373783896
16 10 1 16689131423049161813799/3452617415916793041531544
16 10 2 28345008488558602281498091/62147113486502274747567792
16 10 3 1516144340233507262920811/8878159069500324963938256
16 10 4 3436488765461258014828609/10357852247750379124594632
16 10 7 9006974833042415174619/246615529708342360109396
16 11 0 5711041995767149747557319/62147113486502274747567792
16 11 1 13105861868004054812563741/31073556743251137373783896
16 11 2 3704770348172982429436703/10357852247750379124594632
16 11 4 2665241888563040266087591/20715704495500758249189264
16 12 3 8835707133226961971026553/31073556743251137373783896
16 12 4 630829295434611349721767/3884194592906392171722987
16 12 5 1910135027394142733887023/3452617415916793041531544
16 13 0 1493983649413809610104653/3884194592906392171722987
16 13 3 2390210943492582561618334/3884194592906392171722987
16 14 2 1
16 15 0 1
16 16 0 1/18
16 16 1 17/18
17 0 11 7167137344384300769475509/8878159069500324963938256
17 0 13 6248751971751159641767223/62147113486502274747567792
17 0 14 2864200052030504859736003/31073556743251137373783896
17 1 6 128222649943893488014677/3452617415916793041531544
17 1 8 17/18
17 1 11 572304858463355128633679/31073556743251137373783896
17 2 7 59266800929048836834669927/62147113486502274747567792
17 2 10 2880312557453437912897865/62147113486502274747567792
17 3 4 3377753503726157076306437/10357852247750379124594632
17 3 6 2880312557453437912897865/62147113486502274747567792
17 3 7 39000279906691894376831305/62147113486502274747567792
17 4 4 4174650098761420100615437/20715704495500758249189264
17 4 8 16541054396739338148573827/20715704495500758249189264
17 5 5 3321663667978033236032141/3452617415916793041531544
17 5 6 130953747938759805499403/3452617415916793041531544
17 6 5 6112778788555481973972271/7768389185812784343445974
17 6 6 1655610397257302369473703/7768389185812784343445974
17 7 3 472611917352425151331273/5178926123875189562297316
17 7 4 286676306105352311689069/3884194592906392171722987
17 7 6 12972237395146883986141853/15536778371625568686891948
17 8 2 11883563434074581073346/54706966097273129179197
17 8 4 613678426675727870618333/2959386356500108321312752
17 8 6 35760138465203265365261743/62147113486502274747567792
17 9 3 41061393954240889598942719/62147113486502274747567792
17 9 4 413503281826859340799577/2959386356500108321312752
17 9 6 43669544415131475323359/218827864389092516716788
17 10 1 13680819760443771532215593/62147113486502274747567792
17 10 3 48466293726058503215352199/62147113486502274747567792
17 11 2 617116151147390166125121/6905234831833586083063088
17 11 4 14814544967045486946398123/20715704495500758249189264
17 11 5 289272219643792914601127/1479693178250054160656376
17 12 2 11174311731358037579911067/15536778371625568686891948
17 12 4 4362466640267531106980881/15536778371625568686891948
17 13 1 11551941354130443683075341/20715704495500758249189264
17 13 2 9163763141370314566113923/20715704495500758249189264
17 14 1 6084089102990502154038991/10357852247750379124594632
17 14 3 4273763144759876970555641/10357852247750379124594632
17 15 1 16273906850196423953198467/31073556743251137373783896
17 15 2 14799649893054713420585429/31073556743251137373783896
17 16 0 17/18
17 16 1 1/18
17 17 0 1
