# exact hook decomposition of the 7-box: a s i value
0 0 0 1/7
0 0 1 1/7
0 0 2 1/7
0 0 3 1/7
0 0 4 1/7
0 0 5 1/7
0 0 6 1/7
1 0 0 3/35
1 0 3 2/35
1 0 4 1/5
1 0 5 8/35
1 0 6 3/7
1 1 0 12/35
1 1 1 3/35
1 1 2 12/35
1 1 3 1/35
1 1 4 1/5
2 0 0 3/35
2 0 1 5/7
2 0 3 1/5
2 1 3 2/5
2 1 4 2/35
2 1 5 19/35
2 2 0 22/35
2 2 2 3/35
2 2 3 4/35
2 2 4 6/35
3 0 0 24/35
3 0 1 1/7
3 0 2 2/35
3 0 4 4/35
3 1 1 19/35
3 1 5 16/35
3 2 2 2/7
3 2 3 3/7
3 2 4 2/7
3 3 0 11/35
3 3 1 11/35
3 3 2 4/35
3 3 3 9/35
4 0 3 2/5
4 0 5 6/35
4 0 6 3/7
4 1 0 23/35
4 1 2 3/10
4 1 4 3/70
4 2 1 13/35
4 2 3 3/35
4 2 4 19/35
4 3 1 1/14
4 3 2 4/5
4 3 3 9/70
4 4 0 22/35
4 4 1 13/70
4 4 2 13/70
5 0 4 19/35
5 0 5 16/35
5 1 1 9/70
5 1 2 6/35
5 1 4 7/10
5 2 0 13/35
5 2 1 22/35
5 3 0 24/35
5 3 1 1/7
5 3 2 3/35
5 3 3 3/35
5 4 0 13/70
5 4 2 57/70
5 5 0 23/70
5 5 1 47/70
6 0 2 4/5
6 0 3 1/5
6 1 1 17/70
6 1 2 13/70
6 1 3 4/7
6 2 2 22/35
6 2 3 13/35
6 3 1 33/70
6 3 3 37/70
6 4 0 13/70
6 4 1 57/70
6 5 0 47/70
6 5 1 23/70
6 6 0 1
